%% Trajectory 17
0 142.252884 41.314190 0.962068 2.031181 90.420074
1 141.947083 41.155636 1.000108 1.831752 29.652161
2 142.255539 41.382168 0.824848 2.016711 51.317005
3 142.129669 41.628437 0.933511 1.878964 33.204330
4 142.198349 41.316368 0.832470 2.005064 50.628952
5 142.409439 41.442520 0.678934 2.269387 41.201138
6 142.211075 41.369053 0.751328 1.981104 22.604139
7 142.338791 41.461346 0.707534 1.957357 37.537815
8 142.369156 41.591663 0.860080 2.262068 60.368462
9 142.339752 41.658722 0.845823 1.998999 64.985214
10 142.256256 41.304382 0.805761 1.827299 11.605905
11 142.213501 41.188080 0.916312 1.911125 32.411972
12 142.120590 41.272884 0.944750 1.876595 44.643082
13 142.379837 41.408699 0.804407 1.982481 35.792542
14 142.400604 41.444225 0.800044 2.189530 82.515999
15 141.825424 41.360603 0.907961 2.179729 43.920193
16 141.922409 41.327042 0.978950 2.013403 69.578300
17 142.176437 41.239368 1.217918 1.969987 19.986246
18 142.169968 41.564610 0.676763 2.244694 33.804607
19 142.230759 41.210899 0.932515 1.961439 49.732117
20 142.141678 41.261257 0.992527 2.016584 61.800339
21 142.238525 41.212025 0.885166 1.939018 38.364189
22 142.381607 41.613049 1.015998 2.171365 77.375893
23 142.124252 41.088509 1.212051 2.176359 86.298325
24 141.982941 41.290508 1.215167 2.029665 44.796661
25 142.366806 41.302933 1.032768 2.373384 91.847763
26 142.131622 41.293694 1.166236 2.049057 44.578838
27 141.995895 41.187786 1.252255 2.027874 38.923439
28 142.019226 41.308243 1.266610 2.025977 30.479591
29 142.412598 41.304119 1.274114 2.282485 57.208134
30 142.194702 41.289528 1.041919 1.962354 38.688225
31 142.077103 41.388573 1.378535 1.975847 18.100250
32 142.039993 41.269909 1.286143 2.164865 33.675083
33 142.225403 41.083790 1.091796 1.931094 29.589792
34 142.333908 41.480465 1.305260 2.161304 43.232922
35 142.082520 41.476017 1.170300 2.131532 46.513176
36 142.189133 41.395412 1.246453 2.144486 28.653957
37 142.132675 41.532368 1.324926 2.105007 33.548023
38 142.161728 41.306988 1.229087 2.220173 35.789772
39 141.918747 41.170654 1.627343 2.088606 20.647715
40 142.120590 41.497826 1.266641 2.161702 33.913078
41 142.164993 41.464806 1.366120 2.173282 39.326656
42 142.122162 41.011818 1.219467 2.020711 27.449022
43 142.006683 41.409012 1.322503 2.237953 65.131340
44 141.857086 40.959442 1.491840 2.175689 40.280655
45 142.088226 41.322365 1.807335 2.060728 40.643700
46 141.991898 41.222622 1.667838 2.119625 30.751595
47 142.169113 41.083927 1.886050 2.218152 51.778870
48 142.139236 41.241859 1.794220 2.105129 65.703552
49 142.137924 41.120628 2.269176 2.128587 35.893013
50 141.969131 40.969345 1.883907 2.099529 22.954699
51 142.241455 41.170242 1.514729 2.166181 48.958141
52 142.303787 41.276180 1.760044 2.040582 52.898361
53 142.192429 41.163506 1.698578 2.033941 50.163071
54 142.200928 41.092113 1.991714 2.099626 45.660812
55 142.063507 41.216393 1.824222 2.090763 31.527023
56 142.159332 41.215172 1.933666 2.197725 45.798645
57 141.935822 41.282326 2.050628 2.048937 37.060928
58 142.156799 41.219509 1.559524 2.035623 28.299162
59 142.168076 41.025932 1.360790 2.263853 97.623474
60 142.121033 41.293781 1.621340 2.103478 56.170238
61 141.999802 41.399677 1.764976 2.107986 77.917633
62 142.135040 41.165791 1.663542 2.175972 75.441109
63 142.192490 41.413692 1.637692 2.032071 68.291641
64 142.024399 41.276218 1.887265 2.084843 45.209373
65 141.904739 41.204308 1.693022 2.162076 64.939705
66 142.058624 41.247124 2.302949 2.150126 67.988258
67 141.824402 41.399662 1.752151 2.432333 81.054703
68 142.096970 41.441109 1.805673 2.120376 80.275528
69 141.930344 41.539894 1.756190 2.187364 54.063423
70 142.051498 41.224827 1.809697 2.309940 70.165520
71 142.069473 41.336830 2.101446 2.255129 44.075409
72 141.881363 41.249363 1.958090 2.159232 53.099106
73 142.167175 41.200142 1.893894 2.297458 84.561340
74 142.098923 41.455048 1.932404 2.202285 65.842934
75 141.962509 41.438961 2.032311 2.392367 47.534603
76 141.914474 41.220688 1.920855 2.044951 40.676781
77 142.003036 41.426357 1.625319 2.149466 65.211174
78 141.757507 41.332691 1.551844 2.273421 72.391312
79 142.062271 41.582954 2.032324 2.161490 46.864845
80 141.865509 41.399918 1.919498 2.111978 30.876673
81 142.082016 41.487164 1.558844 2.324259 61.578815
82 141.926987 41.623516 1.775584 2.114022 58.216934
83 141.858582 41.471249 1.907814 2.162008 78.208344
84 142.027771 41.517693 1.881813 2.290238 81.053291
85 142.054047 41.388695 1.834889 2.109891 56.229073
86 141.832764 41.429756 1.615179 2.221684 57.957016
87 141.715973 41.273251 1.604195 2.234646 73.644333
88 141.864548 41.514565 1.856067 2.267120 73.206825
89 141.866119 41.722107 1.860208 2.095680 59.236454
90 141.629456 41.655678 2.222486 2.219444 63.961781
91 141.722504 41.387009 2.185908 2.238559 71.370735
92 141.708435 41.433594 2.212205 2.383504 83.072723
93 141.678787 41.466690 2.428593 2.376646 45.265873
94 141.566086 41.581024 2.365170 2.360238 64.283829
95 141.599945 41.454136 2.916429 2.290082 9.700574
96 141.415176 41.401611 2.713730 2.337231 23.916142
97 141.509811 41.534340 2.832861 2.441127 20.805716
98 141.500870 41.372746 2.536682 2.490430 51.919586
99 141.431915 41.355995 2.818054 2.236038 28.266085
100 141.337021 41.541527 2.985464 2.261957 44.466450
101 141.222366 41.525555 2.832240 2.227694 44.342770
102 141.323318 41.582466 2.706850 2.163591 31.976614
103 141.290253 41.577339 2.727534 2.267559 43.058796
104 141.369812 41.550419 2.560083 2.237374 39.915749
105 140.978943 41.466881 2.788284 2.177987 14.758757
106 141.318573 41.502090 2.442796 2.338855 51.209442
107 141.265060 41.422646 3.051907 2.190414 7.081722
108 141.202881 41.348339 2.260230 2.208156 62.515312
109 141.055786 41.385746 2.438531 2.250447 57.914276
110 141.048203 41.321915 2.769777 2.158792 42.374065
111 141.155807 41.377419 2.798832 2.139578 13.421976
112 141.077454 41.348835 2.774740 2.128062 11.116434
113 140.989258 41.192829 2.706861 2.154392 23.785934
114 140.935852 41.256794 2.547156 2.088920 24.059381
115 140.862549 41.347691 2.701711 2.220580 33.985683
116 140.843384 41.157036 2.627404 2.166650 34.631657
117 141.000641 41.178337 2.852149 2.126960 25.091904
118 140.858994 41.369106 2.385646 2.295417 65.158623
119 140.927673 41.291340 2.634542 2.177277 17.451162
120 140.861191 41.354641 2.543584 2.257257 27.248697
121 140.785858 41.322273 2.673377 2.322150 40.521027
122 140.813858 41.280018 2.242768 2.143437 44.261852
123 140.931488 41.382103 2.707062 2.067567 14.563933
124 140.665634 41.193367 2.842077 2.400612 21.835167
125 140.858475 41.170853 2.739346 2.132450 8.916385
126 140.678131 41.377045 2.568346 2.239710 30.834457
127 140.675476 41.210106 2.785666 2.087661 11.276670
128 140.707077 41.169823 2.585363 2.044933 51.263092
129 140.573990 41.288765 2.857240 2.240918 20.871815
130 140.584564 41.189751 2.714954 2.278537 20.475479
131 140.700562 41.260693 2.958229 2.124093 11.525997
132 140.732407 41.215660 2.284482 2.083381 31.515844
133 140.816666 41.117134 2.578861 2.163490 25.631201
134 140.551239 41.050125 2.478728 2.249934 26.751083
135 140.586273 40.885242 2.625343 2.368820 44.843430
136 140.837723 41.210026 2.369902 2.158950 13.360211
137 140.573792 40.936745 2.198800 2.232497 58.028019
138 140.844391 40.948948 1.928506 2.152803 71.665291
139 140.597488 41.012161 2.132824 2.208300 72.545670
140 140.610779 40.976463 2.126505 2.263577 38.327282
141 140.583405 40.900230 2.096138 2.201462 38.820530
142 140.569275 40.875092 2.372878 2.245770 26.157818
143 140.617081 40.886120 2.262631 2.308186 23.295576
144 140.507904 40.717442 2.055121 2.321585 79.374771
145 140.698013 40.778275 2.173788 2.255078 56.073433
146 140.629028 40.557491 1.842907 2.279580 88.647400
147 140.243790 40.877201 2.245284 2.168743 19.471855
148 140.296494 40.564476 1.938139 2.358843 75.388725
149 140.263260 40.526852 1.804546 2.608109 54.068237
150 139.895905 40.461010 1.696012 2.290333 97.908707
151 139.898331 40.602871 1.425646 2.382108 90.812233
152 139.862137 40.914310 1.590121 2.506638 82.210594
153 139.516602 40.832886 1.659839 2.326514 88.035904
154 139.280136 40.974846 1.500364 2.071701 57.289284
155 139.067047 40.783226 1.587655 2.037631 73.728889
156 139.300919 40.951645 1.634577 1.946359 45.001133
157 139.358841 41.210403 1.630150 2.281333 57.177235
158 139.272736 41.229439 1.574929 2.296964 91.299210
159 138.682495 41.645660 2.059750 2.125788 68.466492
160 138.739716 41.828228 2.056570 2.281871 63.040928
161 138.665558 41.842464 2.341703 2.204241 51.153328
162 138.679520 42.107067 1.660758 1.996697 55.623421
164 138.372452 41.779484 1.875533 2.172557 72.147537
165 138.124664 42.044628 2.015947 1.950817 49.150745
166 137.957077 41.863010 1.946689 1.979467 50.384384
167 138.236374 42.560955 2.222089 2.312168 62.682438
168 138.034821 42.125507 1.868304 1.862712 41.204449
169 137.542252 41.662567 1.525105 2.142419 17.491957
170 137.741974 41.508011 1.560046 2.186372 46.061596
171 137.994904 41.288395 1.677676 2.042894 57.542664
172 137.966660 41.124496 1.408003 1.947803 47.398201
173 137.757584 40.800747 2.125278 1.970778 50.369907
174 137.303192 40.941032 1.588436 2.181070 60.291508
175 137.827225 41.655376 1.983939 2.182756 62.670715
176 137.479553 42.043060 2.320058 2.086524 51.403461
178 137.929977 41.916389 1.872947 2.226786 45.337692
179 138.137543 42.124538 2.209388 2.065410 63.852962
180 138.199173 42.303852 1.734616 2.120853 54.235958
181 138.400391 42.308468 1.429867 2.429235 46.066933
182 138.704285 42.207130 1.720793 2.184926 36.809929
183 137.819107 42.310661 1.660276 2.174570 44.763756
184 138.072479 42.527245 2.180923 2.132626 66.491638
186 138.621033 42.398155 1.042518 2.357561 50.639870
187 138.913254 42.275913 0.967121 2.341151 23.873156
188 139.081818 41.404491 1.258276 2.588996 45.999870
190 137.249649 41.059586 0.924919 2.786113 27.709694
191 136.716599 40.695736 1.113591 2.237668 49.448540
192 137.189529 41.290291 1.076390 2.344686 50.835266
194 137.962280 40.942268 1.081648 2.082069 23.144392
195 138.245117 40.842701 0.813699 2.164212 18.413944
%% Trajectory 144
196 138.361496 40.066624 1.163188 2.743201 27.069445
199 138.008148 40.310043 0.954959 2.432376 56.131897
202 139.274429 42.726768 0.760970 2.528171 61.034679
204 138.351639 41.202061 0.920138 2.647907 86.808289
205 138.879318 41.261070 0.811695 2.873510 29.689384
206 137.991776 41.024281 0.847164 2.498161 50.806084
208 138.632263 39.923050 1.032824 3.081252 14.959326
209 138.130310 40.165722 0.870116 2.405985 54.242805
211 138.931549 39.962673 1.613983 2.242494 57.192387
212 138.511108 39.496727 1.474761 2.648694 62.088966
213 139.173111 39.501049 1.003420 2.872927 55.052101
