%% Trajectory 15
0 91.717087 147.342484 0.595249 2.570585 216.688080
1 91.900589 147.236771 0.710466 2.373785 171.009811
2 91.738937 147.391907 0.669227 2.471051 173.250641
3 91.935928 147.061859 0.693865 2.349590 188.872818
4 91.411118 147.085434 0.671255 2.755049 150.603210
5 91.539131 147.134521 0.643430 2.675284 135.068985
6 91.984268 147.188736 0.677071 2.415166 197.019226
7 91.404640 146.999146 0.717125 2.347274 159.778549
8 91.336075 147.197235 0.708200 2.437739 159.014725
9 91.561699 147.201431 0.667465 2.305895 183.169037
10 91.487747 147.137619 0.777884 2.448682 173.978363
11 91.743675 146.982040 0.763360 2.400200 176.382431
12 91.692818 147.085159 0.866813 2.228623 171.203552
13 91.621384 147.215607 0.747640 2.399662 179.751968
14 91.765015 147.179123 0.759127 2.361214 189.197250
15 91.582108 147.145477 0.920886 2.386178 178.786972
16 91.265884 146.821640 0.801149 2.291594 163.349884
17 91.231384 147.175552 0.740512 2.269344 148.306686
18 91.761452 147.129944 0.714402 2.149715 124.500214
19 91.695404 147.118027 0.888534 2.111376 113.548264
20 91.792862 146.986145 0.788678 2.329557 175.577423
21 91.625740 147.301788 0.727786 2.318482 174.227570
22 91.728676 147.034195 0.719555 2.383346 154.872208
23 91.397179 147.073669 0.762314 2.435151 164.756927
24 91.213951 146.918137 0.770777 2.376395 145.700363
25 91.618301 147.061035 0.809849 2.490029 135.281555
26 91.599380 147.038269 0.963927 2.259197 136.478210
27 91.270416 146.975800 0.902654 2.587544 127.368271
28 91.706284 147.198898 0.757227 2.448776 189.095825
29 91.689705 147.367386 0.903627 2.458699 176.014297
30 91.501312 147.104813 1.076583 2.381914 149.915405
31 91.359924 147.048538 1.195376 2.325636 141.694748
32 91.674522 147.046722 1.128188 2.375212 149.030182
33 91.684258 147.276077 1.057331 2.454528 136.178833
34 91.647308 147.144714 0.947942 2.349624 150.050079
35 91.657661 147.096451 1.085476 2.354982 113.357841
36 91.707268 147.083939 1.172688 2.378210 137.628098
37 91.584579 147.167877 1.150953 2.377125 143.098190
38 91.701881 147.030640 1.363528 2.387697 110.623978
39 91.487343 147.027908 1.080865 2.427961 117.702087
40 91.339348 146.979431 1.076535 2.437444 104.123863
41 91.352386 147.161224 1.236821 2.285418 145.524796
42 91.724831 147.231552 1.152842 2.584888 103.123657
43 91.512497 147.055191 1.204749 2.361231 147.042679
44 91.656441 147.200394 1.331104 2.335001 125.967758
45 91.714775 147.049164 1.320047 2.372283 126.598282
46 91.691208 146.914124 1.183444 2.334997 154.392899
47 91.891457 147.045212 1.151984 2.366726 136.336761
48 91.590263 147.107132 1.301885 2.270472 144.297455
49 91.538116 146.978180 1.321948 2.301301 122.017998
50 91.820786 147.260452 1.200592 2.283963 133.985657
51 91.733849 147.026321 1.338343 2.274383 134.572815
52 91.776222 146.973312 1.285808 2.233038 149.893112
53 91.827957 146.999084 1.180710 2.293792 176.311966
54 91.643562 146.958817 1.290066 2.265383 125.243881
55 91.303284 147.096405 1.292881 2.294588 125.909409
56 91.561600 147.048538 1.290726 2.372704 130.860443
57 91.522820 147.179916 1.157692 2.345309 147.056152
58 91.820511 147.038498 1.416409 2.490873 128.799606
59 91.474663 147.083694 1.415203 2.419204 112.875916
60 91.735550 147.092484 1.375148 2.191254 131.210541
61 91.827332 146.958359 1.267260 2.203300 142.490311
62 91.233200 147.123642 1.361937 2.293727 148.981476
63 91.523438 146.977814 1.472355 2.340298 126.909126
64 91.478928 146.877594 1.435659 2.294223 120.720985
65 91.705956 147.137634 1.590047 2.286798 131.903381
66 91.724876 146.868042 1.300092 2.305251 163.393509
67 91.650009 147.074097 1.502438 2.380418 142.130127
68 91.824120 146.966934 1.436810 2.167581 163.485031
69 91.487976 146.951508 1.324976 2.348774 166.654572
70 91.327568 146.825653 1.206366 2.248765 183.195877
71 91.591660 147.094284 1.386309 2.381325 145.335220
72 91.458061 147.075455 1.331584 2.341881 128.659744
73 91.397568 146.885773 1.422785 2.275463 148.517471
74 91.590813 147.015121 1.373599 2.417243 114.074043
75 91.610420 146.921112 1.500831 2.371381 122.739632
76 91.617477 146.993866 1.394594 2.256062 163.379822
77 91.423088 146.709595 1.586435 2.431559 157.011581
78 91.437241 146.733337 1.793629 2.415464 113.925911
79 91.501160 146.834579 1.528999 2.403198 163.373428
80 91.580490 146.857132 1.514332 2.238798 176.378632
81 91.435677 146.797089 1.625542 2.315976 138.445114
82 91.536995 146.896683 1.442887 2.400365 140.003189
83 91.304832 146.818542 1.263144 2.394653 139.441666
84 91.518410 146.917664 1.506336 2.373370 113.402061
85 91.335823 146.810410 1.574893 2.286823 81.349022
86 91.395981 146.844635 1.474011 2.339437 114.092758
87 91.397423 146.755203 1.755349 2.216331 84.320221
88 91.431908 146.730194 1.635727 2.400286 116.488594
89 91.330505 146.810806 1.648751 2.265785 135.515228
90 91.339813 146.622513 1.753982 2.317096 102.058098
91 91.386604 146.595291 1.710627 2.486022 110.019859
92 91.251984 146.600739 1.721333 2.327864 122.512306
93 91.442352 146.723343 1.942319 2.395348 95.419556
94 91.552299 146.696121 1.784407 2.428655 105.458405
95 91.319572 146.517273 2.045254 2.457375 80.463699
96 91.275154 146.588043 1.730861 2.454283 75.741119
97 91.280281 146.447250 1.885976 2.403166 73.279190
98 91.203300 146.731628 1.743156 2.243627 89.706100
99 91.313774 146.660797 1.786014 2.382043 77.909630
100 91.051636 146.488312 1.689183 2.416950 82.795631
101 91.242439 146.420074 1.786143 2.487820 73.976891
102 91.146713 146.464554 1.731313 2.404309 71.090843
103 91.234520 146.428192 1.671998 2.588141 65.578812
104 91.143227 146.498886 1.634538 2.470355 95.693695
105 91.278938 146.458450 1.641232 2.371689 102.368332
106 90.942268 146.288376 1.839016 2.209073 65.055389
107 91.091682 146.430161 1.814714 2.267736 91.814781
108 90.906326 146.416702 1.985054 2.333527 66.514038
109 91.000793 146.331024 1.937082 2.213811 85.349854
110 90.927971 146.396255 1.753681 2.388778 89.861092
111 91.022545 146.311600 1.687280 2.193563 112.025665
112 91.208511 146.499100 1.706359 2.453521 99.770973
113 90.944496 146.483734 1.737924 2.283775 139.559692
114 91.116249 146.135452 1.344090 2.295258 164.538223
115 90.773766 146.419266 1.760229 2.320673 107.944199
116 91.080360 146.232483 1.775623 2.245644 93.559013
117 90.846802 146.222626 1.915817 2.138352 86.307816
118 90.965950 146.266754 1.471453 2.161297 147.483337
119 90.973213 146.209961 2.019971 2.289732 94.076500
120 90.931847 146.222321 2.196144 2.188905 81.901245
121 91.058022 146.014236 2.167058 2.278789 64.210037
122 90.848434 146.227936 1.796725 2.192788 107.590004
123 90.908905 146.309204 1.610426 2.259841 134.898209
124 90.923294 146.337311 2.201857 2.333860 89.354042
125 90.894264 146.247925 2.005763 2.294636 83.845032
126 91.040466 146.288788 2.085634 2.215042 68.507034
127 90.698303 146.183594 2.222787 2.317281 90.553268
128 90.779282 146.269196 2.110782 2.338046 79.975899
129 90.749825 146.194321 2.052317 2.178690 77.435349
130 90.670929 146.138214 2.163891 2.347076 79.840103
131 90.735298 146.149551 2.037899 2.349858 99.426659
132 90.703712 146.083084 1.951500 2.201667 76.416298
133 90.777512 145.877350 2.234360 2.184381 70.720894
134 90.789864 146.009720 2.134956 2.171598 70.667084
135 90.470833 145.933395 2.292219 2.272552 64.657692
136 90.458702 145.879227 2.108818 2.363016 80.984573
137 90.466652 145.862885 2.493220 2.233165 51.786777
138 90.406616 145.989761 2.794934 2.204480 22.936905
139 90.422974 146.064331 2.540233 2.189636 65.128922
140 90.608940 145.940155 2.924128 2.130160 41.943375
141 90.566399 145.951370 2.950940 2.245551 39.158951
142 90.446152 146.109695 3.462082 2.137692 9.808244
143 90.558113 145.933395 3.508960 2.188739 11.415414
144 90.664627 146.042542 3.149609 2.132420 16.326237
145 90.432800 145.886505 3.375740 2.152902 15.366868
146 90.473709 145.929428 2.860181 2.128898 33.159786
147 90.862206 145.692230 3.034256 2.083149 30.509459
148 91.184555 145.460617 3.284623 2.232160 24.603859
149 91.019012 145.491608 3.517963 2.232084 6.434932
150 90.983719 145.614609 3.501460 2.065157 1.059724
151 91.007362 145.525482 3.250979 2.149891 13.517642
152 91.103958 145.487259 3.000302 2.211448 23.971437
153 90.975594 145.694565 3.119747 2.022314 16.222878
154 90.694817 145.637177 2.260235 2.249399 78.776176
155 90.407204 145.719971 2.370943 2.260017 62.513321
156 90.394554 145.616287 2.557202 2.295086 43.654575
157 90.041260 145.738464 2.020671 2.111432 86.209503
158 89.564423 146.091263 2.250555 2.166422 60.995483
159 89.064186 145.538651 2.268800 2.170482 42.884674
160 89.056282 145.716690 2.575714 2.147465 55.056988
161 89.111855 145.985580 2.179141 2.030089 45.974270
162 89.739822 146.397629 2.064628 2.178915 64.590485
163 89.933418 146.641052 1.902901 2.121841 55.103146
164 89.730721 146.335052 2.126479 2.242314 42.406837
165 89.723473 146.281387 2.003115 2.226625 55.549660
166 89.910683 146.464066 1.997013 2.243798 81.080971
167 89.662407 146.278000 1.796163 2.206352 85.469315
168 89.606186 145.431183 2.002072 2.350785 69.602737
169 89.289116 145.544205 1.895055 2.246539 61.262756
170 89.632263 145.576782 1.992089 2.325581 47.974304
171 89.681694 145.864426 1.942004 2.154869 53.810883
172 88.965782 146.019730 1.902682 2.182992 49.347317
174 90.093460 145.959793 2.331158 2.037719 25.244139
175 89.870750 146.050674 2.505497 2.086458 35.932686
176 89.794617 146.061630 2.356914 2.003768 24.017708
177 89.255981 146.010269 2.528754 2.132469 25.641321
178 88.739929 146.193314 2.063708 2.066642 38.022499
179 88.832352 146.337128 1.799753 2.227659 53.924473
180 88.353348 146.668365 1.736110 2.192199 53.880871
181 88.745651 146.529495 1.856257 2.267267 76.053925
182 88.934486 146.237671 2.267059 2.024154 29.942976
183 88.758209 146.099777 1.911650 2.004761 37.545727
184 88.481331 145.529938 1.925831 2.304387 64.199783
185 88.553291 145.758896 1.937877 2.233414 60.216797
186 88.480614 144.846039 1.896611 2.287806 63.101788
187 88.711250 144.562393 1.538666 2.371233 88.405739
188 88.381317 144.444794 1.928451 2.425782 73.748894
189 88.386711 144.391251 1.639374 2.350834 71.164429
190 88.387474 144.439072 1.539668 2.310942 62.968815
191 88.130943 144.668945 1.301084 2.073808 75.368927
192 87.794014 144.280518 1.377474 2.176368 87.721115
193 87.390602 143.699768 1.302007 2.421309 122.580162
194 87.759041 143.274948 1.456795 2.455744 93.515327
195 88.074707 143.309311 1.360811 2.288352 77.344620
196 87.948425 143.749557 1.186820 2.066549 117.865807
197 87.634125 143.861267 0.765763 2.558085 259.955231
198 87.062744 143.767609 1.030553 2.493744 186.188385
199 87.260803 143.409622 1.252145 2.236752 106.494347
200 87.032875 143.172607 1.380847 2.267269 112.461815
201 87.125847 143.453445 0.999632 2.627638 136.496719
203 87.528419 144.499969 0.666686 2.755799 187.347137
204 88.190079 144.172836 0.591913 2.734237 192.607254
