%% Trajectory 315
226 100.025497 75.805550 0.871156 2.616547 101.684479
227 99.853119 75.809616 0.842787 2.578568 88.233955
229 99.910973 75.711319 0.803374 2.466612 131.964142
230 100.380463 75.754143 0.819267 2.489920 79.638863
233 99.813217 76.070084 0.938474 2.599240 79.406303
236 100.324829 76.001656 0.917926 2.567946 149.684555
238 99.942696 75.647385 0.918270 2.553490 99.853188
239 100.102356 75.912277 0.964643 2.328214 134.572815
240 99.911293 75.901009 0.944053 2.730460 121.326454
243 99.838707 75.744644 0.909429 2.363882 213.223740
244 100.088989 75.906685 0.885588 2.425977 114.789078
245 99.926826 75.697342 1.090618 2.514861 157.209732
247 99.867966 75.997536 0.934828 2.274030 157.653229
248 99.957565 75.955391 0.992782 2.368931 99.779755
249 99.841408 75.767769 0.991051 2.322897 190.451859
250 100.061531 75.234009 0.841182 2.552361 117.853012
251 100.177681 75.729454 0.856370 2.206175 144.903946
252 100.121758 75.647598 0.954119 2.435574 146.080566
253 100.132668 75.789093 0.886831 2.234133 186.219666
254 100.491158 76.125130 0.956849 2.523925 161.710999
255 100.093597 75.919167 1.055024 2.443890 135.863556
256 100.229340 76.052475 1.039940 2.568870 189.576630
257 100.141586 75.272858 1.080966 2.693141 95.478951
258 100.158569 75.742737 1.434215 2.509588 172.340881
259 100.058296 75.857315 1.290571 2.520594 174.095139
260 100.342300 75.743118 1.459850 2.567950 137.776215
261 100.230568 76.023666 1.446769 2.530072 164.113510
262 100.069496 75.929596 1.278609 2.415923 174.566376
263 100.243683 76.213020 1.067618 2.463725 156.961945
264 100.331276 75.850548 1.127126 2.359396 170.154358
265 100.007584 75.732437 1.126723 2.454556 173.723999
266 100.219383 76.025742 1.192792 2.678485 157.636688
267 100.022774 75.847816 1.427869 2.283448 166.962082
268 100.523514 75.985123 1.018294 2.338943 198.351990
269 100.153511 75.859924 1.067653 2.411539 168.803391
270 100.482307 75.952789 0.960949 2.518361 171.512726
271 100.196136 75.989075 1.440623 2.467607 212.489120
272 100.020416 75.835976 0.847683 2.484228 135.977554
273 100.210678 76.103088 1.202474 2.313345 185.005356
274 100.243088 76.205421 1.266340 2.481670 154.963104
275 100.359787 75.964943 0.915004 2.669642 125.370995
276 100.365341 75.925598 1.355128 2.576312 191.060501
277 100.317070 75.713005 0.987352 2.467306 120.179428
278 100.059547 76.173782 1.077229 2.352015 208.328140
279 100.434814 76.065659 1.096179 2.534068 186.114166
280 100.638138 76.063042 0.907681 2.507396 143.844482
281 100.619225 75.951218 1.144468 2.514110 172.086166
282 100.179649 75.906715 1.052607 2.051219 135.042053
283 100.505608 76.171097 1.097604 2.463585 196.987152
284 100.701309 76.639420 1.187457 2.310882 167.565109
285 100.355042 76.049911 1.099483 2.698763 107.380554
286 100.608871 76.173988 1.183677 2.123604 148.811020
287 100.518509 76.208862 1.044960 2.477085 150.069168
288 100.379852 76.184402 1.276116 2.433776 147.292984
289 100.724236 75.917953 1.146783 2.413802 201.267365
290 100.478523 75.935204 0.908649 2.558961 147.431747
291 100.764404 76.701920 0.780237 2.402703 139.217331
292 100.693405 76.325188 1.021714 2.277972 181.511536
293 100.748405 76.362961 1.245752 2.431926 232.963791
294 100.522232 75.974037 1.077284 2.495184 141.937454
295 100.790764 76.255295 1.245358 2.291834 196.102173
296 100.661591 75.985031 1.580907 2.285768 140.918503
297 100.719940 76.194092 1.221178 2.344748 174.715286
298 100.484329 76.187080 1.328193 2.395596 182.165421
299 100.785851 76.370712 1.055901 2.443363 152.402466
300 100.494698 76.127106 1.383431 2.487200 162.345108
301 100.463966 76.094978 1.226578 2.520900 191.893753
302 100.559494 76.612717 1.060501 2.557647 197.627319
303 100.620300 76.494453 1.180829 2.425184 194.317200
304 100.659775 76.649200 1.412624 2.397424 127.195801
305 100.615829 76.303551 1.255738 2.336042 199.303894
306 100.614655 76.208008 1.329079 2.407535 164.091949
307 100.702087 76.439896 1.255350 2.569976 178.045425
308 100.527931 76.319214 1.332041 2.284313 155.174805
309 100.639008 76.116600 1.457985 2.393951 174.939728
310 100.568077 76.490044 1.334372 2.632028 161.891937
311 100.676964 76.411530 1.277840 2.441816 210.279770
312 100.619392 76.675819 1.342341 2.500624 201.123856
313 100.693481 76.603241 1.250603 2.213150 165.850098
314 100.443138 76.362389 0.785841 2.388453 131.984512
315 100.996628 76.735695 0.880729 2.313923 135.337677
316 100.915070 76.403870 0.831353 2.078379 102.750015
317 101.168938 76.877800 1.095727 2.082919 156.787750
318 101.088562 76.398903 0.699176 2.352367 111.220505
319 101.695656 76.608376 0.972291 2.371795 185.851669
320 101.618095 76.663025 1.036829 2.388332 165.003922
321 101.821129 76.551132 0.973299 2.340331 133.813858
322 101.725349 76.446274 0.763497 2.373412 130.052429
323 102.035072 76.410126 0.825652 2.244714 111.962769
324 101.511002 76.154655 0.921700 2.391186 121.804207
325 101.622414 76.250420 0.933577 2.476332 112.410988
326 101.824944 76.491631 0.945194 2.084491 129.303894
327 101.644470 76.423645 1.007207 2.107378 138.420746
328 101.964455 76.617699 1.071322 2.276272 189.575745
329 101.518799 76.710770 0.780899 2.264825 116.342216
330 101.528824 76.613800 1.094571 2.331794 171.108170
331 101.785698 76.889847 1.031605 2.230500 153.748398
332 101.935379 77.166794 0.860963 2.066714 106.177765
333 101.987473 76.786072 1.028106 2.057704 145.456635
334 102.097946 76.704216 0.878555 2.135517 108.529793
335 102.210243 76.880043 0.754634 2.179781 157.706757
336 102.296768 76.306236 0.726885 2.340422 148.379425
337 102.322350 76.277962 0.925531 2.367713 187.890915
338 102.032738 76.315392 0.863477 2.106364 157.208267
339 101.888893 76.394424 0.799700 2.151726 163.648987
341 102.100159 76.429558 0.971858 2.351082 186.758545
342 101.868950 76.921623 0.993476 2.028333 117.519676
343 102.111458 77.076775 0.875698 2.141008 169.169373
346 103.655556 76.278923 0.749943 2.325026 164.019440
348 104.566696 77.611069 0.851400 2.394168 186.098297
