#                frames                  t (s)                x (pxl)                y (pxl)                      f
                  159.0     6.2700000000000085                    nan                    nan                    nan
                  160.0      6.374500000000008                    nan                    nan                    nan
                  161.0      6.479000000000008                    nan                    nan                    nan
                  162.0      6.583500000000008                    nan                    nan                    nan
                  163.0      6.688000000000008                    nan                    nan                    nan
                  164.0     6.7925000000000075                    nan                    nan                    nan
                  165.0      6.897000000000007                    nan                    nan                    nan
                  166.0      7.001500000000007                    nan                    nan                    nan
                  167.0      7.106000000000007                    nan                    nan                    nan
                  168.0      7.210500000000007                    nan                    nan                    nan
                  169.0      7.315000000000007                    nan                    nan                    nan
                  170.0      7.419500000000006                    nan                    nan                    nan
                  171.0      7.524000000000006                    nan                    nan                    nan
                  172.0      7.628500000000006                    nan                    nan                    nan
                  173.0      7.733000000000006                    nan                    nan                    nan
                  174.0      7.837500000000006                    nan                    nan                    nan
                  175.0     7.9420000000000055                    nan                    nan                    nan
                  176.0      8.046500000000005                    nan                    nan                    nan
                  177.0      8.151000000000005                    nan                    nan                    nan
                  178.0      8.255500000000005                    nan                    nan                    nan
                  179.0      8.360000000000005                    nan                    nan                    nan
                  180.0      8.464500000000005                    nan                    nan                    nan
                  181.0      8.569000000000004                    nan                    nan                    nan
                  182.0      8.673500000000004                    nan                    nan                    nan
                  183.0      8.778000000000004                    nan                    nan                    nan
                  184.0      8.882500000000004                    nan                    nan                    nan
                  185.0      8.987000000000004                    nan                    nan                    nan
                  186.0      9.091500000000003                    nan                    nan                    nan
                  187.0      9.196000000000003                    nan                    nan                    nan
                  188.0      9.300500000000003                    nan                    nan                    nan
                  189.0      9.405000000000003                    nan                    nan                    nan
                  190.0      9.509500000000003                    nan                    nan                    nan
                  191.0      9.614000000000003                    nan                    nan                    nan
                  192.0      9.718500000000002                    nan                    nan                    nan
                  193.0      9.823000000000002                    nan                    nan                    nan
                  194.0      9.927500000000002                    nan                    nan                    nan
                  195.0     10.032000000000002                    nan                    nan                    nan
                  196.0     10.136500000000002                    nan                    nan                    nan
                  197.0     10.241000000000001                    nan                    nan                    nan
                  198.0     10.345500000000001                    nan                    nan                    nan
                  199.0     10.450000000000001                    nan                    nan                    nan
                  200.0                10.5545                    nan                    nan                    nan
                  201.0                 10.659    -1.6432797665159837   -0.19268109209327167               0.668243
                  202.0     10.763500000000002                    nan                    nan                    nan
                  203.0                 10.868    -0.9331683693853351    0.09606266230870497               0.906499
                  204.0     10.972500000000002                    nan                    nan                    nan
                  205.0                 11.077    -1.7829104016079234    0.15032995967302598               1.261462
                  206.0     11.181499999999998     -1.720365114129512     0.6945529552568626               0.961705
                  207.0                 11.286    -1.6172751851015792    0.39542290440603944               1.315573
                  208.0     11.390500000000001    -1.3715422989254993    -0.4593865856334473               1.422292
                  209.0                 11.495    -1.6337067682244437    0.18402546363374628               1.160564
                  210.0                11.5995     -1.516339881939298   -0.09170179910378962                 1.5905
                  211.0     11.703999999999999    -1.6197192152927828     0.1741806876086439               1.853593
                  212.0                11.8085    -1.5494361266468897     0.3850475759301494               1.750206
                  213.0     11.912999999999998    -1.5441574698931957     0.3560195474081058               2.361015
                  214.0                12.0175    -1.3899599819223625     0.1307093811406243               1.842461
                  215.0     12.121999999999998    -1.3794507957042683   -0.00796745132621307                2.02598
                  216.0                12.2265    -1.5518208578916177    0.24325907663317597               2.754868
                  217.0     12.331000000000001     -1.240439302256532    0.32717962772332504               2.114269
                  218.0                12.4355    -1.2040878315023487     0.1424150134704661               2.623145
                  219.0     12.540000000000001    -1.1717798182498649    0.25045620717303396               3.032037
                  220.0     12.644499999999999     -1.315828933257791    0.29119536223831777               2.888155
                  221.0                 12.749    -1.4210153744978213    0.03514190666847444               3.086489
                  222.0     12.853499999999999    -1.4079799857954098     0.3930327078891505               3.203775
                  223.0                 12.958    -1.3328205758814955    0.36922381605452326               3.096915
                  224.0     13.062499999999998    -1.4224927282523874     0.3215465418751725               3.430949
                  225.0                 13.167    -1.3615858939348995    0.42921780897286926               3.825988
                  226.0     13.271499999999998    -1.3186024608920461     0.3373079836175165                4.25208
                  227.0                 13.376    -1.3942129155766536    0.13040923895388556                3.93334
                  228.0     13.480500000000001    -1.3255238836204233     0.3212231926205807               4.575497
                  229.0     13.584999999999999    -1.3181941420638987     0.3247619735850665               4.296857
                  230.0                13.6895                    nan                    nan                    nan
                  231.0     13.793999999999999    -0.8460010894021244      0.540561740755814                3.50043
                  232.0                13.8985    -0.9824706941510434    0.45717629451565683                3.22854
                  233.0     14.002999999999998    -0.7250629559002514     0.2526767153409971               2.970072
                  234.0                14.1075    -0.7405218002097363    0.44736687488075855               2.696631
                  235.0     14.211999999999998    -0.3908716062947032     0.2938229714746686               2.427813
                  236.0     14.316500000000003                    nan                    nan                    nan
                  237.0     14.421000000000001    0.13836029563076085     0.5354897233880674               2.429348
                  238.0                14.5255    0.49236566889225925     0.3289299111351047               2.192062
                  239.0                  14.63    0.40743421526588175     0.5538180155668609               2.372866
                  240.0     14.734499999999999     0.5682807299851532      0.536159732732438               2.016178
                  241.0                 14.839     0.6345157929917105     0.8374835134028578               1.787655
                  242.0     14.943499999999998     0.8409089788406202       0.85083930630848               2.262682
                  243.0                 15.048      0.670939613983292     0.6854070738687371               1.592331
                  244.0     15.152499999999998      1.135745773650061     0.9298690158327716               1.664745
                  245.0                 15.257     1.4144466539567606     0.5194651480034402               1.990644
                  246.0     15.361499999999998      1.681068305032745   -0.04684825055826447               1.770845
                  247.0                 15.466     1.5909086974184214     0.3288168157439265               2.177045
                  248.0     15.570500000000001      1.060390069861241     0.0859919851852422               1.766346
                  249.0     15.675000000000002                    nan                    nan                    nan
                  250.0                15.7795   -0.13307157998473468   -0.34612640737852796               1.637119
                  251.0     15.884000000000002                    nan                    nan                    nan
                  252.0                15.9885    -0.7287312471840451   -0.18101280015603566               1.898772
                  253.0     16.092999999999996   -0.28617283499081897    0.18637539340769596               2.243515
                  254.0     16.197499999999998    -0.1407092949307952    0.40177639621456374               2.232147
                  255.0                 16.302     -0.640107804730116     0.5129251040577428               2.151713
                  256.0                16.4065    -0.4872747030428726     0.9299237462913337               2.193341
                  257.0     16.511000000000003   -0.18298855631681304     0.4782009531099317               2.183722
                  258.0     16.615499999999997   -0.05412206740090747    0.46789963341364627               2.401686
                  259.0                  16.72   -0.03508792685025708     0.7999570364594086               1.831453
                  260.0                16.8245    -0.4390787633308405    0.19076418190535405               1.243979
                  261.0     16.929000000000002    -0.3474797510641789     0.2551017321911137               1.575575
                  262.0     17.033499999999997    0.08520083207482211  -0.052032145221474375               1.774064
                  263.0     17.137999999999998   -0.16532267514140261     -0.379108791922336               1.174369
                  264.0                17.2425    -0.1748812066916981   -0.13719401377804996               1.239733
                  265.0                 17.347                    nan                    nan                    nan
                  266.0     17.451500000000003                    nan                    nan                    nan
                  267.0     17.555999999999997      0.658869928510318    -1.9691594271672719               0.968219
                  268.0                17.6605                    nan                    nan                    nan
                  269.0                 17.765     2.2298669331524925    -2.3063694006234465               1.662666
                  270.0     17.869500000000002                    nan                    nan                    nan
                  271.0     17.974000000000004                    nan                    nan                    nan
                  272.0                18.0785     3.7867268788539747    -3.8708450452773953               2.112371
                  273.0                 18.183     3.8372041933789727     -3.522471378063086               2.185902
                  274.0                18.2875      4.045069123603727    -3.4865040726363565               2.476409
                  275.0     18.392000000000003                    nan                    nan                    nan
                  276.0     18.496500000000005                    nan                    nan                    nan
                  277.0                 18.601      2.697348362512689     -3.549455581666561               0.984747
                  278.0                18.7055                    nan                    nan                    nan
                  279.0     18.810000000000002                    nan                    nan                    nan
                  280.0     18.914499999999997     3.4243367410761607     -4.996082555997416               1.360037
                  281.0     19.019000000000005                    nan                    nan                    nan
                  282.0                19.1235                    nan                    nan                    nan
                  283.0                 19.228       3.29634099139809    -3.6696263795376183               1.206902
                  284.0     19.332500000000003                    nan                    nan                    nan
                  285.0     19.437000000000005                    nan                    nan                    nan
                  286.0                19.5415      5.994659215799921    -3.8155074900964916               1.060753
                  287.0                 19.646                    nan                    nan                    nan
                  288.0     19.750500000000002      6.314034414992986     -5.103684451147033               1.846204
                  289.0     19.855000000000004                    nan                    nan                    nan
                  290.0                19.9595      7.154451701578671     -4.290138128673651               1.736678
                  291.0                 20.064                    nan                    nan                    nan
                  292.0                20.1685      7.058276802225888    -3.6385707656117265               2.161317
                  293.0     20.273000000000003                    nan                    nan                    nan
                  294.0     20.377499999999998     6.7865751366229485     -3.329690239431157               1.636396
                  295.0                 20.482      7.532353654938082     -3.457644855216064               1.046618
                  296.0                20.5865      7.459375507873488     -2.855636614909495               0.935487
                  297.0     20.691000000000003                    nan                    nan                    nan
                  298.0     20.795500000000004                    nan                    nan                    nan
                  299.0     20.900000000000006                    nan                    nan                    nan
                  300.0     21.004500000000007                    nan                    nan                    nan
                  301.0      21.10900000000001                    nan                    nan                    nan
                  302.0      21.21350000000001                    nan                    nan                    nan
                  303.0     21.318000000000012                    nan                    nan                    nan
                  304.0     21.422500000000014                    nan                    nan                    nan
                  305.0     21.527000000000015                    nan                    nan                    nan
                  306.0     21.631500000000017                    nan                    nan                    nan
                  307.0      21.73600000000002                    nan                    nan                    nan
                  308.0      21.84050000000002                    nan                    nan                    nan
                  309.0      21.94500000000002                    nan                    nan                    nan
                  310.0     22.049500000000023                    nan                    nan                    nan
                  311.0     22.154000000000025                    nan                    nan                    nan
                  312.0     22.258500000000026                    nan                    nan                    nan
                  313.0     22.363000000000028                    nan                    nan                    nan
                  314.0      22.46750000000003                    nan                    nan                    nan
                  315.0      22.57200000000003                    nan                    nan                    nan
                  316.0     22.676500000000033                    nan                    nan                    nan
                  317.0     22.781000000000034                    nan                    nan                    nan
                  318.0     22.885500000000036                    nan                    nan                    nan
                  319.0     22.990000000000038                    nan                    nan                    nan
                  320.0      23.09450000000004                    nan                    nan                    nan
                  321.0      23.19900000000004                    nan                    nan                    nan
                  322.0     23.303500000000042                    nan                    nan                    nan
                  323.0     23.408000000000044                    nan                    nan                    nan
                  324.0     23.512500000000045                    nan                    nan                    nan
#------------------------------------------------------------------------------------------------------------------
# experiment: 180515-180824_MKYP0008_all_raw_trajectories
# path: /Users/andreapicco/Google Drive/RESEARCH/EvoCellBio/Protein_tracking/Data/Rvs167/24_degree/Sp/180515-180824_MKYP0008_all_raw_trajectories
# file: 045.txt
# protein: Hob1-GFP
# date: all experiments from 01/05/18 to 24/08/18
# notes: strain MKY0008; acquisition with the new medium without extra amminoacids
# t_unit: s
# delta_t: 0.1045
# coord_unit: pxl
# intensity_normalisation: None
# l_cm: (53.52316109330253, 119.77221546375658)
# r_cm: (22.16299903688068, 81.08831979232674)
# m_angle: 0.6960418617597643
# m_lag: -99
# trajalign_version: 1.92
# lie_down_angle: 1.1754551906053223
# lie_down_translation: (-22.210601927132444, -80.85422541650829)
