#                 frames                   t (s)                 x (pxl)                 y (pxl)                       f
                    98.0      6.2700000000000085                     nan                     nan                     nan
                    99.0       6.374500000000008                     nan                     nan                     nan
                   100.0       6.479000000000008                     nan                     nan                     nan
                   101.0       6.583500000000008                     nan                     nan                     nan
                   102.0       6.688000000000008                     nan                     nan                     nan
                   103.0      6.7925000000000075                     nan                     nan                     nan
                   104.0       6.897000000000007                     nan                     nan                     nan
                   105.0       7.001500000000007                     nan                     nan                     nan
                   106.0       7.106000000000007                     nan                     nan                     nan
                   107.0       7.210500000000007                     nan                     nan                     nan
                   108.0       7.315000000000007                     nan                     nan                     nan
                   109.0       7.419500000000006                     nan                     nan                     nan
                   110.0       7.524000000000006                     nan                     nan                     nan
                   111.0       7.628500000000006                     nan                     nan                     nan
                   112.0       7.733000000000006                     nan                     nan                     nan
                   113.0       7.837500000000006                     nan                     nan                     nan
                   114.0      7.9420000000000055                     nan                     nan                     nan
                   115.0       8.046500000000005                     nan                     nan                     nan
                   116.0       8.151000000000005                     nan                     nan                     nan
                   117.0       8.255500000000005                     nan                     nan                     nan
                   118.0       8.360000000000005                     nan                     nan                     nan
                   119.0       8.464500000000005                     nan                     nan                     nan
                   120.0       8.569000000000004                     nan                     nan                     nan
                   121.0       8.673500000000004                     nan                     nan                     nan
                   122.0       8.778000000000004                     nan                     nan                     nan
                   123.0       8.882500000000004                     nan                     nan                     nan
                   124.0       8.987000000000004                     nan                     nan                     nan
                   125.0       9.091500000000003                     nan                     nan                     nan
                   126.0       9.196000000000003                     nan                     nan                     nan
                   127.0       9.300500000000003                     nan                     nan                     nan
                   128.0       9.405000000000003                     nan                     nan                     nan
                   129.0       9.509500000000003                     nan                     nan                     nan
                   130.0       9.614000000000003                     nan                     nan                     nan
                   131.0       9.718500000000002                     nan                     nan                     nan
                   132.0       9.823000000000002                     nan                     nan                     nan
                   133.0       9.927500000000002                     nan                     nan                     nan
                   134.0      10.032000000000002                     nan                     nan                     nan
                   135.0      10.136500000000002                     nan                     nan                     nan
                   136.0      10.241000000000001                     nan                     nan                     nan
                   137.0      10.345500000000001                     nan                     nan                     nan
                   138.0      10.450000000000001                     nan                     nan                     nan
                   139.0                 10.5545                     nan                     nan                     nan
                   140.0                  10.659                     nan                     nan                     nan
                   141.0                 10.7635                     nan                     nan                     nan
                   142.0                  10.868                     nan                     nan                     nan
                   143.0                 10.9725     -0.4374415799063204      0.4611701402350889                1.983638
                   144.0      11.077000000000002                     nan                     nan                     nan
                   145.0                 11.1815     -0.6963925848134324   -0.016158679246396884                 1.56635
                   146.0                  11.286    -0.22470333603079526    -0.09126143759039962                1.805026
                   147.0                 11.3905    -0.35802395959758626      0.1057910723955594                1.460783
                   148.0      11.495000000000001                     nan                     nan                     nan
                   149.0      11.599499999999999    -0.46120631250411515     0.19673927670257058                2.801227
                   150.0      11.703999999999999     -0.6676120100431657    0.018707813951128277                2.078028
                   151.0      11.808499999999999    -0.49737234780737694    -0.21118029806608987                2.092652
                   152.0      11.912999999999998     -0.6466184137622714   -0.029029754149838494                 2.36965
                   153.0                 12.0175     -0.7422115792164949     0.15450603987531003                2.841768
                   154.0                  12.122    -0.45615761312133907      0.1678450312626506                 2.55888
                   155.0      12.226499999999998     -0.6410038771587967    0.034710850300764706                3.279254
                   156.0                  12.331    -0.47399923745299627     -0.1881977322745474                2.953428
                   157.0      12.435499999999998     -0.5890219003829819     0.14342013698537437                3.237062
                   158.0                   12.54      -0.735846780663975    0.004051010775622088                2.993597
                   159.0                 12.6445     -0.6188514500145373    -0.03020145386892123                3.432878
                   160.0      12.748999999999999     -0.5227603070820808      0.1592180831248504                3.745466
                   161.0                 12.8535     -0.7677271758762448     0.12953025898468232                3.593766
                   162.0      12.957999999999998     -0.6242976978960181  -0.0004951153363156602                4.043629
                   163.0                 13.0625     -0.7698296936125963   -0.011433709064484154                3.670916
                   164.0      13.166999999999998     -0.4831969910045828    -0.08810329283557791                 4.28147
                   165.0                 13.2715     -0.4582070853306053    -0.08262267796083578                5.232388
                   166.0      13.375999999999998     -0.4512127799845371    -0.09239811686280142                4.570601
                   167.0                 13.4805     -0.5833801003680004    -0.06149453151005527                5.139599
                   168.0                  13.585     -0.6647033309714823    -0.09634253168527884                5.431003
                   169.0      13.689499999999999    -0.40091974829249766    -0.17727969925394327                4.516518
                   170.0                  13.794     -0.3205146922188437     0.20317431287208548                4.656013
                   171.0      13.898499999999999    -0.20276897426317048      0.2902637217580354                4.770009
                   172.0                  14.003                     nan                     nan                     nan
                   173.0      14.107499999999998    -0.08440111084890776       0.329651177067341                3.555772
                   174.0                  14.212     0.33464052459920685      0.3322382684797702                 3.08561
                   175.0      14.316499999999998     0.16528876609264076      0.5721444324517179                3.100284
                   176.0                  14.421    -0.14328005653699138      0.8731563287730523                3.298241
                   177.0      14.525500000000001                     nan                     nan                     nan
                   178.0      14.629999999999999      0.5240271824509353     0.35467759183747016                2.354656
                   179.0                 14.7345      0.1293399892607126     0.41292909935126876                2.722569
                   180.0      14.838999999999999     0.16112848024605975      0.5070208747350586                1.912968
                   181.0                 14.9435     0.40259393166757496      0.5072690577364052                2.574228
                   182.0      15.047999999999998      0.3908184095423167     0.21253138874298289                 2.78594
                   183.0                 15.1525    -0.05249158188349131     0.13225662943441446                2.502121
                   184.0      15.256999999999998     0.02303472316092062    0.023500382628351503                2.017874
                   185.0                 15.3615     0.13969630557671833      0.5649204746209233                2.022469
                   186.0      15.465999999999998      0.3243729112129359     0.24400799668855905                1.932168
                   187.0                 15.5705     0.21339225263715544     0.17723320610044518                1.858582
                   188.0                  15.675     0.11566895520144985     0.44556814181195203                1.883334
                   189.0      15.779499999999999    -0.21016952159892555     0.12550992482415568                2.010658
                   190.0                  15.884     -0.2994584849592916      0.2540883915128979                2.425447
                   191.0      15.988499999999998    -0.10370051158916027      0.2125973581801781                1.984381
                   192.0                  16.093      0.2229187950187384        0.50054788884817                1.386087
                   193.0                 16.1975                     nan                     nan                     nan
                   194.0                  16.302      0.5252098005183754     0.14405685943084498                1.851238
                   195.0                 16.4065                     nan                     nan                     nan
                   196.0                  16.511     -0.3123411762549308     -0.6858005392799786                0.968572
                   197.0                 16.6155                     nan                     nan                     nan
                   198.0                   16.72     -0.1910886514398366     -0.6166165926234973                1.547523
                   199.0                 16.8245     0.09985601784116102    -0.48122755229167613                1.758363
                   200.0                  16.929   -0.011985411066261109     -0.3807223459541735                1.734845
                   201.0                 17.0335      0.4878413342053776      -0.617862759463057                1.454389
                   202.0                  17.138                     nan                     nan                     nan
                   203.0                 17.2425                     nan                     nan                     nan
                   204.0      17.346999999999998      1.0639734356503456     -1.1646518751672719                1.064134
                   205.0                 17.4515                     nan                     nan                     nan
                   206.0      17.555999999999997     -0.3888083071471513     -0.4952984720809333                0.686307
                   207.0                 17.6605    -0.12179393770287923     -0.4384203578341144                0.733011
                   208.0                  17.765                     nan                     nan                     nan
                   209.0                 17.8695      0.4637971952759742     -0.6439982696961353                1.080905
                   210.0                  17.974      0.2959066854972855     -0.7673471160436041                1.151216
                   211.0      18.078500000000002                     nan                     nan                     nan
                   212.0                  18.183     0.10064498930145505     -0.9352984967486441                0.650988
                   213.0                 18.2875                     nan                     nan                     nan
                   214.0      18.392000000000003                     nan                     nan                     nan
                   215.0      18.496500000000005                     nan                     nan                     nan
                   216.0      18.601000000000006                     nan                     nan                     nan
                   217.0      18.705500000000008                     nan                     nan                     nan
                   218.0       18.81000000000001                     nan                     nan                     nan
                   219.0       18.91450000000001                     nan                     nan                     nan
                   220.0      19.019000000000013                     nan                     nan                     nan
                   221.0      19.123500000000014                     nan                     nan                     nan
                   222.0      19.228000000000016                     nan                     nan                     nan
                   223.0      19.332500000000017                     nan                     nan                     nan
                   224.0       19.43700000000002                     nan                     nan                     nan
                   225.0       19.54150000000002                     nan                     nan                     nan
                   226.0      19.646000000000022                     nan                     nan                     nan
                   227.0      19.750500000000024                     nan                     nan                     nan
                   228.0      19.855000000000025                     nan                     nan                     nan
                   229.0      19.959500000000027                     nan                     nan                     nan
                   230.0       20.06400000000003                     nan                     nan                     nan
                   231.0       20.16850000000003                     nan                     nan                     nan
                   232.0       20.27300000000003                     nan                     nan                     nan
                   233.0      20.377500000000033                     nan                     nan                     nan
                   234.0      20.482000000000035                     nan                     nan                     nan
                   235.0      20.586500000000036                     nan                     nan                     nan
                   236.0      20.691000000000038                     nan                     nan                     nan
                   237.0       20.79550000000004                     nan                     nan                     nan
                   238.0       20.90000000000004                     nan                     nan                     nan
                   239.0      21.004500000000043                     nan                     nan                     nan
                   240.0      21.109000000000044                     nan                     nan                     nan
                   241.0      21.213500000000046                     nan                     nan                     nan
                   242.0      21.318000000000048                     nan                     nan                     nan
                   243.0       21.42250000000005                     nan                     nan                     nan
                   244.0       21.52700000000005                     nan                     nan                     nan
                   245.0      21.631500000000052                     nan                     nan                     nan
                   246.0      21.736000000000054                     nan                     nan                     nan
                   247.0      21.840500000000056                     nan                     nan                     nan
                   248.0      21.945000000000057                     nan                     nan                     nan
                   249.0       22.04950000000006                     nan                     nan                     nan
                   250.0       22.15400000000006                     nan                     nan                     nan
                   251.0      22.258500000000062                     nan                     nan                     nan
                   252.0      22.363000000000063                     nan                     nan                     nan
                   253.0      22.467500000000065                     nan                     nan                     nan
                   254.0      22.572000000000067                     nan                     nan                     nan
                   255.0       22.67650000000007                     nan                     nan                     nan
                   256.0       22.78100000000007                     nan                     nan                     nan
                   257.0       22.88550000000007                     nan                     nan                     nan
                   258.0      22.990000000000073                     nan                     nan                     nan
                   259.0      23.094500000000075                     nan                     nan                     nan
                   260.0      23.199000000000076                     nan                     nan                     nan
                   261.0      23.303500000000078                     nan                     nan                     nan
                   262.0       23.40800000000008                     nan                     nan                     nan
                   263.0       23.51250000000008                     nan                     nan                     nan
#-----------------------------------------------------------------------------------------------------------------------
# experiment: 180515-180824_MKYP0008_all_raw_trajectories
# path: /Users/andreapicco/Google Drive/RESEARCH/EvoCellBio/Protein_tracking/Data/Rvs167/24_degree/Sp/180515-180824_MKYP0008_all_raw_trajectories
# file: 084.txt
# protein: Hob1-GFP
# date: all experiments from 01/05/18 to 24/08/18
# notes: strain MKY0008; acquisition with the new medium without extra amminoacids
# t_unit: s
# delta_t: 0.1045
# coord_unit: pxl
# intensity_normalisation: None
# l_cm: (113.93909949755533, 4.292993646607743)
# r_cm: (22.16299903688068, 81.08831979232674)
# m_angle: -2.6932881924574685
# m_lag: -38
# trajalign_version: 1.92
# lie_down_angle: 1.1754551906053223
# lie_down_translation: (-22.210601927132444, -80.85422541650829)
