%% Trajectory 145
131 109.987106 47.344566 0.957271 2.037335 70.931465
134 109.906883 48.533154 1.083460 2.457524 72.101494
135 109.907822 48.442608 1.237509 2.362888 60.273861
137 110.201508 48.232929 1.302355 2.609709 68.235382
139 110.510025 47.974556 1.669646 2.831525 22.065596
140 110.403297 48.207451 1.542549 2.810124 8.923931
141 109.893219 48.283218 1.814653 2.066763 38.277721
142 109.978577 48.790699 1.699556 2.321444 15.489752
144 109.470261 47.948116 1.147402 2.375017 55.286034
146 110.380135 48.207275 1.815697 2.891793 15.249880
148 110.950317 46.935421 1.575524 3.171307 18.698120
149 111.564072 47.020027 1.356255 2.492335 56.251930
150 111.773186 47.051712 1.738525 2.169427 28.764366
152 111.412537 47.138542 1.733763 3.216119 9.669816
155 112.116646 45.893238 1.341508 2.425066 51.837421
156 112.854355 45.768002 1.147436 2.025010 27.896313
159 112.189819 46.902618 0.908627 2.235699 73.990120
