%% Trajectory 109
98 108.855240 36.003223 1.440037 1.965174 25.950020
99 108.500069 36.163670 1.468993 2.167439 49.434078
100 108.784218 36.055862 1.810047 2.883224 13.866875
102 108.850960 35.862381 2.414794 2.335044 27.415031
103 108.998421 35.747814 1.843996 2.438811 29.985588
105 109.300743 35.828842 2.528685 2.247270 0.623187
106 108.704247 35.581238 3.021669 2.392496 8.517613
107 108.812599 35.941116 2.993234 2.366379 19.237267
108 109.062492 35.861851 2.453167 2.017938 7.395774
110 108.572151 35.656673 3.511957 2.446113 1.286113
111 108.402817 36.055485 4.217268 2.165409 0.000001
113 108.806480 36.022865 3.477062 2.194959 0.000361
114 108.368736 35.789925 3.818236 2.370393 0.000032
115 108.474167 35.893291 3.676554 2.454608 0.002270
116 108.774681 35.880661 3.423763 2.108337 0.024733
117 108.497719 36.224167 2.981527 2.376595 0.093427
119 108.830162 35.906879 4.084983 2.252327 0.722867
120 108.560745 35.774223 3.696674 2.504485 12.207470
121 108.869347 36.098370 3.363010 2.346267 9.228755
122 108.771370 36.257439 2.803372 2.131029 3.246446
123 108.756165 35.897896 2.803563 2.153693 11.213863
124 109.093658 35.847366 1.990137 2.083985 9.919295
125 108.757492 35.991302 1.495119 2.812666 41.245750
127 108.627426 35.842113 2.530945 2.394616 6.825517
129 108.942505 35.676537 2.135432 2.296745 32.064632
130 109.012215 35.809692 1.276607 2.484859 100.780769
131 109.008415 35.742279 1.280569 2.177597 51.680172
134 108.921280 36.449818 1.273726 2.220190 26.356428
