#                frames                  t (s)                x (pxl)                y (pxl)                      f
                  221.0     26.081999999999958                    nan                    nan                    nan
                  222.0      26.20799999999996                    nan                    nan                    nan
                  223.0      26.33399999999996                    nan                    nan                    nan
                  224.0      26.45999999999996                    nan                    nan                    nan
                  225.0     26.585999999999963                    nan                    nan                    nan
                  226.0     26.711999999999964                    nan                    nan                    nan
                  227.0     26.837999999999965                    nan                    nan                    nan
                  228.0     26.963999999999967                    nan                    nan                    nan
                  229.0     27.089999999999968                    nan                    nan                    nan
                  230.0      27.21599999999997                    nan                    nan                    nan
                  231.0      27.34199999999997                    nan                    nan                    nan
                  232.0      27.46799999999997                    nan                    nan                    nan
                  233.0     27.593999999999973                    nan                    nan                    nan
                  234.0     27.719999999999974                    nan                    nan                    nan
                  235.0     27.845999999999975                    nan                    nan                    nan
                  236.0     27.971999999999976                    nan                    nan                    nan
                  237.0     28.097999999999978                    nan                    nan                    nan
                  238.0      28.22399999999998                    nan                    nan                    nan
                  239.0      28.34999999999998                    nan                    nan                    nan
                  240.0      28.47599999999998                    nan                    nan                    nan
                  241.0     28.601999999999983                    nan                    nan                    nan
                  242.0     28.727999999999984                    nan                    nan                    nan
                  243.0     28.853999999999985                    nan                    nan                    nan
                  244.0     28.979999999999986                    nan                    nan                    nan
                  245.0     29.105999999999987                    nan                    nan                    nan
                  246.0      29.23199999999999                    nan                    nan                    nan
                  247.0      29.35799999999999                    nan                    nan                    nan
                  248.0      29.48399999999999                    nan                    nan                    nan
                  249.0     29.609999999999992                    nan                    nan                    nan
                  250.0     29.735999999999994                    nan                    nan                    nan
                  251.0     29.861999999999995                    nan                    nan                    nan
                  252.0     29.987999999999996                    nan                    nan                    nan
                  253.0     30.113999999999997                    nan                    nan                    nan
                  254.0                  30.24                    nan                    nan                    nan
                  255.0                 30.366                    nan                    nan                    nan
                  256.0                 30.492                    nan                    nan                    nan
                  257.0     30.618000000000002                    nan                    nan                    nan
                  258.0     30.744000000000003    -0.2853627925482374   -0.31103932879902235               0.468061
                  259.0                  30.87                    nan                    nan                    nan
                  260.0                 30.996    -0.6138056914372763    -0.6000533587255434               0.693061
                  261.0     31.122000000000003   -0.45049678014680433    0.04786540427342249               0.765283
                  262.0                 31.248    -0.7179632998021797    0.07101911422330785               0.855957
                  263.0                 31.374     -0.641851456733057  -0.003970795882151684               0.799911
                  264.0     31.500000000000004    -0.6461934856813332   0.028486286312862513               0.796315
                  265.0                 31.626     -0.773179356346964    -0.3199990882042021               1.034487
                  266.0                 31.752    -0.7834619857723922    0.16481451656890048                1.19742
                  267.0     31.878000000000004    -0.5853328302548937    0.27225826963961275               0.999021
                  268.0                 32.004    -0.4771342068052294     0.1393426328334208               1.144128
                  269.0     32.129999999999995    -0.7736009399378414     0.5007166715739677               1.073556
                  270.0                 32.256    -0.5644066651930846    0.23699637312503008               1.517068
                  271.0                 32.382     -0.464259331822666    0.10089082941428582                 1.3112
                  272.0     32.507999999999996    -0.5710943452230528    0.10534040206097288               1.195964
                  273.0                 32.634    -0.5636943016003909     0.0937556386459146               1.615954
                  274.0                  32.76   -0.43783554054642926   0.029769502257174812               1.975871
                  275.0     32.885999999999996    -0.3098639049290605    0.20632131507825843               1.688522
                  276.0                 33.012   -0.47354481745074706    0.33681376692917103               1.610779
                  277.0                 33.138   -0.17520776118528597  0.0028674869081616455               2.177886
                  278.0     33.263999999999996   -0.09546451067992677    0.11132699361844106               2.542473
                  279.0                  33.39   -0.19334273875009267    0.13293752010076634               2.597496
                  280.0                 33.516   0.027954297454507615     0.4073463922187323               2.625479
                  281.0     33.641999999999996     0.0185990222882293    0.19906995101004488               2.117972
                  282.0                 33.768    0.22506191359137975   0.029345290483766613               2.463389
                  283.0                 33.894    0.21718256055568622   -0.06362764444751978               2.531766
                  284.0     34.019999999999996    0.24483534030659132    -0.6476711949410126               2.580743
                  285.0                 34.146    0.33378618200477067   -0.14810148604927087               2.395738
                  286.0                 34.272      0.323442654456167   -0.24983057156000135               3.087414
                  287.0     34.397999999999996     0.5007112682021218    -0.3511104345417339                2.75999
                  288.0     34.523999999999994     0.7310297901709679   -0.17296732848627638               3.138649
                  289.0                  34.65     0.5571817139349462    -0.2240964436559329               3.118662
                  290.0     34.775999999999996     0.5520766114707153   -0.22366281036654106               3.091756
                  291.0     34.901999999999994    0.41435916874036466     0.3641972593820639               3.286247
                  292.0                 35.028     0.6677434225797809   0.017858827810776468               3.184099
                  293.0     35.153999999999996                    nan                    nan                    nan
                  294.0     35.279999999999994     0.9251053093714567    0.08514504446794571               2.931835
                  295.0                 35.406     0.9096546589777246     0.6317928835475675               2.994115
                  296.0                 35.532     0.7720266714318482     0.8366996003629676               2.984593
                  297.0                 35.658                    nan                    nan                    nan
                  298.0                 35.784                    nan                    nan                    nan
                  299.0                  35.91      3.111801358902925     0.6663313836100648               1.942611
                  300.0     36.035999999999994                    nan                    nan                    nan
                  301.0      36.16199999999999                    nan                    nan                    nan
                  302.0      36.28799999999999                    nan                    nan                    nan
                  303.0      36.41399999999999                    nan                    nan                    nan
                  304.0     36.539999999999985                    nan                    nan                    nan
                  305.0      36.66599999999998                    nan                    nan                    nan
                  306.0      36.79199999999998                    nan                    nan                    nan
                  307.0      36.91799999999998                    nan                    nan                    nan
                  308.0     37.043999999999976                    nan                    nan                    nan
                  309.0      37.16999999999997                    nan                    nan                    nan
                  310.0      37.29599999999997                    nan                    nan                    nan
                  311.0      37.42199999999997                    nan                    nan                    nan
                  312.0     37.547999999999966                    nan                    nan                    nan
                  313.0     37.673999999999964                    nan                    nan                    nan
                  314.0      37.79999999999996                    nan                    nan                    nan
                  315.0      37.92599999999996                    nan                    nan                    nan
                  316.0      38.05199999999996                    nan                    nan                    nan
                  317.0     38.177999999999955                    nan                    nan                    nan
                  318.0      38.30399999999995                    nan                    nan                    nan
                  319.0      38.42999999999995                    nan                    nan                    nan
                  320.0      38.55599999999995                    nan                    nan                    nan
                  321.0     38.681999999999945                    nan                    nan                    nan
                  322.0      38.80799999999994                    nan                    nan                    nan
                  323.0      38.93399999999994                    nan                    nan                    nan
                  324.0      39.05999999999994                    nan                    nan                    nan
                  325.0     39.185999999999936                    nan                    nan                    nan
                  326.0     39.311999999999934                    nan                    nan                    nan
                  327.0      39.43799999999993                    nan                    nan                    nan
                  328.0      39.56399999999993                    nan                    nan                    nan
#------------------------------------------------------------------------------------------------------------------
# experiment: 210610_MKUM0005_fast/
# path: /Users/andreapicco/Google Drive/RESEARCH/EvoCellBio/Protein_tracking/Data/Fimbrin/24_degree/Um/210610_MKUM0005_fast/
# file: 06.data.txt
# protein: Fim1-GFP
# date: 10/06/21
# notes: strain MKUM0005; Fim1-GFP in U. Maydis
# t_unit: s
# delta_t: 0.126
# coord_unit: pxl
# intensity_normalisation: None
# l_cm: (160.2082438847924, 99.98661983221973)
# r_cm: (33.77367775328362, 89.8995390981611)
# m_angle: 0.7805145340888461
# m_lag: -14
# trajalign_version: 1.92
# lie_down_angle: 1.3143352484234112
# lie_down_translation: (-33.73554982343701, -89.97939675422421)
