%% Trajectory 113
99 60.217346 71.775833 1.458303 1.968142 38.871975
100 60.270573 72.172890 1.288511 1.952043 38.889103
102 60.406670 72.022339 1.680374 2.067153 42.425644
103 60.405201 72.093559 1.665875 2.005828 56.445110
104 60.382950 71.884117 1.294312 2.216699 50.200241
105 60.316563 72.295464 1.906365 2.258772 46.436020
106 60.431339 72.233078 1.665746 2.233071 57.318188
107 60.318623 72.245605 1.437934 1.998739 34.818680
108 60.555027 72.718918 1.754798 2.598732 46.170158
109 60.379704 72.108124 1.579646 2.091113 20.880733
110 60.351154 72.288216 1.724340 2.236647 20.375549
111 60.539055 71.911324 1.666247 2.157534 20.439384
112 60.325054 72.387054 1.711621 2.082519 27.797617
113 60.385986 72.248871 1.880727 2.121078 54.083099
114 60.335579 72.154152 2.264538 2.227631 28.778627
116 60.654484 71.762772 1.865522 2.269469 60.293369
117 60.459709 71.862335 2.431420 2.144663 23.049284
118 60.346043 71.930008 2.057484 2.056905 31.796040
119 60.376019 72.059502 2.846992 2.119029 16.267147
120 60.204170 71.996719 2.370707 2.068125 21.058352
121 60.368839 71.978157 2.913985 2.180029 15.156793
122 60.465477 72.072159 2.674731 2.295059 58.066044
123 60.502266 72.154579 3.154627 2.186091 54.395256
124 60.416130 72.106674 3.356253 2.063898 19.182991
125 60.378735 72.212509 3.243709 2.168411 24.624361
126 60.503845 72.211372 3.567341 2.150105 11.713539
127 60.509586 72.407372 3.961580 2.354077 6.520288
128 60.257328 72.182594 4.512768 2.082410 1.861007
129 60.407429 72.552933 3.764692 2.317312 31.263308
130 60.405193 72.464478 3.760734 2.374335 36.507679
131 60.381718 72.568977 3.607009 2.285986 35.807293
132 60.167004 72.609581 3.034205 2.138319 24.356949
133 60.215267 72.766350 3.174938 2.049710 36.644974
134 60.180775 72.830933 3.099683 2.073214 25.953514
135 59.833973 72.787689 3.083073 2.007910 41.275505
136 59.928032 72.971748 3.240826 1.994551 39.809246
137 59.887875 73.113831 3.212241 2.139678 40.726772
138 60.071709 73.197655 2.808779 2.087968 32.132160
139 59.792969 72.964661 2.749425 1.999873 48.170891
140 59.858021 73.229630 2.455244 2.159739 37.903584
141 59.493942 73.424583 2.679302 2.373363 25.935009
142 59.059101 73.620026 2.465739 2.078278 21.118275
143 58.651409 73.221924 2.449451 2.060350 34.372295
144 58.131996 72.984627 1.810224 1.995496 49.958107
145 57.928467 72.614738 1.520228 2.144310 29.681084
146 57.475822 72.707466 1.755454 2.197147 61.139202
147 57.868092 72.460182 2.067572 2.264670 58.617462
148 57.648094 72.357346 1.753770 2.395849 34.124603
