   1.3600000e+02   1.2173530e+02   9.9477053e+01   1.5779390e+00   2.7396600e+00   3.5849663e+01
   1.3700000e+02   1.2160705e+02   1.0016283e+02   1.9349400e+00   2.6940860e+00   6.6828690e+01
   1.3800000e+02   1.2132363e+02   1.0018407e+02   1.6224210e+00   2.8145280e+00   5.6479618e+01
   1.3900000e+02   1.2120922e+02   1.0006537e+02   2.0116750e+00   2.8210640e+00   6.2621235e+01
   1.4000000e+02   1.2130082e+02   9.9784761e+01   1.8184310e+00   2.7471040e+00   6.4933151e+01
   1.4100000e+02   1.2162058e+02   9.9466548e+01   1.8686550e+00   2.8177100e+00   3.7802876e+01
   1.4200000e+02   1.2134293e+02   9.9748470e+01   2.4682100e+00   2.5148790e+00   6.3382553e+01
   1.4300000e+02   1.2124882e+02   9.9392731e+01   2.7193250e+00   2.3250810e+00   3.1447451e+01
   1.4400000e+02   1.2132969e+02   9.9355907e+01   3.0621860e+00   2.2410140e+00   2.5627222e+01
   1.4500000e+02   1.2057675e+02   9.8902265e+01   2.9825350e+00   2.4726980e+00   5.0696014e+01
   1.4700000e+02   1.2051214e+02   9.9080084e+01   1.9200130e+00   2.3503090e+00   1.0407941e+02
   1.4800000e+02   1.2091022e+02   9.8772925e+01   1.9430070e+00   2.4742210e+00   8.4764145e+01
   1.4900000e+02   1.2042261e+02   9.8168467e+01   2.2920230e+00   2.4325930e+00   7.4636772e+01
   1.5000000e+02   1.2059927e+02   9.8561436e+01   1.9995510e+00   2.5072190e+00   6.1919083e+01
   1.5100000e+02   1.2067242e+02   9.8939441e+01   2.1371840e+00   2.5009350e+00   5.5486786e+01
   1.5200000e+02   1.2083792e+02   9.9259440e+01   2.2844000e+00   2.3450360e+00   4.9059696e+01
   1.5300000e+02   1.1993556e+02   9.9538267e+01   2.2600170e+00   2.2545960e+00   3.6771439e+01
   1.5400000e+02   1.1933710e+02   9.9219928e+01   2.5885210e+00   2.2356300e+00   2.8425482e+01
   1.5500000e+02   1.1885072e+02   9.8520298e+01   2.3529030e+00   2.3817780e+00   6.6765579e+01
   1.5800000e+02   1.2019109e+02   9.8547387e+01   1.8211180e+00   2.3766800e+00   1.0207439e+02
