   1.0200000e+02   1.0154941e+02   4.4816411e+01   1.3433640e+00   2.6404130e+00   1.0377037e+02
   1.0300000e+02   1.0118456e+02   4.4332802e+01   1.4075670e+00   2.7990680e+00   8.4784424e+01
   1.0400000e+02   1.0065139e+02   4.5908132e+01   2.1940840e+00   2.6189920e+00   6.7442261e+01
   1.0500000e+02   1.0096121e+02   4.6246666e+01   2.3045430e+00   2.4380750e+00   7.3436951e+01
   1.0600000e+02   1.0095924e+02   4.6958101e+01   2.9897710e+00   2.4693360e+00   3.7458424e+01
   1.0700000e+02   1.0116032e+02   4.7426308e+01   2.4295180e+00   2.5404760e+00   6.2084621e+01
   1.0800000e+02   1.0109750e+02   4.7765440e+01   2.5516160e+00   2.7050760e+00   4.4039745e+01
   1.0900000e+02   1.0100144e+02   4.7290685e+01   3.0014010e+00   2.3816300e+00   3.3573315e+01
   1.1000000e+02   1.0106839e+02   4.6947183e+01   2.7903280e+00   2.3912290e+00   4.3676552e+01
   1.1100000e+02   1.0095742e+02   4.6710504e+01   2.1540720e+00   2.5496530e+00   8.4928757e+01
   1.1300000e+02   9.9723272e+01   4.7826805e+01   2.4208730e+00   2.7511040e+00   7.6293839e+01
   1.1400000e+02   1.0003200e+02   4.8214253e+01   2.1509840e+00   2.5320440e+00   7.3473145e+01
   1.1500000e+02   9.9929181e+01   4.8543171e+01   2.1645830e+00   2.5116290e+00   9.4746323e+01
   1.1600000e+02   9.9930731e+01   4.8467192e+01   2.6246160e+00   2.3770680e+00   3.6999378e+01
   1.1700000e+02   1.0009864e+02   4.8404263e+01   2.7067320e+00   2.2355430e+00   3.8716053e+01
   1.1800000e+02   1.0010351e+02   4.8715702e+01   2.3730380e+00   2.3667620e+00   1.8226885e+01
   1.2000000e+02   9.9893223e+01   4.8906681e+01   1.8802160e+00   2.3333600e+00   5.2901958e+01
   1.2100000e+02   1.0021156e+02   4.8189858e+01   2.1433160e+00   2.2797470e+00   3.4635586e+01
   1.2200000e+02   1.0033839e+02   4.7728928e+01   1.8697530e+00   2.4664310e+00   5.5412086e+01
   1.2400000e+02   9.9691742e+01   4.8889113e+01   1.5501800e+00   2.3839580e+00   1.0054800e+02
   1.2500000e+02   9.9921504e+01   4.8726627e+01   1.7533130e+00   2.4557510e+00   8.6024101e+01
   1.2600000e+02   9.9629929e+01   4.8783469e+01   1.6831560e+00   2.4036750e+00   5.4373207e+01
   1.2700000e+02   1.0043392e+02   4.8779256e+01   1.5146820e+00   2.4942830e+00   9.1616142e+01
   1.2800000e+02   1.0100382e+02   4.8087647e+01   1.4731730e+00   2.1759920e+00   5.1921696e+01
   1.3000000e+02   9.9889142e+01   4.9236146e+01   1.0059370e+00   2.1436090e+00   5.0499027e+01
   1.3100000e+02   1.0040628e+02   4.9843972e+01   9.3503500e-01   2.2398740e+00   4.8833057e+01
   1.3200000e+02   1.0046178e+02   5.0109269e+01   1.0262540e+00   2.4573080e+00   4.1020588e+01
