   2.2000000e+01   9.8061470e+01   1.2970029e+02   9.5322800e-01   2.3156010e+00   3.9124542e+01
   2.3000000e+01   9.8193123e+01   1.2945206e+02   1.1459830e+00   2.3469100e+00   7.1664116e+01
   2.4000000e+01   9.7856392e+01   1.2934094e+02   1.6045460e+00   2.3279620e+00   8.8585617e+01
   2.5000000e+01   9.7689407e+01   1.2939519e+02   2.2329670e+00   2.3393340e+00   6.9147636e+01
   2.6000000e+01   9.7610855e+01   1.2919217e+02   2.6819580e+00   2.3466720e+00   2.6600428e+01
   2.7000000e+01   9.7693077e+01   1.2912289e+02   2.9783950e+00   2.3590850e+00   2.5860956e+01
   2.8000000e+01   9.7710297e+01   1.2895990e+02   3.3623760e+00   2.2091200e+00   1.5977333e+01
   2.9000000e+01   9.7558327e+01   1.2902496e+02   3.7042250e+00   2.3063090e+00   6.3225530e+00
   3.0000000e+01   9.7438919e+01   1.2889944e+02   4.4648800e+00   2.3501530e+00   8.3352000e+00
   3.1000000e+01   9.7372375e+01   1.2833635e+02   4.9396110e+00   2.5136140e+00   7.0131220e+00
   3.2000000e+01   9.7573524e+01   1.2771837e+02   5.0277460e+00   2.4582710e+00   3.3780420e+00
   3.3000000e+01   9.6900215e+01   1.2725314e+02   5.3271780e+00   2.3698210e+00   6.8760400e-01
   3.4000000e+01   9.6927399e+01   1.2747948e+02   4.8956710e+00   2.5259700e+00   8.8648900e-01
   3.5000000e+01   9.7209564e+01   1.2756681e+02   4.7871000e+00   2.4922290e+00   6.3439200e-01
   3.7000000e+01   9.6985703e+01   1.2674991e+02   5.9928080e+00   2.2928760e+00   4.6551100e+00
   3.8000000e+01   9.7147858e+01   1.2675868e+02   5.3630750e+00   2.2642040e+00   2.1469000e-02
   4.0000000e+01   9.6937706e+01   1.2686752e+02   4.5179330e+00   2.2351330e+00   1.5384560e+00
   4.1000000e+01   9.7004036e+01   1.2683594e+02   4.2426750e+00   2.2553670e+00   1.4534425e+01
   4.3000000e+01   9.6595200e+01   1.2835748e+02   4.9120090e+00   2.4687800e+00   2.2295300e+01
   4.4000000e+01   9.6178688e+01   1.2884915e+02   4.8902680e+00   2.3116120e+00   1.2048644e+01
   4.5000000e+01   9.6570251e+01   1.2865292e+02   4.5992730e+00   2.5766210e+00   3.3978851e+01
   4.6000000e+01   9.6102722e+01   1.2884250e+02   4.5426490e+00   2.2664030e+00   1.1454876e+01
   4.7000000e+01   9.6260666e+01   1.2869281e+02   4.4194120e+00   2.4476860e+00   8.2661540e+00
