   1.7300000e+02   5.2485706e+01   2.6992746e+01   7.5112800e-01   3.3860420e+00   1.6218630e+00
   1.7400000e+02   5.2250710e+01   2.6837212e+01   7.6118600e-01   2.8446150e+00   2.4919277e+01
   1.7600000e+02   5.2044006e+01   2.6853630e+01   9.8203700e-01   2.3764500e+00   5.3270515e+01
   1.7700000e+02   5.1721714e+01   2.7203156e+01   8.5337300e-01   2.5634710e+00   3.2782978e+01
   1.7800000e+02   5.2042484e+01   2.7166109e+01   1.0523670e+00   2.4182510e+00   4.3631420e+01
   1.7900000e+02   5.1797943e+01   2.7089745e+01   1.5119050e+00   2.1175030e+00   2.9252914e+01
   1.8000000e+02   5.1621231e+01   2.7026844e+01   1.2557360e+00   2.2170010e+00   3.5493465e+01
   1.8100000e+02   5.1531403e+01   2.7073606e+01   1.5195920e+00   2.2777820e+00   2.1683243e+01
   1.8200000e+02   5.1572060e+01   2.6991179e+01   1.5667310e+00   2.2349990e+00   4.1559994e+01
   1.8300000e+02   5.1748055e+01   2.6970522e+01   1.8948060e+00   2.0603970e+00   3.5934036e+01
   1.8400000e+02   5.1737041e+01   2.6805096e+01   2.3331890e+00   2.1902150e+00   5.5854332e+01
   1.8500000e+02   5.1763309e+01   2.6913021e+01   2.3902740e+00   2.0625920e+00   4.4194580e+01
   1.8600000e+02   5.1994904e+01   2.7051821e+01   3.1029380e+00   2.1553090e+00   7.0694420e+00
   1.8700000e+02   5.1960892e+01   2.6962053e+01   3.3096780e+00   2.1112150e+00   1.5964662e+01
   1.8800000e+02   5.1937576e+01   2.6907475e+01   3.1705200e+00   2.1351940e+00   1.6132549e+01
   1.8900000e+02   5.1943108e+01   2.6919523e+01   3.9317420e+00   2.1575510e+00   2.5672363e+01
   1.9000000e+02   5.1991531e+01   2.7063408e+01   4.5744040e+00   2.1918280e+00   2.0192213e+01
   1.9100000e+02   5.2130943e+01   2.6984400e+01   4.3971590e+00   2.1692520e+00   2.9114151e+01
   1.9200000e+02   5.2002506e+01   2.7153044e+01   4.9243320e+00   2.1621840e+00   4.5740940e+01
   1.9300000e+02   5.1941051e+01   2.7104267e+01   4.6492430e+00   2.1757420e+00   3.5650791e+01
   1.9400000e+02   5.2101261e+01   2.7009127e+01   4.8583480e+00   2.1987190e+00   6.1713207e+01
   1.9500000e+02   5.2037865e+01   2.7131792e+01   5.0689100e+00   2.1774870e+00   4.9114414e+01
   1.9600000e+02   5.2108807e+01   2.7108803e+01   5.2783890e+00   2.1985290e+00   1.6318857e+01
   1.9700000e+02   5.1982544e+01   2.7048973e+01   6.0732860e+00   2.2219010e+00   4.9555790e+00
   1.9800000e+02   5.2047752e+01   2.7058134e+01   6.1171250e+00   2.2050480e+00   9.7539100e-01
   1.9900000e+02   5.2057446e+01   2.7254868e+01   5.6235900e+00   2.2060660e+00   8.1948890e+00
   2.0000000e+02   5.2108852e+01   2.7146091e+01   6.2274270e+00   2.1431620e+00   9.5551000e-02
   2.0100000e+02   5.2113289e+01   2.7130960e+01   6.1781350e+00   2.2181650e+00   5.1300000e-04
   2.0200000e+02   5.2065983e+01   2.7115374e+01   6.0112540e+00   2.2108730e+00   5.7600000e-04
   2.0300000e+02   5.2055557e+01   2.7369049e+01   5.8715630e+00   2.2837350e+00   3.9420000e-03
   2.0400000e+02   5.2025612e+01   2.7828735e+01   6.0867260e+00   2.1994040e+00   4.6450000e-03
   2.0500000e+02   5.2003220e+01   2.7972439e+01   6.1091690e+00   2.2690750e+00   0.0000000e+00
   2.0600000e+02   5.2160461e+01   2.8183023e+01   5.5543190e+00   2.2790110e+00   2.2200000e-04
   2.0700000e+02   5.2299171e+01   2.8183960e+01   5.7373780e+00   2.2973680e+00   1.6170000e-03
   2.0800000e+02   5.2583755e+01   2.7838245e+01   4.9905430e+00   2.4064190e+00   7.2118160e+00
   2.0900000e+02   5.2463947e+01   2.7920847e+01   5.2255420e+00   2.3734230e+00   4.3835710e+00
   2.1000000e+02   5.2906525e+01   2.8370249e+01   4.8052570e+00   2.3340890e+00   3.3746800e+00
   2.1100000e+02   5.2959785e+01   2.8213104e+01   4.4213320e+00   2.2128080e+00   2.2757800e-01
   2.1200000e+02   5.3317051e+01   2.8862143e+01   3.8622060e+00   2.3000740e+00   1.0575385e+01
   2.1300000e+02   5.3844860e+01   2.8980427e+01   3.2729950e+00   2.1606520e+00   1.3780247e+01
   2.1400000e+02   5.4133633e+01   2.8832951e+01   3.7992140e+00   2.4636460e+00   6.8382450e+00
   2.1500000e+02   5.4326874e+01   2.8811758e+01   3.8091740e+00   2.4924870e+00   7.7879700e+00
   2.1600000e+02   5.4093403e+01   2.8892027e+01   3.5099680e+00   2.4515800e+00   1.9596809e+01
   2.1700000e+02   5.3409142e+01   2.8858902e+01   2.9854220e+00   2.3044410e+00   2.1265337e+01
   2.1800000e+02   5.3520626e+01   2.8753647e+01   3.6968840e+00   2.5359800e+00   2.7839109e+01
   2.2000000e+02   5.4746403e+01   2.9591223e+01   3.7585520e+00   2.4321520e+00   1.4676862e+01
   2.2100000e+02   5.5268833e+01   3.0024305e+01   3.9010990e+00   2.3164000e+00   5.2235760e+00
   2.2200000e+02   5.5379036e+01   2.9485664e+01   4.0180060e+00   2.6500710e+00   8.3085700e-01
   2.2300000e+02   5.5752075e+01   2.9443380e+01   3.9264500e+00   2.4619910e+00   1.6868210e+00
   2.2400000e+02   5.6064709e+01   2.9754496e+01   4.6432910e+00   2.3740730e+00   8.0240000e-03
   2.2500000e+02   5.6055534e+01   2.9765192e+01   4.2934800e+00   2.3629180e+00   1.3644090e+00
   2.2700000e+02   5.5292873e+01   3.0157173e+01   2.2340200e+00   2.4292860e+00   2.0170265e+01
   2.3000000e+02   5.2870159e+01   2.8800821e+01   1.9964210e+00   2.3627730e+00   4.6944927e+01
   2.3100000e+02   5.3178535e+01   2.8929647e+01   1.7075120e+00   2.2471680e+00   6.8901482e+01
   2.3200000e+02   5.3466534e+01   2.8946880e+01   1.4195830e+00   2.3057490e+00   4.6842892e+01
   2.3400000e+02   5.2916565e+01   2.9426846e+01   8.4796200e-01   2.5163220e+00   3.1292397e+01
