   3.6000000e+01   1.0914954e+02   1.0020968e+02   2.9854000e-01   2.0129170e+00   6.2550926e+01
   3.7000000e+01   1.0950661e+02   1.0012905e+02   4.3216400e-01   2.3159120e+00   1.2157286e+02
   3.8000000e+01   1.0946100e+02   9.9885773e+01   5.0331800e-01   2.1432480e+00   6.3721844e+01
   3.9000000e+01   1.0947874e+02   1.0014003e+02   6.3133600e-01   2.2933070e+00   5.6618443e+01
   4.0000000e+01   1.0949794e+02   9.9959511e+01   7.2116100e-01   2.2487740e+00   8.8407700e+01
   4.1000000e+01   1.0960073e+02   9.9810516e+01   8.9370800e-01   2.2466750e+00   7.5112801e+01
   4.2000000e+01   1.0948743e+02   9.9822662e+01   8.6260400e-01   2.3167390e+00   7.4019470e+01
   4.3000000e+01   1.0951701e+02   9.9665039e+01   1.1424650e+00   2.3838780e+00   6.0650394e+01
   4.4000000e+01   1.0964814e+02   9.9838081e+01   1.2402840e+00   2.2478170e+00   5.1646622e+01
   4.5000000e+01   1.0960480e+02   9.9796188e+01   1.3261490e+00   2.2721190e+00   5.5223698e+01
   4.6000000e+01   1.0971982e+02   9.9708702e+01   1.3942440e+00   2.2583390e+00   5.0900578e+01
   4.7000000e+01   1.0957557e+02   9.9420166e+01   1.4122960e+00   2.4313420e+00   7.2724129e+01
   4.8000000e+01   1.0956521e+02   9.9594788e+01   1.5830930e+00   2.4026630e+00   5.5158745e+01
   4.9000000e+01   1.0923975e+02   9.9341972e+01   1.6496360e+00   2.3202660e+00   3.9573299e+01
   5.0000000e+01   1.0887672e+02   9.9199989e+01   1.7874030e+00   2.2377970e+00   2.1659885e+01
   5.1000000e+01   1.0852772e+02   9.9194069e+01   1.8402900e+00   2.4530610e+00   1.4154506e+01
   5.2000000e+01   1.0841948e+02   9.9149902e+01   1.8587290e+00   2.3334470e+00   1.4646256e+01
   5.3000000e+01   1.0852679e+02   9.8936195e+01   1.8006830e+00   2.3815090e+00   2.0027761e+01
   5.4000000e+01   1.0792692e+02   9.8765175e+01   1.6045700e+00   2.3149600e+00   3.8493504e+01
   5.5000000e+01   1.0727657e+02   9.8066994e+01   1.3698400e+00   2.2625240e+00   5.2597595e+01
   5.6000000e+01   1.0683598e+02   9.8365982e+01   1.3235340e+00   2.3567940e+00   5.6430370e+01
   5.7000000e+01   1.0762647e+02   9.8307915e+01   1.2811360e+00   2.5221410e+00   9.3088715e+01
   5.8000000e+01   1.0773412e+02   9.8227486e+01   1.4195850e+00   2.2820250e+00   7.2368919e+01
   5.9000000e+01   1.0829078e+02   9.8100166e+01   1.2491350e+00   2.2987300e+00   6.6408264e+01
   6.0000000e+01   1.0786046e+02   9.8028877e+01   1.2632410e+00   2.2032310e+00   4.8833542e+01
   6.1000000e+01   1.0790376e+02   9.8227142e+01   1.2474050e+00   2.2334370e+00   3.6331547e+01
   6.2000000e+01   1.0786784e+02   9.8175529e+01   1.3810940e+00   2.2102380e+00   2.8141987e+01
   6.3000000e+01   1.0756573e+02   9.8571632e+01   1.2605230e+00   2.4925540e+00   4.0369812e+01
   6.4000000e+01   1.0762167e+02   9.8575813e+01   1.1337430e+00   2.4662910e+00   5.5391647e+01
   6.5000000e+01   1.0766555e+02   9.8874084e+01   1.2352820e+00   2.2444380e+00   4.5539791e+01
   6.7000000e+01   1.0706740e+02   9.8279274e+01   9.7630800e-01   2.1855340e+00   4.6378456e+01
   6.8000000e+01   1.0723720e+02   9.7743248e+01   1.1088100e+00   2.3388810e+00   9.4135101e+01
   7.0000000e+01   1.0842901e+02   9.8654091e+01   1.0921620e+00   2.3523120e+00   5.3182125e+01
   7.2000000e+01   1.0644812e+02   9.8548546e+01   1.0887870e+00   2.4438760e+00   9.6264740e+01
   7.3000000e+01   1.0599566e+02   9.8370102e+01   1.1222710e+00   2.2835460e+00   6.4734039e+01
   7.4000000e+01   1.0688607e+02   9.8397644e+01   7.8008100e-01   2.3737130e+00   1.1640288e+02
   7.5000000e+01   1.0661427e+02   9.8376419e+01   9.0477400e-01   2.4159700e+00   9.1292336e+01
   7.6000000e+01   1.0694080e+02   9.8358063e+01   9.2615300e-01   2.3146620e+00   6.3322201e+01
   7.7000000e+01   1.0736277e+02   9.8793312e+01   7.6965600e-01   2.1617250e+00   7.2169098e+01
   7.8000000e+01   1.0724696e+02   9.9041634e+01   8.1172700e-01   2.1497610e+00   7.2479599e+01
   7.9000000e+01   1.0749379e+02   9.9019608e+01   8.1749800e-01   2.3410620e+00   8.4787788e+01
   8.0000000e+01   1.0793062e+02   9.9105614e+01   5.9041100e-01   2.4329240e+00   1.5226537e+02
   8.1000000e+01   1.0767878e+02   9.8300079e+01   5.1782900e-01   2.3341010e+00   1.1740876e+02
