   4.5000000e+01   1.1973424e+02   1.0245008e+02   3.2637900e-01   2.2352770e+00   7.7145157e+01
   4.6000000e+01   1.1994191e+02   1.0224540e+02   4.9384700e-01   2.4812510e+00   1.1687039e+02
   4.7000000e+01   1.2015191e+02   1.0214691e+02   5.0273000e-01   2.4138560e+00   1.0152605e+02
   4.8000000e+01   1.2031844e+02   1.0222957e+02   6.2944100e-01   2.3082180e+00   8.0998413e+01
   4.9000000e+01   1.2016965e+02   1.0216228e+02   5.9437700e-01   2.3871560e+00   1.3862277e+02
   5.0000000e+01   1.2019097e+02   1.0216294e+02   8.2709200e-01   2.1650490e+00   9.1027222e+01
   5.1000000e+01   1.2029479e+02   1.0199419e+02   9.7666700e-01   2.2441820e+00   1.0026625e+02
   5.2000000e+01   1.2037940e+02   1.0201415e+02   1.0817030e+00   2.3239550e+00   1.0043761e+02
   5.3000000e+01   1.2026879e+02   1.0196790e+02   1.0887770e+00   2.2614640e+00   6.2287209e+01
   5.4000000e+01   1.2045794e+02   1.0196979e+02   1.0834220e+00   2.2597660e+00   5.9413528e+01
   5.5000000e+01   1.2032023e+02   1.0186837e+02   1.1685240e+00   2.3355370e+00   7.2165359e+01
   5.6000000e+01   1.2046973e+02   1.0163295e+02   1.3325820e+00   2.6474940e+00   5.6329628e+01
   5.7000000e+01   1.2010068e+02   1.0111968e+02   1.4982090e+00   2.3194620e+00   5.6514858e+01
   5.8000000e+01   1.2002210e+02   1.0056032e+02   1.5439940e+00   2.4669280e+00   7.8559631e+01
   5.9000000e+01   1.1982550e+02   9.9856049e+01   1.8429570e+00   2.3647430e+00   4.9994453e+01
   6.0000000e+01   1.1993736e+02   9.9243629e+01   1.7845410e+00   2.3358600e+00   3.1649885e+01
   6.1000000e+01   1.2064153e+02   9.8704926e+01   2.0854540e+00   2.6015400e+00   4.8891663e+01
   6.2000000e+01   1.2110606e+02   9.8099190e+01   2.1161650e+00   2.3061390e+00   4.2600594e+01
   6.3000000e+01   1.2201553e+02   9.7863655e+01   1.9315240e+00   2.3527790e+00   2.4062252e+01
   6.4000000e+01   1.2279919e+02   9.7650291e+01   1.4661590e+00   2.5704190e+00   6.1103207e+01
   6.5000000e+01   1.2331369e+02   9.7380302e+01   7.7957000e-01   2.9670370e+00   3.5134747e+01
   6.7000000e+01   1.2285531e+02   9.6821396e+01   6.6775500e-01   2.8755830e+00   8.3504097e+01
   6.9000000e+01   1.2196169e+02   9.5422798e+01   5.0955700e-01   3.4558230e+00   1.2933544e+01
