   1.2700000e+02   6.3829597e+01   1.0606267e+02   7.3523800e-01   1.7410250e+00   4.0387590e+00
   1.2800000e+02   6.3834717e+01   1.0594861e+02   7.0903200e-01   2.3308430e+00   6.8005119e+01
   1.2900000e+02   6.3751820e+01   1.0566604e+02   8.2541400e-01   1.9727930e+00   2.5280523e+01
   1.3000000e+02   6.3663383e+01   1.0553655e+02   9.4594200e-01   2.1912540e+00   6.0780151e+01
   1.3100000e+02   6.3644730e+01   1.0562807e+02   1.1635580e+00   1.9781940e+00   3.5800667e+01
   1.3200000e+02   6.3552994e+01   1.0541722e+02   1.3342560e+00   2.3239850e+00   9.1164139e+01
   1.3300000e+02   6.3636200e+01   1.0542682e+02   1.3161570e+00   2.2571560e+00   4.4365761e+01
   1.3400000e+02   6.3520580e+01   1.0543080e+02   1.6628370e+00   2.3405270e+00   2.3058186e+01
   1.3500000e+02   6.3415306e+01   1.0525605e+02   1.7766700e+00   2.1810840e+00   2.1502245e+01
   1.3600000e+02   6.3549854e+01   1.0528155e+02   1.9598380e+00   2.2810580e+00   4.0133778e+01
   1.3700000e+02   6.3577164e+01   1.0515903e+02   2.1299630e+00   2.2420670e+00   2.4969290e+01
   1.3800000e+02   6.3528362e+01   1.0520229e+02   2.2349700e+00   2.3285050e+00   3.3512321e+01
   1.3900000e+02   6.3344509e+01   1.0480244e+02   2.2812190e+00   2.2109890e+00   1.1085105e+01
   1.4000000e+02   6.3623764e+01   1.0465153e+02   2.4604900e+00   2.3142960e+00   4.7227100e+00
   1.4100000e+02   6.3733955e+01   1.0460059e+02   2.5286040e+00   2.3952290e+00   1.6551220e+00
   1.4200000e+02   6.3453831e+01   1.0432844e+02   2.5985060e+00   2.3948830e+00   2.1861404e+01
   1.4300000e+02   6.3461956e+01   1.0460153e+02   2.4667810e+00   2.4879260e+00   1.9248280e+01
   1.4400000e+02   6.3418331e+01   1.0427176e+02   2.4945290e+00   2.2769480e+00   5.7217990e+00
   1.4500000e+02   6.3547577e+01   1.0467775e+02   2.4222690e+00   2.3654790e+00   1.9260305e+01
   1.4600000e+02   6.3571796e+01   1.0502345e+02   2.4450950e+00   2.1864930e+00   1.8504562e+01
   1.4700000e+02   6.3723827e+01   1.0494726e+02   2.8187380e+00   2.1284850e+00   1.9291393e+01
   1.4800000e+02   6.3665585e+01   1.0482484e+02   2.4242410e+00   2.2156600e+00   2.5614822e+01
   1.4900000e+02   6.3542778e+01   1.0495268e+02   2.2383100e+00   2.2468420e+00   1.2282815e+01
   1.5000000e+02   6.3458618e+01   1.0474178e+02   2.0484120e+00   2.2718240e+00   4.9348650e+00
   1.5100000e+02   6.3544666e+01   1.0488569e+02   2.2883870e+00   2.2127100e+00   2.6181260e+00
   1.5200000e+02   6.3360401e+01   1.0462204e+02   2.0646150e+00   2.2516830e+00   3.0407860e+00
   1.5300000e+02   6.3232521e+01   1.0439066e+02   2.0705820e+00   2.2033120e+00   7.8839500e+00
   1.5400000e+02   6.3032280e+01   1.0456508e+02   2.0428150e+00   2.1526440e+00   5.3799060e+00
   1.5500000e+02   6.3038975e+01   1.0433465e+02   1.9289130e+00   2.2370410e+00   1.2994173e+01
   1.5600000e+02   6.3083393e+01   1.0430804e+02   1.8500540e+00   2.1447170e+00   1.1068721e+01
   1.5700000e+02   6.2713226e+01   1.0444354e+02   1.5931440e+00   2.4102810e+00   3.5593761e+01
   1.5800000e+02   6.2228416e+01   1.0458463e+02   1.8094970e+00   2.2867800e+00   1.8639925e+01
   1.5900000e+02   6.2597805e+01   1.0490155e+02   1.5027600e+00   2.1996000e+00   2.6712507e+01
   1.6000000e+02   6.2569935e+01   1.0422671e+02   1.3401030e+00   2.3498220e+00   3.5096363e+01
   1.6100000e+02   6.2798481e+01   1.0375665e+02   1.1675340e+00   2.4834650e+00   5.4936905e+01
   1.6200000e+02   6.2888130e+01   1.0398896e+02   1.1111740e+00   2.0841490e+00   2.0586359e+01
   1.6300000e+02   6.2602997e+01   1.0473358e+02   8.8187300e-01   2.3081600e+00   4.0353271e+01
   1.6500000e+02   6.1944206e+01   1.0580337e+02   8.4430800e-01   2.1554290e+00   3.0459349e+01
   1.6600000e+02   6.1653610e+01   1.0553336e+02   6.3537000e-01   2.2894280e+00   6.6206299e+01
