%% Trajectory 163
164 13.957212 83.415451 0.796820 1.955402 22.635920
165 13.962497 83.335762 0.878953 2.311047 46.496468
166 13.362250 83.417137 1.166417 2.079372 54.460117
167 13.676171 83.252670 1.082499 2.632172 29.138844
168 13.819965 83.300270 0.965660 1.956908 30.727465
169 14.035659 83.998589 1.140436 2.389852 33.678524
170 13.750308 83.402229 1.342335 2.120363 29.864021
171 13.534756 83.522255 1.649508 2.199545 58.724812
172 13.742753 83.544189 1.607756 2.346573 70.976768
173 13.785330 83.613022 1.759205 2.097062 57.027046
174 13.699765 83.657944 1.487422 2.212172 75.870041
175 13.839381 83.363594 1.566985 2.283541 77.704704
176 13.522061 83.595901 1.918060 2.230716 53.898598
177 13.737878 83.558174 1.447494 2.177008 42.900173
178 13.680171 83.370796 2.030240 2.092908 20.252583
179 13.823607 83.379639 2.056864 2.236745 17.590496
180 13.612045 83.471962 1.821908 2.231280 56.217594
181 13.783241 83.718369 2.202829 2.268069 26.711197
182 13.720930 83.671120 2.038178 2.176930 41.190159
183 13.678020 83.486603 2.026716 2.251178 51.835751
184 13.714467 83.486000 2.067475 2.220056 36.430161
185 13.668468 83.698105 2.262281 2.137025 17.229147
186 13.675651 83.534355 2.392484 2.232402 24.459011
187 13.735070 83.495636 2.008592 2.243763 44.996662
188 13.727785 83.417747 2.176563 2.257101 50.902519
189 14.032349 83.816620 2.235776 2.009620 21.785765
190 13.962517 83.488098 2.083985 2.137298 28.116468
191 14.094706 83.707634 1.862982 2.059254 24.500092
192 14.356553 83.486137 1.610120 2.322709 56.820095
193 14.376732 83.755241 2.158137 2.427024 23.034885
194 14.468359 83.561623 1.511093 2.415090 39.978798
195 14.644183 83.793282 1.396713 2.227083 65.246483
196 14.742813 83.917709 0.980813 2.423330 50.452728
197 14.951516 84.149712 1.632312 2.132987 27.146061
198 14.517504 84.787468 2.053506 2.312307 31.737095
199 15.097459 84.923042 1.331288 2.192204 31.583302
201 15.894201 86.519379 1.679922 2.527138 31.015957
202 15.885182 86.583206 1.759839 2.444783 34.047302
203 16.651083 87.006615 1.935165 2.357060 41.347816
204 16.553627 87.117012 1.472365 2.487962 55.729252
205 15.759868 87.299339 1.479721 2.156705 25.359350
206 15.893403 87.281784 1.634657 2.113780 39.544628
207 16.270449 87.659996 0.964687 2.483320 40.382038
209 15.700280 87.192764 0.654111 2.526901 62.151787
