   4.8000000e+01   8.5688271e+01   8.9896301e+01   5.0331900e-01   2.5120200e+00   5.8443016e+01
   4.9000000e+01   8.5358444e+01   8.9939926e+01   4.9702300e-01   2.3716860e+00   4.0066109e+01
   5.0000000e+01   8.5100288e+01   8.9809502e+01   5.7804500e-01   2.0979350e+00   6.5174294e+01
   5.1000000e+01   8.5664299e+01   8.9992775e+01   5.4986200e-01   2.0648210e+00   4.5251637e+01
   5.2000000e+01   8.5668655e+01   9.0175880e+01   7.7658900e-01   2.4368270e+00   5.0044659e+01
   5.3000000e+01   8.5571716e+01   8.9972214e+01   8.9564500e-01   2.6043810e+00   5.5387943e+01
   5.4000000e+01   8.5788277e+01   9.0061157e+01   1.1622760e+00   2.3084120e+00   3.2243000e+01
   5.5000000e+01   8.5677841e+01   9.0210342e+01   1.2363100e+00   2.3004960e+00   3.5369091e+01
   5.6000000e+01   8.5750473e+01   9.0247093e+01   1.5099270e+00   2.3711360e+00   2.8774990e+01
   5.7000000e+01   8.5746483e+01   9.0309258e+01   1.5223340e+00   2.4448780e+00   3.4670696e+01
   5.8000000e+01   8.5705185e+01   9.0699524e+01   1.5638740e+00   2.6584450e+00   4.6861511e+01
   5.9000000e+01   8.5571480e+01   9.0426048e+01   1.6633770e+00   2.6376480e+00   4.5461670e+01
   6.0000000e+01   8.5584045e+01   9.0745766e+01   1.4810900e+00   2.7955070e+00   2.5128239e+01
   6.1000000e+01   8.5644287e+01   9.0586266e+01   1.6035250e+00   2.4806310e+00   4.5525993e+01
   6.2000000e+01   8.5523552e+01   9.0668289e+01   1.6772280e+00   2.5483510e+00   3.3596668e+01
   6.3000000e+01   8.5408905e+01   9.0942795e+01   1.5806320e+00   2.8275690e+00   1.7662127e+01
   6.4000000e+01   8.5129692e+01   9.1040688e+01   2.1374660e+00   2.3264520e+00   3.9273277e+01
   6.5000000e+01   8.5989281e+01   9.0946632e+01   2.0829980e+00   2.2062390e+00   2.4093042e+01
   6.6000000e+01   8.6271751e+01   9.1237404e+01   2.2721570e+00   2.2633650e+00   1.5044065e+01
   6.7000000e+01   8.6347755e+01   9.1233978e+01   2.4478380e+00   2.3141110e+00   2.7089098e+01
   6.8000000e+01   8.5470108e+01   9.1285492e+01   2.2282730e+00   2.4902990e+00   3.2568356e+01
   6.9000000e+01   8.5374580e+01   9.1516197e+01   1.7989010e+00   2.5335130e+00   2.9754681e+01
   7.0000000e+01   8.5964859e+01   9.0931915e+01   2.2306130e+00   2.2694650e+00   2.6876268e+01
   7.1000000e+01   8.6480972e+01   9.1261269e+01   2.0842330e+00   2.4514880e+00   5.5265003e+01
   7.2000000e+01   8.6911346e+01   9.1469360e+01   1.8345250e+00   2.3990370e+00   3.6477520e+01
   7.4000000e+01   8.5710815e+01   9.0990364e+01   1.2903400e+00   2.4107740e+00   7.4932213e+01
   7.5000000e+01   8.5613930e+01   9.1346039e+01   1.4298260e+00   2.5642200e+00   5.7303875e+01
   7.6000000e+01   8.5672531e+01   9.1716270e+01   7.3476700e-01   2.8319000e+00   1.1393842e+02
