%% Trajectory 91
173 98.517738 50.061592 1.855536 2.235489 85.159721
175 98.817986 50.850273 1.817035 2.507046 28.742262
176 98.729080 50.283024 1.817914 2.288832 50.948009
177 98.428543 50.701351 1.990475 2.368624 33.752666
178 99.011635 50.458977 1.672684 2.396824 51.331596
179 98.685318 50.874706 1.531297 2.076900 27.418987
181 98.614983 50.221664 2.098399 2.095150 72.210617
182 98.762497 50.685333 1.659212 2.236193 61.269482
184 98.904739 50.146366 2.066781 2.143440 50.247250
185 98.751122 50.823391 1.384579 2.244391 45.102448
186 98.662163 50.697186 1.611378 2.260968 84.115112
187 98.937553 49.978680 2.188097 2.231490 66.639618
188 98.683281 50.453770 1.950224 2.336137 64.786819
189 98.707603 50.453762 1.900395 2.267604 58.716084
190 99.024399 50.021004 1.392074 2.442751 61.422207
191 98.736176 50.206825 1.541866 2.033263 14.451012
192 98.704239 50.772854 1.656358 2.352760 26.813822
194 98.418190 50.516964 1.371896 2.558043 60.420155
195 99.073463 50.844738 1.233912 2.174848 41.064056
197 98.636307 50.269886 1.555512 2.309816 23.309580
199 98.800201 50.476860 1.807031 2.202787 37.481136
200 98.505577 50.515568 1.959641 2.548621 27.727692
201 98.650917 50.396835 1.657950 2.271247 41.931149
203 98.876549 50.513802 1.657905 2.270653 66.497856
%% Trajectory 111
210 98.633797 50.408195 1.231963 2.188584 28.774643
211 98.357567 51.048992 1.540579 2.433147 53.454575
212 98.826004 50.500912 1.606005 2.506299 49.150925
213 98.619949 50.501339 1.717637 2.350376 41.464947
214 98.573647 50.312885 1.418714 1.926661 29.708153
215 98.467911 50.373840 1.514419 2.175543 40.513714
216 98.941956 50.041389 1.811312 1.932008 40.339787
217 98.826393 50.654049 1.928872 2.104854 23.553518
218 98.817245 50.943726 1.553755 2.494039 70.742493
219 98.657524 50.365192 1.725683 2.194394 67.217659
221 98.593864 49.938606 1.298038 2.036939 30.689863
222 98.784348 50.370163 1.407528 2.041371 7.436720
223 98.184715 50.329395 1.445814 2.448608 53.097443
224 98.192390 50.713802 2.268502 2.246608 47.730633
226 98.559441 50.183372 1.268576 2.266288 80.615349
227 98.741524 50.290276 1.548667 2.315344 77.825340
228 98.141640 50.539970 1.642996 2.329352 38.842896
229 98.433769 50.115685 2.088805 2.408585 32.183681
230 98.603111 50.361881 2.024779 2.447439 57.877129
231 98.418610 50.596405 2.097726 2.460815 45.334785
233 98.696892 50.397751 1.870578 2.200651 76.214531
235 98.616966 50.719887 2.530344 2.243374 61.212799
238 98.592484 49.900864 1.782823 2.465976 59.176456
239 98.818588 50.496956 2.184422 2.183482 59.162277
240 98.571999 50.972107 1.673501 2.779871 54.188831
241 99.067253 50.663891 1.747363 2.124478 47.491776
242 98.860039 50.561123 1.601105 2.039154 31.296265
243 98.608803 50.934036 1.642914 2.240299 45.353714
244 98.771759 51.071491 1.894783 2.814227 47.838497
245 98.502464 50.683971 1.426035 2.170429 53.801907
246 98.833862 50.605621 1.614303 2.116878 63.500916
247 98.764160 50.487862 1.844827 2.294849 55.984337
248 98.666656 50.438923 2.054971 2.180731 37.390362
249 98.970367 50.469860 2.474579 2.141869 29.790119
250 98.644310 50.757877 2.164577 2.105682 23.364622
251 98.890610 50.638760 2.009902 1.855994 23.663141
252 98.652390 50.679573 2.019963 2.303403 35.919220
253 98.959930 50.281124 1.889552 2.304901 56.749104
254 98.642090 50.370842 1.893984 2.094501 83.764824
255 98.909622 50.414696 1.848334 2.352686 64.392319
256 98.962051 50.859833 2.186321 1.996684 28.716160
257 98.600197 50.205654 2.059080 2.173414 71.057701
258 98.605705 50.874352 1.376899 2.169127 47.402653
259 98.937996 50.686836 2.138314 2.432445 72.302414
260 98.550781 50.789703 2.463062 2.345236 25.689440
262 98.698357 50.653156 2.682982 2.401827 16.973955
264 98.554672 50.547256 2.000454 2.275845 68.583038
265 98.662766 50.536846 1.684351 2.339112 76.864235
266 98.634445 50.499882 1.591000 2.353971 35.517426
267 98.586571 50.554104 1.507758 2.415184 74.106361
268 98.721375 50.784904 2.002119 2.124257 58.633320
270 98.675552 50.409611 1.740540 2.166812 53.141670
271 98.575989 50.230061 2.470044 2.207535 32.289940
272 98.947983 50.493320 1.850306 2.001129 49.034702
273 99.030220 50.534061 1.857496 2.053746 32.671055
275 98.858986 50.614243 1.812826 2.096200 55.732979
276 99.007378 50.833702 1.927271 2.318270 106.787415
277 98.837013 50.478069 1.635418 2.107407 66.169853
278 98.806259 50.226391 1.703291 2.089483 53.194080
279 99.156273 50.962898 1.681893 1.902511 34.345108
280 98.872429 50.359875 1.602114 2.570023 29.570215
282 98.906441 51.171535 2.016969 2.117433 44.955936
283 98.898239 50.681961 1.489489 2.192201 11.332259
285 98.836426 50.878681 1.575009 2.468764 46.456459
286 98.706284 50.834297 2.170578 2.183605 67.112457
287 99.233612 50.944958 2.086801 2.075229 43.725571
288 99.180984 50.635464 1.271585 2.163781 31.302788
289 98.903152 51.301746 1.148110 2.298190 72.429604
