%% Trajectory 79
149 164.724426 133.971558 1.298381 2.272867 31.120205
150 164.731125 134.114349 1.264221 1.910297 32.224422
151 164.223862 134.323074 1.998478 2.238433 82.557915
152 164.521332 134.368134 1.303550 2.146441 66.498650
153 163.977478 134.116882 1.686749 2.357363 55.599514
156 164.474152 134.203461 1.969886 2.228092 75.609337
157 164.655563 134.354446 1.621195 2.112261 43.126068
158 164.769608 134.045074 1.993399 2.256597 75.457695
159 164.617828 134.203888 1.461930 2.143920 44.013187
160 164.366226 134.090836 1.520881 2.341957 46.648376
161 164.608780 134.096085 1.593930 2.348557 72.689850
162 164.377808 133.776505 1.650014 2.563931 73.841499
163 164.192215 134.334335 1.745913 2.010644 52.282154
164 164.640488 134.351425 2.010488 2.085701 57.659817
165 164.471725 134.427963 1.817063 2.431513 57.572762
166 164.507309 134.436798 1.726466 2.484599 95.581718
167 164.503418 134.103668 2.102606 2.145462 75.538368
168 164.295853 133.836639 2.177823 2.149577 93.381134
169 164.593216 134.445465 1.932511 2.351680 92.134506
170 164.368912 133.713730 1.988387 2.310362 75.749290
171 164.462112 133.878052 2.008528 2.134759 44.717262
172 164.661728 133.942825 2.846532 1.989134 26.865812
174 164.254288 133.756393 2.972480 2.199939 19.513039
175 164.364731 133.920639 2.475328 1.945954 71.750526
176 164.704056 133.859558 2.521088 1.905795 52.566353
177 164.718384 133.971817 2.553351 2.203100 55.883713
178 164.374847 133.788422 2.928616 2.178930 32.872734
179 164.486755 133.916870 2.122915 2.216323 49.606026
180 164.267914 134.186386 1.621773 2.083149 65.341850
181 164.056808 134.216354 2.350028 2.103386 69.396957
182 164.522491 133.755600 1.914482 2.189109 67.020393
183 164.358459 133.977432 2.723826 2.053499 42.182896
184 164.593018 133.922134 2.363712 2.711057 38.631565
185 164.669617 133.720062 2.081661 2.244679 43.486469
186 164.554108 133.854599 2.350892 2.110931 36.247047
187 164.229965 133.858032 1.956262 2.459207 52.166191
189 164.450699 133.881744 2.107395 2.216787 47.407928
190 164.479340 133.630737 2.267837 2.317458 37.274780
191 164.339249 134.016663 2.751503 2.135815 33.469173
192 164.280106 133.732605 2.263329 2.199122 35.214500
193 164.253540 134.193542 2.304630 2.263801 47.957642
194 164.191498 134.104034 2.245950 2.233380 54.926178
195 164.077728 134.085800 2.007879 2.174782 26.130987
196 164.073883 134.019028 2.250875 2.080654 45.151253
197 163.988037 133.885559 3.009260 2.009036 27.382832
198 163.792694 134.302750 2.248643 2.296402 22.686195
199 163.863525 134.203659 2.269025 2.003769 29.204042
200 163.756927 134.247101 1.352079 2.371279 61.450455
%% Trajectory 107
204 163.323990 134.375565 1.582096 2.212445 35.279423
205 164.063187 133.950974 1.717927 2.034621 68.560394
206 163.914795 134.178848 1.499181 2.222025 64.419998
207 163.776733 134.623398 1.552647 2.178199 55.732136
208 163.833023 134.335876 1.750116 2.340945 63.531559
