%% Trajectory 10
0 128.953888 125.470161 1.638478 2.261789 59.904449
1 129.739822 125.526428 1.119808 2.210363 59.255207
2 129.276169 125.482849 1.312054 2.231444 85.503731
3 129.369705 125.459755 1.513866 2.470916 95.953278
4 129.149200 125.661781 1.493746 2.131160 73.822166
5 129.232849 125.616074 1.494235 2.236597 95.773552
6 129.131760 125.730423 1.649945 2.197711 80.357765
7 129.633743 125.406448 1.855112 2.488366 66.883240
8 129.514343 125.909195 1.373530 2.194511 65.032478
9 129.731888 125.508141 1.326064 2.362659 98.412292
10 128.930603 125.846336 1.373669 2.449057 96.693398
11 129.368317 125.881126 1.823523 2.103978 39.987228
13 129.243881 125.708794 1.614342 2.296688 101.814896
14 129.497925 125.385567 2.447331 2.404385 43.960480
15 129.257797 125.462784 1.944432 2.397266 62.489410
16 129.434387 125.695122 1.913584 2.616461 52.606537
17 129.007935 125.858070 1.728368 2.166008 39.208332
19 129.629715 125.294922 1.708692 2.261169 73.527725
20 129.376602 125.680382 2.092416 2.301014 55.729912
21 129.379913 125.408348 2.424186 2.369203 40.051975
22 129.114929 125.566154 2.202178 2.445560 44.069130
23 129.233078 125.688957 1.868784 2.075210 56.260921
25 129.279236 125.661415 2.188722 2.295098 53.141483
26 129.509048 125.784363 2.241511 2.384939 21.267834
27 129.218353 125.317001 2.371799 2.331816 57.842163
28 129.537338 125.825294 2.873837 2.246722 24.031189
29 129.361710 125.261711 2.576897 2.235391 47.783550
30 129.347748 125.683220 1.984682 2.301868 37.747646
31 129.220596 125.500763 2.313742 2.374657 36.297974
32 129.528671 125.660789 2.676760 2.227458 44.239025
33 129.135605 125.634987 2.290002 2.177874 54.350948
34 129.191742 125.868172 2.512240 2.024297 17.127314
35 129.442413 125.859886 2.292440 2.583666 23.867771
36 129.151062 125.413597 1.569081 2.351113 93.940407
37 129.035645 125.548851 1.983003 2.101901 33.319565
38 129.152588 125.389404 2.398723 2.079923 31.999563
39 129.009277 125.073303 1.944110 2.131598 45.257454
40 129.309601 125.500923 1.997226 2.440703 34.784008
41 129.177628 125.453407 2.855977 2.227772 14.297814
42 129.416290 125.513268 2.306889 2.471554 29.900370
43 129.525742 125.744484 2.283625 2.422883 27.694876
44 129.558578 125.421837 2.557209 2.406738 26.754702
45 129.247345 125.657967 3.164829 2.237244 24.447786
46 129.446060 125.459686 2.559623 2.462049 26.642250
47 129.224670 125.610832 2.650751 2.202169 38.365078
48 129.176865 125.496346 2.311555 2.364467 22.139008
49 129.391922 125.327316 3.127086 2.344081 9.862521
50 129.565491 125.376091 2.839204 2.255916 4.025054
51 129.360336 125.516792 2.986737 2.448274 13.349714
52 129.268066 125.447159 2.925748 2.395150 15.922560
53 129.231949 125.470154 2.996738 2.588010 6.982603
54 129.308258 125.701996 2.125892 2.303423 48.495392
55 129.429932 125.454567 2.967685 2.428894 12.800234
56 129.173386 125.382576 2.722774 2.457116 25.534071
57 129.398956 125.463821 3.325208 2.436713 11.406810
58 129.383911 125.504509 3.136761 2.438691 16.329517
59 129.180573 125.345985 3.634547 2.321979 0.031667
60 129.105362 125.740036 2.952567 2.461009 6.830449
61 128.959946 125.343193 2.956221 2.167709 24.082531
62 129.394501 125.387558 2.835457 2.323451 12.546223
63 129.376785 125.259178 3.342264 2.308383 10.624875
65 129.330643 125.644066 2.562495 2.575490 19.445805
66 129.344559 125.826035 2.807080 2.177202 16.294624
67 129.519867 125.455116 2.699421 2.568354 19.079397
68 129.488159 125.380180 2.908715 2.434009 12.672486
69 129.283478 125.376457 3.113320 2.369968 6.120378
70 129.241699 125.394257 2.843914 2.343193 18.895138
71 129.483856 125.267532 3.713976 2.382736 2.923334
72 129.394653 125.275246 3.091670 2.374435 2.868510
73 129.188370 125.332817 2.554618 2.528906 17.967537
74 129.401489 125.473938 2.938625 2.319992 13.969361
75 129.352615 125.693520 2.859465 2.486958 28.309526
76 129.271271 125.588440 3.260811 2.232957 15.512049
77 129.357544 125.760231 2.579660 2.029836 41.803661
78 129.083145 125.395401 3.144295 2.299875 17.148956
79 129.101654 125.634178 3.185068 2.215930 15.363749
80 129.545715 125.382912 3.042879 2.313642 20.148199
81 129.277649 125.814606 3.670031 2.265383 13.789502
82 129.086823 125.159225 3.108898 2.286684 18.170059
83 129.144638 125.503494 3.697475 2.434263 10.506433
84 129.264450 125.583984 3.009492 2.296402 17.718384
85 129.246094 125.162422 2.961251 2.254043 13.204448
86 129.308411 125.474129 2.787831 2.321593 3.753469
87 128.944977 125.474121 2.132769 2.648529 45.959972
88 129.363312 125.383904 2.345099 2.313396 22.359484
89 129.080536 125.668068 2.848316 2.219745 1.914085
90 129.233154 125.346504 3.148009 2.234925 15.193348
91 129.378952 125.473816 3.415602 2.464877 14.072233
92 129.376801 125.312714 3.424931 2.224198 6.980556
93 129.224548 125.380150 3.341619 2.270118 9.947327
94 129.320160 125.353561 3.082812 2.296239 4.288912
95 129.285553 125.465828 2.839883 2.412011 19.599129
96 129.044434 125.455612 3.617052 2.350688 3.117504
97 129.182587 125.331017 3.717336 2.287652 6.193985
98 129.172043 125.476952 3.292674 2.181447 15.109506
99 128.754990 125.327576 3.485850 2.193477 15.838417
100 129.254684 125.658302 3.605025 2.341768 2.245730
101 129.198151 125.316185 3.144948 2.295760 0.804371
103 129.190826 125.183464 3.743531 2.305817 1.207150
104 129.058136 125.429283 3.114844 2.449698 13.005301
105 129.011993 125.498116 3.207290 2.520784 10.683866
106 129.273880 125.422173 3.723682 2.338756 11.121988
107 129.272018 125.678413 3.520786 2.337366 0.125932
108 129.118515 125.709412 3.408695 2.282717 7.476664
109 129.294540 125.575623 3.062175 2.286603 17.440302
110 129.119202 125.291191 3.417416 2.256345 1.390572
111 129.160172 125.367714 3.398232 2.425760 0.207379
112 129.111588 125.629593 3.658596 2.382110 15.449299
113 129.285110 125.435043 3.052274 2.395560 14.125837
114 129.317093 125.469528 3.299112 2.347999 13.356283
116 128.931305 125.635422 3.096963 2.228419 6.372128
118 129.065186 125.314842 3.408288 2.306285 0.267934
119 129.166611 125.552032 3.923975 2.345593 10.143107
120 129.196396 125.442070 4.209740 2.284580 6.170869
121 129.271072 125.285912 3.331508 2.339367 11.639880
122 129.084152 125.465118 4.058237 2.350210 5.507866
123 129.197021 125.762985 4.516233 2.350068 1.285129
124 129.212540 125.593819 4.540399 2.230295 14.022293
125 129.265274 125.509735 4.055361 2.439625 3.875765
126 129.055298 125.077377 4.330453 2.177748 3.494343
127 129.061325 125.426697 4.861125 2.411089 7.874108
128 128.885056 125.413338 4.813926 2.364922 13.470483
129 128.881180 125.452011 4.493651 2.401308 1.892051
130 129.270554 125.293533 4.510650 2.321811 14.768047
131 129.125748 125.624763 4.173917 2.249698 13.140237
132 128.922012 125.377045 4.047323 2.170069 15.048328
134 129.131210 125.364037 5.562980 2.318274 0.000842
135 128.736450 125.388031 4.917069 2.433576 1.976025
137 128.555603 125.649162 4.939918 2.546616 0.167239
138 128.945145 125.486496 4.763337 2.322740 4.465525
139 128.789505 125.631363 4.544491 2.327834 0.496820
140 128.735214 125.633926 4.569714 2.402161 13.460154
141 128.808014 125.676170 4.605837 2.255301 0.466132
142 128.846207 125.488251 5.082817 2.435650 1.180287
143 128.801483 125.374359 4.675760 2.322960 2.809945
144 128.975266 125.469734 3.866122 2.289191 10.238873
146 128.732513 125.641891 3.709675 2.290915 0.404396
147 128.620087 125.749748 3.661841 2.209334 1.161524
149 128.540054 125.396248 2.676711 2.599381 21.080317
150 128.715134 125.469788 3.134548 2.359593 11.205664
151 128.669434 125.501785 2.469267 2.238227 34.327652
152 128.616974 125.560326 3.322883 2.455759 12.734608
153 128.339951 125.430489 3.011511 2.634235 16.314402
154 128.641846 125.582817 2.763729 2.325209 26.666954
155 128.373245 125.554482 3.227723 2.422983 13.881043
156 128.737320 125.925026 3.020001 2.043426 14.370902
157 128.301880 125.641212 2.671777 2.375906 41.799393
158 128.614578 125.887314 2.485578 2.377114 53.352688
159 128.738144 125.361786 1.959365 2.308677 54.627495
160 128.541656 125.334732 2.035613 2.380616 69.399788
161 128.382095 125.807793 2.388301 2.323112 46.957161
162 128.176010 125.435738 2.722610 2.396974 24.847055
163 128.191193 124.885933 1.919237 2.198032 46.703468
164 128.028488 125.695885 1.906548 2.193674 64.959312
165 128.179825 125.407585 2.099126 2.365277 73.808022
166 128.390686 124.866394 1.334586 2.283918 97.941872
167 128.058090 125.138344 1.809544 2.278112 84.994705
168 127.932610 124.935555 1.816239 2.275202 113.395935
%% Trajectory 90
169 128.705612 125.534286 2.313825 2.435960 72.067352
172 128.330399 125.760017 1.535631 2.507353 30.639933
173 128.341583 125.098900 1.889062 2.075205 92.973999
174 127.902954 124.699417 1.553495 2.490403 29.276936
