#                  frames                    t (s)                  x (pxl)                  y (pxl)                        f
                    -57.0      -1.9677000000000038                      nan                      nan                      nan
                    -56.0      -1.8740000000000037                      nan                      nan                      nan
                    -55.0      -1.7803000000000035                      nan                      nan                      nan
                    -54.0      -1.6866000000000034                      nan                      nan                      nan
                    -53.0      -1.5929000000000033                      nan                      nan                      nan
                    -52.0      -1.4992000000000032                      nan                      nan                      nan
                    -51.0       -1.405500000000003                      nan                      nan                      nan
                    -50.0       -1.311800000000003                      nan                      nan                      nan
                    -49.0      -1.2181000000000028                      nan                      nan                      nan
                    -48.0      -1.1244000000000027                      nan                      nan                      nan
                    -47.0      -1.0307000000000028                      nan                      nan                      nan
                    -46.0      -0.9370000000000028                      nan                      nan                      nan
                    -45.0      -0.8433000000000028                      nan                      nan                      nan
                    -44.0      -0.7496000000000028                      nan                      nan                      nan
                    -43.0      -0.6559000000000028                      nan                      nan                      nan
                    -42.0      -0.5622000000000028                      nan                      nan                      nan
                    -41.0      -0.4685000000000028                      nan                      nan                      nan
                    -40.0      -0.3748000000000028                      nan                      nan                      nan
                    -39.0      -0.2811000000000028                      nan                      nan                      nan
                    -38.0      -0.1874000000000028                      nan                      nan                      nan
                    -37.0     -0.09370000000000278                      nan                      nan                      nan
                    -36.0  -2.7755575615628914e-15                      nan                      nan                      nan
                    -35.0      0.09369999999999723                      nan                      nan                      nan
                    -34.0      0.18739999999999724                      nan                      nan                      nan
                    -33.0      0.28109999999999724                      nan                      nan                      nan
                    -32.0      0.37479999999999725                      nan                      nan                      nan
                    -31.0      0.46849999999999725                      nan                      nan                      nan
                    -30.0       0.5621999999999973                      nan                      nan                      nan
                    -29.0       0.6558999999999973                      nan                      nan                      nan
                    -28.0       0.7495999999999973                      nan                      nan                      nan
                    -27.0       0.8432999999999973                      nan                      nan                      nan
                    -26.0       0.9369999999999973                      nan                      nan                      nan
                    -25.0       1.0306999999999973                      nan                      nan                      nan
                    -24.0       1.1243999999999974                      nan                      nan                      nan
                    -23.0       1.2180999999999975                      nan                      nan                      nan
                    -22.0       1.3117999999999976                      nan                      nan                      nan
                    -21.0       1.4054999999999978                      nan                      nan                      nan
                    -20.0       1.4991999999999979                      nan                      nan                      nan
                    -19.0        1.592899999999998                      nan                      nan                      nan
                    -18.0        1.686599999999998                      nan                      nan                      nan
                    -17.0       1.7802999999999982                      nan                      nan                      nan
                    -16.0       1.8739999999999983                      nan                      nan                      nan
                    -15.0       1.9676999999999985                      nan                      nan                      nan
                    -14.0       2.0613999999999986                      nan                      nan                      nan
                    -13.0       2.1550999999999987                      nan                      nan                      nan
                    -12.0        2.248799999999999                      nan                      nan                      nan
                    -11.0        2.342499999999999                      nan                      nan                      nan
                    -10.0        2.436199999999999                      nan                      nan                      nan
                     -9.0        2.529899999999999                      nan                      nan                      nan
                     -8.0       2.6235999999999993                      nan                      nan                      nan
                     -7.0       2.7172999999999994                      nan                      nan                      nan
                     -6.0       2.8109999999999995                      nan                      nan                      nan
                     -5.0       2.9046999999999996                      nan                      nan                      nan
                     -4.0       2.9983999999999997                      nan                      nan                      nan
                     -3.0                   3.0921                      nan                      nan                      nan
                     -2.0                   3.1858                      nan                      nan                      nan
                     -1.0                   3.2795                      nan                      nan                      nan
                      0.0                   3.3732       0.4887638649752958       0.0432862221711844                 6.362267
                      1.0       3.4669000000000003       0.5233340794370565     0.043632392747585944                 5.888957
                      2.0                   3.5606       0.5633577963506787      0.09422756730423011                 6.180358
                      3.0                   3.6543       0.5427853327249401      0.05995242591331561                 6.424616
                      4.0                    3.748       0.4927949598672837       0.1329023108381948                 6.388103
                      5.0       3.8417000000000003       0.4481793597510043       0.1694107642464735                 6.623323
                      6.0       3.9354000000000005      0.41284254655402686        0.237158782749467                 6.720982
                      7.0        4.029100000000001      0.41128621230622875       0.3476261428551036                 6.945162
                      8.0                   4.1228     0.033151720887011904      0.16908090977078138                 7.413875
                      9.0                   4.2165      -0.0945013749309267     0.045545335744113624                  7.96593
                     10.0                   4.3102     -0.17537824184959996     -0.06765025134046229                 7.820537
                     11.0                   4.4039     -0.22190230183137039     -0.13911637089239026                  7.78762
                     12.0                   4.4976     -0.17856152840411013     -0.06473899616239044                 7.729779
                     13.0                   4.5913     -0.27248479728160396     -0.15794028233574448                 7.659691
                     14.0       4.6850000000000005      -0.3185834558590707      -0.1960647576024072                   7.9081
                     15.0        4.778700000000001     -0.25542193209787506     -0.20858793967269756                 7.999797
                     16.0        4.872400000000001     -0.34720948241623223     -0.26899228077128323                 7.718612
                     17.0        4.966100000000001     -0.23133991093912132     -0.17366522904036752                   7.6097
                     18.0                   5.0598      0.06154850049726976      -0.0606404084819511                  7.72295
                     19.0                   5.1535    -0.004594944865184004     -0.12199481589970473                 7.508514
                     20.0                   5.2472    -0.027527693193026125      -0.0709078717834936                 7.451543
                     21.0                   5.3409     -0.15398424359064516    -0.045432487850487924                 7.606121
                     22.0                   5.4346     -0.14189715964176325     -0.12202654043039804                 7.906689
                     23.0                   5.5283     -0.22163516625260726     -0.12613132808990501                 7.900842
                     24.0                    5.622     -0.16294774080108007     -0.13571608859147688                 7.498916
                     25.0                   5.7157     -0.19192937339785035    -0.029651024644748752                  7.38364
                     26.0                   5.8094     -0.36981239454561865     -0.10430395755658646                 7.112577
                     27.0                   5.9031      -0.5135783520579469     -0.07124752156351936                 6.825884
                     28.0                   5.9968     -0.41819885901357257    -0.039503451005388504                 6.881221
                     29.0       6.0905000000000005     -0.37059086369438105    -0.012078755297202412                 6.464983
                     30.0        6.184200000000001       -0.474685419204501    -0.055489965659828985                 6.699548
                     31.0        6.277900000000001     -0.28196862731721034     0.008290622810856824                 6.332605
                     32.0        6.371600000000001      -0.4431887204384778     0.009741961491234796                 6.083622
                     33.0        6.465300000000001     -0.47427658914953164      -0.0870306060938233                 6.205751
                     34.0        6.559000000000001      -0.5429554248912167     -0.11455496568977822                 6.995542
                     35.0                   6.6527      -0.4733077517180104      -0.1678960137724524                 7.247046
                     36.0                   6.7464     -0.33125948334553196     -0.10743875116997186                  6.42948
                     37.0       6.8401000000000005       -0.394337338492921      -0.1401713995811074                 6.949551
                     38.0                   6.9338       -0.369880579825141     -0.14559267253740252                 6.702645
                     39.0                   7.0275       -0.233286021175759     0.010675675698498713                 6.858642
                     40.0                   7.1212      -0.3661073012320027      -0.1038572657865668                 5.976869
                     41.0                   7.2149      -0.4530865548472411     -0.14621927976766877                 5.471528
                     42.0                   7.3086      -0.5151400411093545     -0.11865015971064682                 5.353895
                     43.0                   7.4023      -0.4447707606452656     -0.13705906733616696                 5.056378
                     44.0                    7.496     -0.24690343885494254    -0.010173682702912329                 5.073338
                     45.0        7.589700000000001      -0.3921245542503493      -0.0928506152797465                 4.680567
                     46.0        7.683400000000001      -0.5134414188552427       -0.188359104548721                 4.482941
                     47.0        7.777100000000001      -0.7139948133152405      -0.3471117029229385                  4.10726
                     48.0        7.870800000000001     -0.06958995754303693      0.18857495099818025                 4.274259
                     49.0        7.964500000000001       0.2316993575856667       0.2968468854699915                 4.452562
                     50.0        8.058200000000001      0.25017892438751027       0.3066499933351864                 3.935655
                     51.0        8.151900000000001      0.22757232594768984      0.17647263351028875                 4.048075
                     52.0        8.245600000000001       0.4452291073039344      0.32380173637404336                 4.002461
                     53.0                   8.3393       0.7103016186252145      0.29794329864413865                 3.725348
                     54.0                    8.433        0.737007216699829       0.2515308365086684                 3.805326
                     55.0                   8.5267       0.6590526395472307      0.25042941835149113                 3.451565
                     56.0                   8.6204       0.5499822019612806       0.2657378938409468                 3.202008
                     57.0                   8.7141        0.640158943094871       0.2819049107124839                 3.168929
                     58.0                   8.8078       0.9219005953069654        0.456000455876044                 3.052909
                     59.0                   8.9015       0.7339162274357426       0.4414506455317687                 3.422701
                     60.0                   8.9952       0.8882227167047644      0.33522458133624167                 2.955938
                     61.0                   9.0889       0.8476060512199705       0.5028721646021278                 2.712889
                     62.0                   9.1826       1.0253532179283755       0.3284098728937821                 2.139369
                     63.0                   9.2763        1.092063354862461      0.44332822854786147                 2.123068
                     64.0        9.370000000000001       0.8698775604765476       0.5656360766570219                 2.329385
                     65.0        9.463700000000001      0.35847050000611297      0.42226538121690826                 2.392391
                     66.0        9.557400000000001       0.5148632828123226       0.4832549873734103                 2.274974
                     67.0        9.651100000000001       0.6187240772952853       0.1622913121788977                 2.156303
                     68.0        9.744800000000001       0.5798958753980546      0.23375636564859822                 2.058825
                     69.0                   9.8385       0.7946107307512703       0.4826270155184545                 2.135335
                     70.0                   9.9322       1.0579066718697159      0.41155743002260503                 1.711127
                     71.0                  10.0259       1.1288082709706617       0.4103154018709045                 1.482128
                     72.0                  10.1196       1.1841041878162852       1.0082482185235737                 1.324779
                     73.0                  10.2133       1.7839601040855568        1.476786099774137                 1.379593
                     74.0                   10.307                      nan                      nan                      nan
                     75.0                  10.4007                      nan                      nan                      nan
                     76.0                  10.4944                      nan                      nan                      nan
                     77.0                  10.5881                      nan                      nan                      nan
                     78.0                  10.6818                      nan                      nan                      nan
                     79.0       10.775500000000001                      nan                      nan                      nan
                     80.0       10.869200000000001                      nan                      nan                      nan
                     81.0       10.962900000000001                      nan                      nan                      nan
                     82.0       11.056600000000001                      nan                      nan                      nan
                     83.0       11.150300000000001                      nan                      nan                      nan
                     84.0       11.244000000000002                      nan                      nan                      nan
                     85.0       11.337700000000002                      nan                      nan                      nan
                     86.0       11.431400000000002                      nan                      nan                      nan
                     87.0       11.525100000000002                      nan                      nan                      nan
                     88.0       11.618800000000002                      nan                      nan                      nan
                     89.0       11.712500000000002                      nan                      nan                      nan
#----------------------------------------------------------------------------------------------------------------------------
# experiment: sac6_raw_trajectories
# path: /Users/andreapicco/Google Drive/RESEARCH/EvoCellBio/Protein_tracking/Data/Fimbrin/24_degree/Sc/sac6_raw_trajectories
# file: 59.data
# protein: Sac6-GFP
# date: 29/08/11
# notes: Sac6 average trajectory
# t_unit: s
# delta_t: 0.0937
# coord_unit: pxl
# intensity_normalisation: None
# l_cm: (73.42609813088403, 54.68733370706728)
# r_cm: (78.1025558998144, 65.78713374359238)
# m_angle: -0.22307010441354258
# m_lag: 36
# trajalign_version: 1.92
# lie_down_angle: 0.32081018804975
# lie_down_translation: (-77.8422233205046, -65.82603096247885)
