%% Trajectory 90
47 77.983017 92.270477 0.338399 2.212247 252.589691
48 78.589653 92.219070 0.526287 2.523893 270.762024
51 78.332634 92.665619 0.330274 2.069872 248.447937
52 78.341209 92.481133 0.645200 2.751375 186.259003
53 78.387825 92.178207 0.523282 2.429785 243.046219
54 77.965240 91.806984 0.568502 2.557448 253.098816
55 78.291382 92.469231 0.536813 2.560146 176.459625
56 78.177132 92.100052 0.569478 2.282424 253.896835
58 78.245491 92.612091 0.422819 2.745175 166.534149
59 78.396553 92.109657 0.508718 2.827121 111.839279
60 78.703072 92.411407 0.573836 2.382511 253.021194
61 78.651764 92.223305 0.583455 2.654339 153.236664
62 78.623962 92.396812 0.688378 2.612159 178.322281
63 77.851128 92.420364 0.495860 2.660739 178.666473
64 78.486839 92.659256 0.609343 2.976270 98.192101
65 78.455917 92.398354 0.746256 2.383573 132.670303
66 78.552490 92.785805 0.503004 2.655949 131.516998
67 78.707397 92.757805 0.523790 2.454412 193.542526
68 78.619232 92.736832 0.728791 2.723858 139.127380
69 78.414230 92.561607 0.591802 2.782308 111.323303
70 78.456787 92.494492 0.587417 2.656570 145.876343
71 78.735260 92.339432 0.811859 2.744862 84.899261
72 78.712151 92.159912 0.554073 2.271899 239.708008
73 78.151993 92.795952 0.521774 2.321569 267.349548
74 78.835793 92.244690 0.434778 2.285103 224.463013
75 78.825409 92.346703 0.753644 2.339545 220.303772
76 78.316322 92.289383 0.490128 2.574893 200.508667
77 78.119270 92.283775 0.471391 2.664930 169.008652
79 78.815903 92.325966 0.387312 2.494945 195.636017
80 78.444794 92.548759 0.470910 2.846516 107.388329
81 78.592209 92.519783 0.673620 2.676141 122.671913
82 78.565941 92.174553 0.588397 2.355207 215.600403
83 78.389641 92.456924 0.515634 2.513436 158.054962
84 78.551880 92.220573 0.740502 2.503859 168.418045
85 78.839279 92.713913 0.556300 2.257581 194.473419
86 78.760269 92.429337 0.617069 2.630549 145.872116
87 78.239418 92.862877 0.399781 2.746485 99.990875
88 78.853073 92.533134 0.656740 3.037276 70.333344
89 78.318687 91.907288 0.663211 2.653090 115.098068
90 78.977592 92.358063 0.748732 2.692820 97.134712
91 78.723549 92.290840 0.535803 2.630425 126.370300
92 78.713638 92.596291 0.736656 2.560631 114.007668
93 78.845161 92.408997 0.583498 2.574722 198.973343
94 78.691620 92.881973 0.695858 2.654064 114.995407
95 78.852661 92.505928 0.782268 2.222284 220.312012
96 78.334000 92.083572 0.805885 2.423808 141.064423
97 78.603195 92.415367 0.710012 2.642980 144.580765
98 78.209129 92.535118 0.722470 2.492521 180.435333
99 78.413979 92.193077 0.694525 2.682354 88.844696
100 78.382721 92.448845 0.751481 2.660506 111.714790
101 78.623726 92.516006 0.707708 2.568805 137.901337
102 79.004478 92.510033 0.506363 2.546883 181.439026
103 78.915413 92.158051 0.733799 2.492743 184.018890
104 78.719734 92.347664 0.551299 2.452212 201.197601
105 78.359528 92.279640 0.696221 2.435374 121.480415
106 78.918625 92.351273 0.813394 2.660670 100.529732
107 78.777176 92.197563 0.731893 2.288616 201.912064
108 79.009476 92.288162 0.687365 2.819689 73.057999
109 78.579323 92.174171 0.655760 2.640461 121.909485
110 78.654160 92.258270 0.912747 2.343734 163.840820
111 78.317581 92.224541 0.781337 2.497329 135.185654
112 77.902306 92.263176 0.593680 2.513968 213.972733
113 78.267288 92.308647 0.748504 2.771961 98.784935
114 78.581375 92.418007 0.911044 2.981630 60.930595
115 78.540939 92.177612 0.737360 2.610604 155.370956
116 78.700333 92.271767 0.692714 2.628824 126.719872
117 78.687279 92.403114 0.614167 2.555041 116.245506
118 78.378258 92.107445 0.777480 2.513704 135.498734
119 78.831703 92.055664 0.755071 2.545295 123.577812
120 78.802353 92.247116 0.713323 2.490639 146.060516
121 78.652802 92.482582 0.749101 2.650921 110.413658
122 78.254822 92.104477 0.738349 2.718187 109.401047
123 78.291328 92.187164 0.812290 2.415222 162.853958
124 78.388878 92.461380 0.763084 2.826735 66.806442
125 78.463959 91.892921 0.943174 2.445963 138.205353
126 78.294830 91.788391 0.783496 2.483389 160.387573
127 78.866264 91.791382 0.668688 2.426587 199.296158
128 78.336479 91.514862 0.618980 2.449447 163.306381
129 78.257790 91.224159 0.623935 2.397520 206.189377
130 78.530609 91.275650 0.562082 2.199236 220.242538
131 78.412033 91.545616 0.652442 2.583209 170.649094
132 78.696503 91.467384 0.541027 2.633907 156.329254
133 78.179214 91.799591 0.511815 2.104458 146.723450
