#                  t (s)                 x (pxl)                 y (pxl)                       f                       n             x_err (pxl)             y_err (pxl)                   f_err
     -1.9677000000000011     -0.7856720389024201    -0.09881607933451353      1.3600720000000002                    16.0     0.08801953503719227    0.050896665193517404     0.08364977459999991
      -1.874000000000001     -0.7715233552053764   -0.045244969950309806                1.475058                    17.0     0.07168068696081056     0.06674783333092835     0.14409654206008787
     -1.7803000000000009     -0.6860379175725724     0.04087804224555309      1.4184450000000002                    18.0    0.048345339265662014     0.06144071577356274     0.11877267759908988
     -1.6866000000000008     -0.6781503087021682    -0.07537097784272183      1.2868849999999998                    22.0    0.057161603219660184    0.061154576028761745     0.10135343729484143
     -1.5929000000000006      -0.610852535516988   -0.030342888628062118                 1.52521                    20.0     0.05059518109031035    0.041439298120621235      0.1654088058465721
     -1.4992000000000005     -0.6637201505653479   -0.031223143770146258      1.4299620000000002      25.999999999999996     0.04137310842813364    0.041941390065693945     0.11338837210933124
     -1.4055000000000004      -0.624166131999293    -0.04384060910883831                1.411026                    27.0     0.04828536240487567     0.04019802064393183     0.11976808226034137
     -1.3118000000000003     -0.6006368972022672    -0.07164740592064227                1.636881                    30.0     0.03809676863700162     0.04287582519131253      0.1401854661596182
     -1.2181000000000002     -0.6711767250251106    -0.03884893366237104                1.445149                    33.0    0.038038454464569944     0.04003138126197831     0.09357970040138222
                 -1.1244     -0.6403195366187676   -0.004951505537578427                1.412658                    35.0     0.02933708014367472     0.04309760021261291     0.11057976845897859
                 -1.0307      -0.710989656613316  -0.0011151429220895722                1.688131                    35.0    0.049374478388955506     0.03870682084203759     0.11843498656011987
                  -0.937     -0.7122402308682895    -0.07246986562661811                1.669973                    37.0     0.02694729495226707     0.03915420151700802     0.11229274942063404
                 -0.8433     -0.6396769557368347    0.019509527479598457                1.755484                    39.0    0.025884621722564564    0.027969566770381173      0.1398829393738856
                 -0.7496     -0.6293884285850532    -0.06216453131666393                1.824752                    38.0     0.02827466506493297    0.021607599489265123     0.13225760554163463
                 -0.6559     -0.6515811292318775    -0.06169857675705259                1.795679                    44.0     0.02510550395017978    0.023901788663071334     0.12982453963502466
                 -0.5622     -0.6764355025078468    -0.05077003615803294               1.8019015                    44.0    0.021554922518768057     0.02056570452903348     0.11354493907333005
                 -0.4685     -0.6151048652059357    -0.06951841642155368                1.817787                    48.0     0.01460291132265139    0.015384245855927556     0.12335670502061961
                 -0.3748     -0.6361718345434519    -0.07430995952164703                1.752072       51.00000000000001    0.028755043672831708      0.0185351384145097     0.10766069610486563
                 -0.2811     -0.6209291814434279    -0.05795952583215298                1.876522                    49.0    0.025201695081023733    0.019232747788172334     0.10553422139999999
                 -0.1874     -0.6158638731638286      -0.068713429127375                2.003092                    50.0     0.02132044522488505     0.01757122860233033     0.12511411626055424
                 -0.0937     -0.6094998016433998     -0.0541350456033647                1.990145                    50.0    0.020405182977833572    0.016455340280056085     0.10240000469023577
                     0.0     -0.5993894209281799    -0.09634273480180554                1.939091                    53.0     0.02288119324283641    0.015962834255701153     0.11312209803489505
                  0.0937      -0.618012082738236   -0.040980024283117186                2.236876                    52.0    0.014783781775675405      0.0112228624338711     0.13409557239975214
                  0.1874      -0.603498671582578    -0.07449410015143282                2.391034                    53.0    0.018290222367261286    0.018125896965302434     0.14469468818747525
                  0.2811     -0.5990275089388586    -0.04638007510607919               2.3096515                    54.0    0.017539716970177158    0.015723820260625423     0.12717617904619027
                  0.3748       -0.57338595782202    -0.05255789531425386                2.532182       54.00000000000001    0.015620590548898822    0.015075337776356872     0.12312198697240902
                  0.4685     -0.5719090335688781     -0.0569901668751642               2.6165405                    54.0    0.017845912027331726    0.015743307206740977     0.12560247986604178
                  0.5622     -0.5800649253954692     -0.0362659391454373                2.741811                    55.0    0.018408430172657836    0.014254588180110841     0.13390622348201311
                  0.6559     -0.5724959875141392    -0.05596423549361131                2.781683       55.00000000000001     0.01578490265985699     0.01686814558127345     0.11136275031433722
                  0.7496     -0.5457433839033222    -0.07609569377021537                2.792991                    55.0    0.015433953659160504    0.012829541968057747      0.1287898310518452
                  0.8433     -0.5417756836602912    -0.06683497647829609      2.8538110000000003       54.00000000000001    0.017209712920770948    0.009999262259458507       0.135230795138431
                   0.937     -0.5342706254887409    -0.07577547794623259                3.242245                    56.0     0.01298189686865657    0.010138911722301865     0.12333324311873467
                  1.0307     -0.5431118811061573    -0.06916695087834596                3.259067                    56.0    0.013082229284402513    0.012187452651867194     0.14484955374743522
                  1.1244     -0.5259957248683755    -0.02792036620696464                3.488631                    57.0    0.011723198268834828    0.010494893944604637     0.13922253132989465
      1.2181000000000002     -0.5284176718283642    -0.06813283010174719                3.487969                    57.0    0.013695008889627618    0.013473397939915454       0.164305335068651
                  1.3118     -0.5274676753009558    -0.04882112495403401                3.403395                    57.0    0.015100077419822947    0.014287890912679428     0.12070199655541455
                  1.4055     -0.5114854415697512    -0.05599930621157047               3.6070215       58.00000000000001    0.012744446343994398    0.012722391124755017     0.12447757559505998
                  1.4992    -0.47590515293930763    -0.06943787724089708                3.693637       56.99999999999999     0.01111166180244343    0.011348473899265531      0.1461272785858695
      1.5929000000000002     -0.4684122397612027    -0.07091633008841648                3.832086       58.00000000000001    0.013838551477444363    0.011426575389649356      0.1479746434452321
                  1.6866    -0.45308452036774166   -0.058323894860066366                3.970574                    59.0    0.011807795735564917    0.008706632069214286     0.14624130598116789
                  1.7803    -0.46665303968808713    -0.07186656053921682                4.092772       59.00000000000001    0.014650885508214225    0.012746877338234916     0.12813505202307948
                   1.874     -0.4364914417620215    -0.07232306060911076               4.2017545       59.99999999999999    0.012774223717507633     0.00993569003038571       0.126109395791304
      1.9677000000000002    -0.41209094250470113    -0.05846142191297074                4.143369                    59.0    0.013994286153654386     0.01061452399499526     0.14366934007289411
                  2.0614    -0.40757157433144314    -0.08389666432363703               4.3449605       60.00000000000001    0.012292211625404002    0.010094627851496066     0.13053941445296469
                  2.1551    -0.40265185247597574    -0.06796991275542653                4.574507                    59.0    0.013470313024762065    0.011678029589430748      0.1405600118315148
                  2.2488    -0.35972032242683355     -0.0402815602904496               4.4696175       59.99999999999999    0.015717268453413934    0.011981152871096494     0.15121666293078745
      2.3425000000000002     -0.3475217655815796    -0.05681104101381176                4.645421                    59.0    0.011729172040577916    0.009022697748423653      0.1494996441798599
      2.4362000000000004     -0.3395123699378443    -0.05000565496192527       4.696320500000001                    60.0     0.01002535410683844    0.011535875305187963     0.14121107962820317
                  2.5299    -0.33740651055359633    -0.04646585738464829       4.628057999999999                    60.0    0.010971332449528024     0.01052754264050424     0.13481755496348993
                  2.6236     -0.3378285247485163   -0.052608569038795634                4.735565                    60.0    0.009636372299282719     0.01031071936441471     0.12850805614420668
      2.7173000000000003     -0.3275004360747738    -0.04772712356336807               4.7615555                    60.0    0.011590571079084363    0.008999769598477168      0.1494550869207379
                   2.811     -0.3195164310992313     -0.0617859523466028                4.828129       59.99999999999999    0.010705351195958198    0.008655583491458613      0.1397978567814383
                  2.9047     -0.2945816579945911    -0.05356827229744108                5.108465                    59.0    0.013766491542724399     0.01104335571734794     0.14496526345812108
                  2.9984    -0.28298071731681285     -0.0630610069533251               5.1271195                    60.0    0.010508555486445125    0.009590665001986276     0.14515321245842833
      3.0921000000000003    -0.27528628978650604   -0.050705058529656295       5.211811000000001       60.00000000000001    0.010612894340429852     0.00817789496563626     0.14267129187144414
      3.1858000000000004    -0.25630317922098694   -0.039224981110507325               5.0912445                    60.0    0.010484759559212489    0.011354598910282617     0.15439720387271075
                  3.2795    -0.23961707861934492    -0.06167433229715724                5.200377                    60.0    0.011467720752746687    0.010659273298945289     0.14848323901602503
                  3.3732    -0.23777816450517408   -0.054467281236050456      5.3021875000000005                    60.0    0.012095123650545563    0.010888610007470224     0.14714782142248825
      3.4669000000000003     -0.2295963086342266    -0.05246441539495444                5.471433                    61.0    0.010669572151226664    0.008898419416232697     0.13977585684202487
                  3.5606     -0.1989334989934958    -0.03826681947986536                5.523376                    61.0    0.010362461495661498    0.008777602541717743     0.13411956747444176
                  3.6543    -0.21104301007456894     -0.0572724837326343                5.291387                    61.0    0.010291336578925933     0.00919186519458919     0.14699062980553554
                   3.748     -0.2000128351831891    -0.02799276592695937                5.282419                    61.0    0.011958043962234304     0.01154088558680659      0.1636713397963948
      3.8417000000000003    -0.16622744547897997    -0.03658601874817852                5.542346                    61.0    0.010562174916904638      0.0120708850831685     0.14629301382319287
      3.9354000000000005    -0.17756307290964232    -0.03601097968117777                5.538133       57.99999999999999    0.011941146347656764    0.011468551943294441     0.19121476537670667
       4.029100000000001    -0.14601082626028145    -0.03206375900620068                5.526846                    61.0    0.013972311820419366    0.009841811109357388     0.13063300618255344
                  4.1228    -0.14303964443280773    -0.03350544604784049                5.626935       61.00000000000001    0.012126855336753851    0.009847004561959565      0.1691085682541481
                  4.2165     -0.1353578293920227   -0.026291012710332986                5.650055                    61.0    0.013964245034368512    0.013137103483486645      0.1723851803551601
                  4.3102    -0.11459620407534409    -0.03756578816482615                5.579892                    60.0     0.01374347230606884    0.011082160424328885     0.17444157887009357
                  4.4039    -0.10841445171547674   -0.036024909032501475                5.567448                    60.0    0.015143222196339214    0.013999550667949105     0.18553356467531706
                  4.4976    -0.09049528874030342   -0.042802834910234684                5.853192                    61.0     0.01910454503499334     0.01556382849212032     0.17708246130293487
                  4.5913    -0.10193795438295283    -0.03666443087326672               5.7512565                    60.0     0.01739698343801937    0.012955939171638902     0.17758938992689507
      4.6850000000000005    -0.06095203166719816   -0.013356443690029602                5.756409       59.99999999999999    0.018011099058598067    0.016700437051449198     0.19432929064541674
       4.778700000000001    -0.05194989589873543     -0.0121697588290614      5.8800930000000005                    60.0    0.021640301230611145    0.013890048996714982     0.15042932736091313
       4.872400000000001   -0.002007108028498543    0.006040251656071745               5.9288075       60.00000000000001    0.023219219490982382    0.018321227390162925      0.1992120727179289
                  4.9661    0.028419506091168896     0.01642104656179135               5.8827045       59.99999999999999     0.02717145451529637    0.019554037799351248     0.21440821385487263
                  5.0598     0.06026365731212803    0.008578709828675327               5.8643865                    60.0     0.02463991396234523    0.023402561861259698      0.1897730418127747
                  5.1535     0.05104212049477258  0.00040684251109060547                5.758343                    59.0     0.02719450050960467    0.027400915614956594      0.2240937971887374
                  5.2472     0.06570719162814417   -0.016320844614562763                5.693421       58.99999999999999    0.027474909601924356     0.02241796373045027      0.2151393024482769
                  5.3409     0.11784242432704428   -0.000340518861196309                5.747837       59.00000000000001    0.028697441712684534    0.027142353632318872     0.17253133348859212
      5.4346000000000005     0.11830440347594427     -0.0418672174951396                5.925134       59.00000000000001    0.030322663232073856     0.03334054073832376      0.1962968775352799
       5.528300000000001     0.12242824190674811    -0.03289151444108384                5.794203                    57.0     0.03194375832677586    0.028226898586713612     0.18735349569944232
                   5.622     0.11488137192746137    -0.07547260202680414       5.930630000000001                    60.0    0.028091647782096968    0.031734405926711146     0.18824392454822467
                  5.7157      0.1055769726640824   -0.011823585240572488               5.9193805                    60.0    0.028216984303553242     0.03494597527644094     0.16818021786430803
                  5.8094     0.12454902622811832    0.003642107076380895               5.8373095                    60.0     0.03276571789561711     0.03950087607509695     0.19556249912401175
                  5.9031     0.09919962158626065    -0.04625659658206929               6.0183275                    58.0     0.03650005600765487      0.0357066600998021     0.19096558148248874
                  5.9968     0.13757057751735666    -0.10538373883999005                6.076313                    59.0     0.02864724875207138     0.03513275586246862      0.1960156501935647
      6.0905000000000005     0.16304105244225478    -0.05740203845273967                5.726292                    60.0    0.028522298181617747      0.0395932419121453     0.21160119554929535
       6.184200000000001      0.2024451766273584     -0.0690134511499768                5.862969                    58.0    0.039192728772937654    0.046457444918823664     0.20228719331380896
       6.277900000000001     0.22898469515025094   -0.033585194471059544                5.741921                    59.0    0.042282508930535354     0.05499194319912254     0.21564848414178733
       6.371600000000001     0.22072299136992654     -0.1094796805738049                5.654221                    60.0     0.04447931880526586    0.055727182317387616     0.20314406119779488
                  6.4653     0.23745092218408595    -0.09713857904226844                 5.52319                    57.0    0.041878957684084624     0.05141685188793853      0.2179357859972718
                   6.559     0.21526515163246523     -0.1260246769168857                5.488042                    59.0     0.05250014580716485    0.052634239965538045     0.23259103209905155
                  6.6527     0.21962226784862612    -0.09978882571533523                5.369318       58.99999999999999       0.043218967552012    0.051058816915307274     0.18968774547785378
                  6.7464     0.24893251148207687    -0.07358434574355398                5.247102                    59.0     0.05071165957682553     0.06169834129643369      0.1895468422798771
      6.8401000000000005      0.2381944812787935    -0.08533689167319465                5.344126                    59.0    0.044863390582448065     0.08152920394931883      0.1728364950721554
       6.933800000000001      0.2702370655741236   -0.058424382201812376                5.511436                    58.0     0.03978278088697605     0.05983065872358635     0.20024437206851456
       7.027500000000001     0.29624698745439976    -0.08323319474790901               5.5570435       57.99999999999999    0.047660562820258295     0.07056358033487133      0.2031145617125797
                  7.1212     0.37789323417903226    -0.08336493656990654                5.339418       57.99999999999999     0.07104556619024047      0.0802629441252576     0.18837883851809661
                  7.2149     0.33204360653539583   -0.050019737558798336               5.3878945                    56.0     0.05916518802296817     0.07335655598420635     0.17476430239482718
                  7.3086     0.38004434251856584    -0.04906419383575233      5.2066704999999995                    56.0     0.06998412907373022     0.08450637036578547     0.18895965475064375
                  7.4023     0.27225391774348595    -0.15629661943796855                4.895924       54.00000000000001     0.06221301814487061     0.07889813647265176     0.16058984776684543
                   7.496      0.3406648176336921    -0.13565149961772419                4.954108       57.00000000000001      0.0717263498377426     0.09108700302621252      0.2026283417094746
       7.589700000000001     0.33334463155771904    -0.07327077933161531                4.680567       56.99999999999999     0.05372591064369341     0.07950969272528313     0.17265972380932787
       7.683400000000001     0.28982974208454626    -0.09175090850114145                 4.74158       56.00000000000001     0.05122996512630576     0.09056140362172728      0.1813277459470905
       7.777100000000001     0.32901302997285625   -0.037771341608492444                4.427385       54.99999999999999    0.061128303558912134     0.07931642883442921      0.1685254863087483
       7.870800000000001     0.28497260984506917  -0.0019389427173303957                4.375634                    54.0      0.0594076903998909     0.08247555822430942     0.17393330364221593
                  7.9645      0.3609692139200613    -0.07294063640532493                4.378482                    53.0     0.06282734192480509     0.08221212532433278     0.21819327009595263
       8.058200000000001     0.28616925017724365   -0.012456602936500081      4.0377849999999995                    50.0     0.06856483935066858     0.07994484804114652      0.2060384329302085
       8.151900000000001     0.33633099259233074    -0.07122040263172642               4.1088635                    50.0     0.07783141065039562      0.0989540171364891      0.2300998922920461
                  8.2456     0.35141923665697433   -0.043373700039166324                 3.93215       51.99999999999999      0.0756515636487487     0.10243839439988968     0.20337894615175997
                  8.3393      0.3353576217296925     0.04951756489129502                3.973724                    49.0     0.07740285481985705     0.09216877573378794     0.19667959799999998
                   8.433        0.37949224191623     0.09793707484714297                3.900552                    49.0     0.07511266004703485     0.08845328166940256     0.21621814800000005
                  8.5267      0.4223894433774167     0.09073916065320581                3.746413                    51.0     0.09190924669205562     0.12049164963218785     0.22167474409920165
                  8.6204     0.33985341216699705     0.03356017634213049               3.6889045       50.00000000000001     0.08383504066301364     0.10109479831710146     0.20751189801033626
                  8.7141       0.433960718611002  -0.0017043753036265054                3.709949                    50.0     0.08739016356920372     0.12962100625200024     0.20316342002679846
                  8.8078      0.3494058354684689    0.010953426389649789               3.4676095       49.99999999999999      0.0777843009348194     0.11787898140847737     0.20259332375460098
                  8.9015      0.3669345665174192     0.03302239265350196                3.462697       51.00000000000001     0.08220177463745774     0.11589579660148988      0.2050808344653303
                  8.9952     0.44998519087709105      0.0810225876719248               3.3579825                    48.0     0.09675079835260542     0.13110717765715219     0.21827873372586706
                  9.0889      0.5192389953942166   -0.034096652069075854                3.061639       50.00000000000001     0.09086622614611309       0.113530064174611     0.20264731411506096
                  9.1826      0.4580366429729948     0.09194432796779237                3.118652                    49.0     0.09153747785291845     0.09436118836335491     0.19839856680000004
                  9.2763      0.5479328792492338     0.18436925282468297                3.097819                    49.0     0.08213887538561233     0.11157894185602435     0.17625530039999998
       9.370000000000001      0.6437062686094207   -0.010331343019392694               3.2723905       45.99999999999999     0.12562546435880284      0.1296799720308856     0.20370702349155845
       9.463700000000001      0.5640225847782308    -0.11047539888340613                2.897499                    43.0     0.11432602293901727     0.15115911463873621     0.20400744645065463
       9.557400000000001       0.591494499190178     0.03551618105785865               2.6493755                    40.0      0.1285214448957557     0.14991210091224688      0.1624365203979745
       9.651100000000001      0.5875967147529987      0.1250898494133069               2.6856425                    42.0     0.12936087219721976     0.12756741006544262     0.16905576227870994
       9.744800000000001      0.5385645042061018     0.03344762560147025               2.5370765                    40.0     0.12558652864149267      0.1296147967479098     0.14307439556901821
                  9.8385       0.626580471922815     0.04666083690901342               2.4733025                    44.0     0.11174916960354625     0.12308341390117786      0.1488825974785912
                  9.9322      0.7080093200723904      0.1752366916292812                2.425869                    43.0     0.11439265390414141     0.10218058009975692     0.17406893297890277
                 10.0259      0.6972115235661434     0.17354644364432983               2.3493835                    42.0     0.12064189755183041     0.10157216528904693     0.19951158874751004
                 10.1196      0.7392362733617954    -0.06562646307618725               2.3444075                    36.0     0.14481824217845993     0.14842620570411266           0.23816004555
                 10.2133      0.8818975978774299    -0.05432849337367419                2.278319                    39.0     0.13822810305418975      0.1227504620325678     0.21336294550322074
                  10.307      0.7341512905740419    -0.00812225192615297                2.011951                    38.0     0.12638413269516774     0.12182491357608503     0.19834912934321183
                 10.4007      0.7309427705520241     0.11389204012502574                1.975485                    38.0     0.13603190619572283     0.17061651352969762       0.188481867204312
                 10.4944      0.7224530749358927     0.06666976508140589                1.892108                    35.0     0.11011781083262774      0.1274531928911856     0.22027064048775308
                 10.5881      0.6618837598035504     0.02171404190904025               2.0018875                    36.0     0.13363955529273203     0.13573159192759268           0.19342086085
                 10.6818      0.6089310557359856    -0.02040786630153738      1.9027595000000002                    36.0     0.12718222293472298      0.1395992819754863     0.18094663510000006
      10.775500000000001      0.6697895055391857    -0.06885177625129843                1.833466                    33.0     0.13921227141885004     0.14375817403919997     0.20186522841714535
      10.869200000000001      0.6622230687188914    -0.05285242973257846                1.713143                    33.0      0.1334940511212374     0.18485646322195748     0.16247719961109514
      10.962900000000001      0.6452113012236067    -0.13372973650355394                1.875879                    29.0     0.12373930941954651     0.16805727787561062     0.20123125538596612
      11.056600000000001      0.6251961454519429    -0.11186386041700999                  2.0567                    27.0     0.14163227401689482      0.1744446637280142      0.2038192781974506
      11.150300000000001      0.8422664492982088    -0.11754139975343923                1.879868                    28.0     0.11685995190637938      0.2013367253504625     0.20005465724857702
      11.244000000000002      0.8029378457979264    -0.41007262556024243                1.882189                    24.0     0.12085107122656273      0.1939015028870595     0.17845249356028528
      11.337700000000002       0.651464028788589   -0.045874010737548994                1.920318                    21.0     0.11958960293099631      0.2002266137544453     0.18941119426688796
      11.431400000000002      0.8689639392715666     -0.2668906213228214               1.7198615                    22.0     0.18255914444161353      0.2818212670510503     0.21277059201199017
      11.525100000000002       0.637398261301966    -0.23669643350879263                1.727986      21.000000000000004     0.16755874911973895      0.2746793768982099      0.1651771912972829
      11.618800000000002      0.7873572901149177    -0.18893871855496672                1.666964                    20.0      0.2068770791526544      0.3283513915161721     0.16391696837402359
      11.712500000000002      0.8846782515035456    -0.40847688572147234      1.5722295000000002                    18.0      0.2535690258183597      0.3966588546068104      0.1875396231209597
#-----------------------------------------------------------------------------------------------------------------------------------------------------------------------------------------------
# experiment: sac6_raw_trajectories
# path: /Users/andreapicco/Google Drive/RESEARCH/EvoCellBio/Protein_tracking/Data/Fimbrin/24_degree/Sc/sac6_raw_trajectories
# reference_file: 35.data
# protein: Sac6-GFP
# date: 29/08/11
# notes: Sac6 average trajectory
# t_unit: s
# delta_t: 0.0937
# coord_unit: pxl
# intensity_normalisation: None
# l_cm: (78.1025558998144, 65.78713374359238)
# r_cm: (78.1025558998144, 65.78713374359238)
# m_angle: 0.0
# m_lag: 0
# fimax: TRUE
# mean_starts: -1.6678600000000001
# std_starts: 1.0917557943056682
# n_starts: 50
# mean_ends: 11.164443396226416
# std_ends: 2.349483233708055
# n_ends: 53
# trajalign_version: 1.92
