%% Trajectory 74
97 81.570267 52.089264 1.645664 3.250847 2.918510
98 82.013130 52.643936 1.269697 2.806861 39.004692
99 82.189003 52.797291 1.219278 2.697240 44.547291
100 82.494339 53.240368 1.011427 2.554440 76.971420
102 82.471954 52.703388 1.128051 2.486270 59.400635
104 82.474312 52.941559 1.085879 2.472330 39.121368
105 82.535973 53.188736 1.055240 2.414568 55.895908
106 81.885910 52.829544 1.411691 2.637875 44.168259
107 82.457085 52.996006 1.315739 2.303777 30.742405
108 82.129654 52.787136 1.262295 2.565806 45.424084
110 82.445404 53.188377 1.006305 2.430620 39.613651
111 82.440155 52.954807 1.005386 2.545025 66.290901
112 82.450668 53.309322 1.231353 2.500799 40.623528
114 82.297623 52.894424 1.347504 2.337106 25.255463
115 82.156853 52.828213 1.222264 2.599546 47.723423
116 82.580551 53.190212 1.268940 2.181875 18.875353
117 82.507248 53.150539 1.251695 2.268401 27.907629
118 82.584808 53.033360 1.293780 2.282613 40.746460
119 82.607559 53.312656 1.044568 2.143253 23.258827
120 82.721245 53.292442 1.005940 2.003436 29.010235
121 82.583542 53.246986 1.122589 2.347589 45.774864
122 82.638557 53.053276 1.169601 2.165547 30.497219
123 82.327019 53.425285 1.318383 2.134183 36.212143
124 82.290146 53.574516 1.412741 2.153404 20.225382
125 82.485962 53.107700 1.240210 2.247268 41.986591
126 82.552071 53.197018 1.546529 2.298785 23.706129
127 82.532303 53.298779 1.364471 2.064473 23.007339
128 82.345856 53.222069 1.519512 2.194701 22.758545
129 82.596260 53.406406 1.262897 2.197908 35.429222
130 82.384171 53.267044 1.079667 2.100034 57.808941
131 82.547394 53.344669 1.532959 2.253400 47.760712
132 82.506592 53.602997 1.200472 2.200887 48.274059
133 82.624084 53.391010 1.209448 2.233113 44.186741
134 82.323463 53.395370 1.426021 2.366827 43.883076
135 82.538506 53.533558 1.279239 2.304402 46.673752
136 82.425392 53.348000 1.305739 2.121620 39.840454
137 82.445358 53.116001 1.283059 2.050062 47.411739
138 82.378189 53.350552 1.646406 2.171450 50.879555
139 82.632957 53.396049 1.485865 2.190355 35.916969
140 82.569252 53.325424 1.416618 2.276307 32.778568
141 82.790924 53.408325 1.466248 2.231996 47.216232
142 82.485794 53.333107 1.515129 2.190859 65.515999
143 82.809700 53.114132 1.372024 2.118518 44.306946
144 82.581512 52.817387 1.430344 2.334651 60.240536
145 82.690018 53.510002 1.503935 2.330856 65.241943
146 82.684525 53.229370 1.709862 2.211527 42.205078
147 82.491226 53.277122 1.771384 2.319722 37.611797
148 82.503639 53.268848 1.546443 2.199850 59.967766
149 82.682175 53.110596 1.877908 2.011384 32.818302
150 82.552200 53.341198 1.605001 2.209638 55.920883
151 82.708084 53.470070 1.617607 2.234320 34.374519
152 82.612984 53.078899 1.776073 2.069163 39.118732
153 82.626343 53.243374 2.118053 2.050789 26.716825
154 82.554634 53.262379 1.851190 2.239085 38.868362
155 82.647758 53.290932 1.436724 2.097883 38.560299
156 82.655609 53.340553 1.548099 2.352683 56.288315
157 82.543541 53.123665 1.962254 2.297494 15.212830
158 82.417023 53.185825 2.302083 2.171528 5.647196
159 82.614761 53.206982 1.964640 2.309685 15.377617
160 82.417343 53.149387 2.025369 2.282966 10.615649
161 82.594444 53.334023 2.058351 2.172051 8.367995
162 82.352798 53.278252 1.670131 2.078853 22.104500
163 82.497292 53.250114 1.839107 2.213142 23.438377
164 82.565117 53.312840 2.210867 2.248336 2.011397
165 82.315552 53.312260 2.085342 2.277216 5.725882
166 82.476585 53.375385 2.455557 2.395506 0.301392
167 82.549988 53.270241 1.951270 2.279822 24.947365
168 82.645714 53.191074 2.217920 2.064852 2.387466
169 82.418091 53.321198 2.431585 2.392496 2.112597
170 82.471939 53.259323 1.981710 2.201681 11.116206
171 82.446884 53.306839 2.594513 2.262559 1.526937
172 82.278877 53.409389 2.363312 2.432070 6.900972
173 82.473053 53.240746 2.119844 2.276421 11.839527
174 82.596565 53.048958 2.097147 2.202662 6.772747
175 82.563759 53.233688 1.895512 2.254940 12.682434
176 82.480736 53.284218 1.763386 2.260379 21.083366
177 82.492844 53.180321 2.309419 2.255052 10.658910
178 82.482178 53.118286 1.827840 2.252209 15.987243
179 82.554131 53.219219 1.959243 2.191032 16.699135
180 82.553093 53.131660 2.544631 2.162746 3.363999
181 82.436546 53.102028 2.617429 2.132667 7.191717
182 82.353050 53.359505 2.422222 2.219162 3.465292
183 82.387840 53.353878 2.268340 2.290836 23.246807
184 82.437546 53.108620 2.477840 2.188345 21.351002
185 82.425613 53.110622 2.109559 2.147209 20.246077
186 82.380280 53.171722 2.669443 2.135181 19.020775
187 82.467400 53.129345 2.390894 2.160577 17.830778
188 82.372696 53.177624 2.513851 2.166458 19.457655
189 82.499603 53.240124 2.362490 2.214764 20.313438
190 82.505859 53.191578 2.352942 2.167089 30.051048
191 82.487679 53.030109 2.313201 2.209159 24.443781
192 82.394417 53.109142 2.670055 2.139742 17.897297
193 82.497437 53.061432 2.643966 2.250027 19.906229
194 82.446175 53.093838 2.577124 2.287588 4.997132
195 82.545341 53.182442 2.569039 2.248730 13.828875
196 82.346092 53.198250 2.701664 2.268074 13.696950
197 82.428520 53.001740 2.486272 2.163146 17.628019
198 82.292740 53.170448 2.582197 2.220496 3.866820
199 82.439720 53.174236 2.533265 2.265897 6.605555
200 82.334816 53.138710 2.783509 2.268617 4.587027
201 82.429153 53.159138 2.493419 2.124404 14.754587
202 82.342293 53.104530 3.082229 2.066082 6.296566
203 82.616753 53.174774 2.715896 2.154243 4.717532
204 82.543289 53.177166 2.546875 2.273768 11.025633
205 82.356956 53.101940 2.919262 2.140754 4.441175
206 82.617828 53.198311 2.505747 2.123915 11.787165
207 82.475739 53.025089 2.651879 2.254831 8.137563
208 82.543106 53.070736 2.607784 2.217310 1.335338
209 82.547066 53.099174 2.634065 2.269274 3.691355
210 82.443283 53.120396 2.497447 2.201052 1.933161
211 82.593330 53.195236 2.306473 2.180021 10.780394
212 82.420967 53.068409 2.302637 2.125779 9.582032
213 82.610016 53.037239 2.235317 2.142617 7.623943
214 82.370941 53.173836 2.502720 2.136154 4.271920
215 82.469803 53.209591 1.852617 2.306432 15.841049
216 82.390091 53.181717 2.190026 2.374451 13.820544
217 82.449539 53.140842 2.350352 2.188033 0.790130
218 82.538574 53.176277 2.202922 2.233539 14.572183
219 82.451782 53.106495 2.458087 2.186193 7.677969
220 82.468735 53.153278 1.948063 2.219760 4.351241
221 82.362350 53.050930 2.062437 2.173142 11.707618
222 82.362465 53.154003 2.328866 2.117012 6.963165
223 82.428711 53.072742 2.625613 2.169425 9.027999
224 82.323982 52.920906 2.480279 2.169944 10.313744
225 82.457939 53.101185 2.331532 2.195762 10.423505
226 82.335342 52.954769 2.545981 2.019632 16.078518
227 82.244125 53.087109 2.513077 1.982490 17.359627
228 82.332581 52.886505 2.260838 2.043690 27.111742
229 82.298561 53.084526 2.542161 1.950020 12.593606
230 82.151306 52.764915 2.571072 1.964249 11.055116
231 82.311119 52.887188 2.440093 2.137300 19.155218
232 82.034531 52.755859 2.755723 2.051189 7.049753
233 82.188881 52.680004 2.426322 2.111886 12.354863
234 82.215927 52.745289 2.553356 2.101428 10.020911
235 82.096169 52.825191 2.251123 2.021847 8.515653
236 82.313568 52.810051 2.553746 2.095937 12.294259
237 81.985481 52.885338 3.069326 2.127053 5.007347
238 81.837944 52.790348 2.752332 2.217505 3.771696
239 81.948486 52.841278 2.414811 2.136462 12.916998
240 81.964813 52.921978 2.539819 1.998354 12.461635
241 81.777069 52.943249 2.474706 2.326355 20.446211
242 81.824821 52.958996 2.778761 2.081777 8.107857
243 81.945580 52.982231 2.333448 2.020747 25.921179
244 81.858192 52.911839 2.397835 2.016064 16.411001
245 81.916908 53.009735 1.951328 1.934878 28.834915
246 81.582367 53.031635 2.336699 2.156743 24.725737
247 81.660896 53.136993 2.382951 2.096830 25.651684
248 81.748337 53.030807 2.334836 2.174221 19.763002
249 81.439758 53.093235 3.027771 2.232517 11.258434
250 81.594643 53.099846 2.601197 2.294906 24.244894
251 81.370056 53.149326 2.527443 2.262311 34.844715
252 81.567490 53.113102 2.295976 2.240414 29.870609
253 81.581879 52.998230 2.614660 2.362009 20.714804
254 81.769875 53.039955 2.287297 2.038076 37.754200
255 81.461014 52.992474 2.335802 2.087127 41.193577
256 81.188232 53.084190 2.804704 2.263215 15.095414
257 81.367844 53.089287 2.803457 2.181893 9.493558
258 81.237816 53.228725 2.853134 2.116520 8.133666
259 81.355316 53.108562 2.382371 2.324312 30.201252
260 81.165436 53.176750 2.868150 2.118482 6.562749
261 81.213379 53.099316 2.619512 2.051884 22.814920
262 81.306969 53.138302 2.511542 2.046348 17.085619
263 81.273247 53.042675 2.656208 2.177528 9.931324
264 81.237335 53.117462 2.516045 2.072373 19.929609
265 81.059196 52.984276 2.487239 2.265503 11.303281
266 80.969330 53.168068 2.508846 2.133999 23.648445
267 81.018356 53.026154 2.133101 2.143080 35.035301
268 81.247757 53.038033 2.455251 2.162805 28.886766
269 80.929901 53.016602 2.337307 2.105759 32.883492
270 80.888695 53.033894 2.194918 2.087632 36.002907
271 80.966400 53.041130 2.377026 2.244940 16.853498
272 80.981789 53.169380 2.490716 2.138287 15.223756
273 80.991394 53.107880 2.185529 1.998234 25.520432
274 80.944145 53.289330 2.366067 2.300634 26.203251
275 81.188896 53.092373 2.447132 2.111323 24.259726
276 81.358627 52.939842 2.149693 2.246746 41.187199
277 80.851341 53.015903 2.338535 2.070391 29.400713
278 81.031998 52.946289 2.220277 2.116207 25.503679
279 80.689377 53.114483 2.391295 2.189604 42.793182
280 80.736946 53.291233 2.320445 2.265903 37.405651
281 80.854286 53.373894 2.438477 2.320884 27.339693
282 80.906113 53.271301 2.435592 2.273601 16.973007
283 80.967072 53.804371 2.505574 2.085886 18.439260
284 80.976570 54.087894 2.496269 2.177316 23.972458
285 80.938995 53.878654 2.347363 2.088737 30.222773
286 80.855949 54.027317 2.418533 2.366503 16.109797
287 80.857330 54.338211 2.505949 2.139772 31.279261
288 81.020447 54.222710 2.660612 2.552135 13.363958
289 81.060616 54.132355 2.458209 2.404339 20.358248
290 80.902214 54.306984 2.178265 2.238509 22.555456
291 80.983154 54.235535 2.462931 2.298342 25.972149
292 81.060059 54.210606 2.346534 2.270498 32.418720
293 80.861053 54.097160 2.154485 2.210629 33.496017
294 80.861862 54.270294 2.732759 2.170805 8.019063
295 81.027534 54.234268 2.653106 2.482512 25.701574
296 81.109566 54.164356 2.667578 2.172049 23.428192
297 81.163147 54.145714 2.560209 2.349243 38.081165
298 80.934402 54.143108 1.912309 2.450597 37.954094
299 80.789978 54.217808 1.626816 2.573829 43.896961
300 80.876625 54.124561 1.760118 2.180426 35.576588
301 80.999252 54.180336 1.609192 2.500933 49.836044
302 81.026108 54.390411 1.438578 2.223648 61.094135
303 80.742340 54.552990 1.405548 2.393337 64.575043
304 80.420860 54.172318 1.206407 2.382356 43.671894
305 80.790565 54.297443 1.833096 2.136002 26.668159
306 80.381058 53.672043 1.688771 2.198085 39.021420
307 80.884750 53.820457 1.325886 2.073252 69.216324
308 80.716347 54.054199 1.500662 2.358803 56.397648
309 80.798485 54.320152 1.501989 2.485346 40.090706
310 80.931458 54.371483 1.292905 2.287917 73.170937
311 80.405479 54.247204 1.354664 2.108946 74.850853
312 80.448219 54.092419 1.490406 2.088292 62.667461
313 80.547310 53.944351 1.421608 2.225799 61.817459
314 80.862343 54.409901 1.009575 2.199262 24.157166
315 80.892273 53.720570 0.906073 2.855046 5.460505
