%% Trajectory 66
81 84.017471 61.080654 0.705999 1.893571 47.547451
83 84.268341 61.483105 0.648213 2.364240 46.751232
84 83.557251 61.425922 0.837309 2.233631 34.437038
86 83.739113 61.225624 0.804681 1.895484 14.759503
87 83.925941 61.300034 0.801025 2.076842 20.332312
88 84.069557 61.298058 1.018900 2.244775 55.061939
89 84.008430 61.115158 0.892914 2.021878 62.458485
90 83.929123 61.437344 0.905900 2.699550 71.106201
91 83.573311 61.354000 1.101306 2.290038 50.915199
92 83.806923 61.447781 1.189038 2.381372 75.509697
93 83.983902 61.252266 1.209150 2.146070 64.421638
95 84.123436 61.453880 0.940112 2.687747 46.338120
96 83.786926 61.276848 1.053935 1.988803 27.253328
97 83.410629 61.047710 0.778551 2.128404 34.121655
98 83.909203 61.324169 0.853369 1.719705 11.967131
99 83.780457 61.112904 0.945337 1.963519 38.446842
100 83.949837 61.453285 0.961616 2.287732 53.663418
101 84.083778 61.047470 0.887591 2.091353 51.680351
102 83.673935 61.359001 0.849593 2.078950 45.617130
103 84.010635 61.207874 1.065245 1.941732 54.034943
104 84.144440 61.314308 0.873322 1.804985 28.058010
105 83.913521 61.633736 1.408643 1.912755 53.714241
106 83.624413 61.417503 1.289119 2.193023 96.716370
107 84.042931 61.313267 1.058009 1.931923 55.714413
108 83.906075 61.105782 0.821388 1.801451 28.996422
109 83.436157 61.212486 0.917367 2.101454 67.591064
110 83.980591 61.219196 0.791154 2.021986 61.225201
111 83.850014 61.286198 1.285039 1.961026 69.725166
112 83.642578 61.428688 1.067216 2.251721 68.202316
113 83.897148 61.467865 1.109057 2.095103 52.728825
114 83.798553 61.366112 1.066228 2.165697 57.252262
115 83.673149 61.346695 1.351241 2.034215 77.476364
116 83.948837 61.338097 1.170025 2.093534 80.106071
117 83.806740 61.340118 1.371846 2.081255 70.180275
118 83.713600 61.085697 1.408541 2.113683 82.525452
119 83.876411 61.503101 1.259032 2.243975 71.465263
120 83.759644 61.250732 1.325482 2.193446 89.011353
121 83.879807 61.412266 1.556698 2.272137 93.835800
122 83.595276 61.288746 1.384055 2.064577 92.559067
123 83.709534 61.624973 1.246452 1.988998 59.500965
124 83.631126 61.411430 1.444284 2.360042 120.465324
125 83.945671 61.479809 1.279360 2.219814 69.970261
126 84.021278 61.530937 1.182509 2.012545 59.219707
127 83.907669 61.256866 0.987071 1.835446 24.599352
128 83.721008 61.435772 1.192676 2.249440 90.259750
129 83.637634 61.516914 1.400387 2.230963 102.627022
130 83.780380 61.558266 1.591326 2.177837 57.019600
131 83.731522 61.570526 1.710728 2.092332 58.153687
132 83.652649 61.365887 1.659289 2.203523 54.616241
133 83.662590 61.452145 1.442069 2.232251 71.098770
134 83.641800 61.587814 1.887644 2.180322 42.959408
135 83.626045 61.519157 1.191616 2.327106 73.113205
136 83.701164 61.414600 1.265582 2.204383 69.930214
137 83.731438 61.602257 1.358678 2.207810 83.230209
138 83.492378 61.392845 1.266426 2.194984 59.779617
139 83.800873 61.427849 1.518734 2.491498 56.560146
140 83.627731 61.656532 1.577513 2.194311 88.965553
141 83.825928 61.529686 1.429897 1.993907 45.819286
142 83.660530 61.481873 1.539654 2.195776 64.083572
143 83.664169 61.560566 1.877011 2.217588 26.554892
144 83.373909 61.512314 1.444533 2.404840 97.509781
145 83.775543 61.434898 1.044163 2.327261 91.274704
146 83.683502 61.532482 1.039672 2.000150 37.834087
147 83.273445 61.315701 1.106560 2.114817 77.091438
148 83.644356 61.515121 1.356746 2.136410 88.086189
149 83.777435 61.466949 1.174773 2.290837 105.358124
150 83.632805 61.363102 1.250158 2.092168 86.206902
151 83.904121 61.574402 1.715241 2.136790 43.537697
152 83.659744 61.574486 1.786856 2.169878 43.023865
153 83.596069 61.623745 1.585651 2.131613 51.299202
154 83.722412 61.474567 1.631171 2.410875 75.516083
155 83.718109 61.493111 1.454529 2.301003 66.778084
156 83.571144 61.351086 1.588777 2.182697 64.472633
157 83.766541 61.674694 1.449866 2.155761 55.631672
158 83.690453 61.554466 1.595013 2.333454 88.516273
159 83.561317 61.679638 1.441680 2.197977 75.206924
160 83.584732 61.688026 1.295312 2.314556 113.114594
161 83.672737 61.741283 1.687747 2.351717 46.927444
162 83.602425 61.610817 1.966968 2.364174 28.904142
163 83.571747 61.679863 1.764081 2.198100 26.866926
164 83.854599 61.688023 1.688665 2.177660 31.270079
165 83.753830 61.671608 1.721687 2.048985 18.387465
166 83.626060 61.699863 1.557383 2.230684 43.280365
167 83.548500 61.548363 1.913186 2.321503 31.286121
168 83.816147 61.734142 1.924411 2.152167 15.779802
169 83.753830 61.632389 1.883488 2.227751 26.666134
170 83.558914 61.542210 1.755389 2.321470 24.567905
171 83.574020 61.585499 1.998909 2.291089 34.584076
172 83.729004 61.539757 1.992491 2.304385 48.194027
173 83.766266 61.665924 2.017481 2.221733 26.156525
174 83.740219 61.747559 2.027495 2.195202 39.299084
175 83.584023 61.579239 2.015456 2.330103 35.384727
176 83.485878 61.721672 1.884597 2.482803 19.727386
177 83.927605 61.783680 2.017065 2.390397 20.403513
178 83.895630 61.943451 2.000401 2.550421 26.423893
179 83.984779 61.983643 2.667659 2.283481 16.933191
180 83.690445 62.005829 2.386380 2.301590 28.166330
181 83.797363 61.666542 2.546279 2.282019 31.106890
182 83.851906 61.833405 2.294869 2.369404 44.087753
183 83.822906 61.714436 2.046714 2.142426 31.621164
184 83.892548 61.789661 2.467283 2.326990 20.389357
185 83.660721 61.911819 2.000486 2.278080 37.299728
186 83.829597 61.853664 2.472422 2.176802 21.348104
187 83.482635 61.927322 2.360136 2.443505 28.076757
188 83.782516 61.995636 2.124752 2.365587 26.484589
189 83.785477 61.911263 2.327112 2.251592 42.397743
190 83.799095 61.979877 2.271259 2.549695 36.936680
191 83.665810 61.915451 2.394218 2.349753 28.072210
192 83.915909 61.955444 2.157246 2.393246 42.570114
193 83.878761 61.969669 1.937427 2.352545 51.065670
194 83.845497 61.975990 2.263312 2.460540 29.654758
195 83.849274 61.956100 2.141032 2.291335 39.029324
196 84.008614 62.110920 2.228193 2.281844 37.756493
197 83.800995 61.923264 2.253865 2.260321 46.966064
198 83.959526 62.115486 2.493546 2.313661 26.657040
199 84.089127 62.011566 2.365185 2.244858 47.056675
200 84.232018 62.034737 1.935271 2.362700 30.770891
201 84.063438 61.887623 1.987599 2.260321 40.594059
202 84.239899 61.871094 2.034027 2.342412 39.853737
203 84.097893 62.091805 2.236361 2.216117 32.001698
204 83.932671 62.149639 1.948210 2.435451 28.635897
205 84.144470 62.132462 2.161490 2.325088 36.952000
206 84.325981 62.159851 2.581742 2.378301 23.514519
207 84.378120 62.237892 1.872126 2.568584 36.196995
208 84.288437 62.227497 2.043263 2.533915 39.306789
209 84.279854 62.294937 2.404198 2.614499 24.708014
210 84.182098 62.165649 2.497114 2.407608 31.987558
211 84.087990 62.126328 2.147796 2.368682 27.743917
212 84.389565 62.289639 2.619916 2.566551 39.078503
213 84.352089 62.179394 2.685448 2.428045 31.727301
214 84.384933 62.249489 2.534458 2.353693 40.853848
215 84.342010 62.390148 2.179500 2.439791 46.889118
216 84.142220 62.448296 2.410505 2.671422 23.798563
217 84.275879 62.315807 2.381932 2.583198 24.054579
218 84.272514 62.395306 2.655534 2.305183 27.258438
219 84.664536 62.347305 2.267150 2.578677 29.275093
220 84.609581 62.348656 2.681815 2.507843 17.583401
221 84.306702 62.689190 2.302488 2.389812 12.065630
222 84.357124 62.199917 2.786019 2.383692 19.631815
223 84.699394 62.307095 2.807464 2.673849 20.998260
224 84.446396 62.378456 2.332448 2.626794 12.192377
225 84.266632 62.321362 2.136830 2.504392 35.926842
226 84.388306 62.417671 2.440273 2.415651 20.394390
227 84.426773 62.350002 2.246197 2.637904 30.595531
228 84.496788 62.574833 2.249026 2.587994 36.404579
229 84.424828 62.175762 2.736375 2.426813 22.698891
230 84.598335 62.034000 2.937280 2.523034 7.124852
231 84.377365 62.193123 2.840809 2.398872 25.608170
232 84.668251 62.216721 2.517263 2.374265 29.695719
233 84.676987 62.173428 2.493314 2.479394 22.347988
234 84.670776 62.330204 2.704851 2.518965 20.351112
235 84.820908 62.284821 2.520874 2.522455 27.751905
236 84.985863 62.287495 2.354000 2.227658 23.784683
237 84.912300 62.476643 2.669471 2.590671 35.149868
238 84.858269 62.552387 3.126424 2.639731 4.095495
239 84.729881 62.335499 3.379667 2.369016 18.829878
240 85.092293 62.383606 2.737136 2.366053 19.909771
241 85.002670 62.660023 2.216534 2.309564 12.203976
242 84.881653 62.415874 2.506896 2.678088 19.157764
243 85.035370 62.322739 2.615824 2.759461 13.763384
244 85.102745 62.586948 2.143178 2.929390 17.975346
245 84.935799 62.230022 2.194147 2.686210 17.309561
246 84.980606 62.082664 2.282078 2.590460 9.056643
247 85.185471 62.294174 2.314434 2.748374 9.868573
248 84.982437 62.363697 2.640349 2.575180 18.147465
249 84.683563 62.049694 2.127737 2.737197 12.085108
250 85.142303 62.392262 1.998457 2.772823 32.169109
251 84.918190 62.164154 1.987755 2.847552 27.950232
252 85.015572 62.079697 1.958833 2.821333 18.212585
253 85.190300 62.269886 1.914369 2.737044 25.544991
254 85.103928 62.267754 2.019280 3.075743 19.496367
255 84.727310 61.984352 1.656823 2.880512 60.104404
257 85.445503 62.432758 1.504783 2.863727 75.423676
258 85.626045 62.670303 1.354054 2.855222 58.234917
260 85.200409 62.395226 1.825031 2.612082 37.136375
261 84.703651 62.403561 1.449126 3.254636 47.496563
263 85.606071 63.217159 0.915142 3.292737 33.400238
264 85.759743 63.321308 1.152369 2.638577 131.992432
266 85.066238 63.074600 1.481400 2.566605 91.977104
267 85.473412 62.705444 1.852986 2.571321 53.535568
268 84.837257 62.489170 1.708804 2.619402 54.416237
269 84.854324 62.960709 1.646811 2.629122 57.693108
271 85.755493 62.683739 0.825122 2.698270 78.801331
272 84.950935 63.012939 0.980497 2.901783 95.089272
275 84.973557 62.532181 1.126739 3.487490 4.425624
276 85.440826 62.760098 0.785958 2.901940 82.662102
279 85.797218 62.564438 0.945481 2.865574 87.186623
281 84.744324 62.229614 1.485249 2.926065 62.884552
282 85.508827 62.227402 1.118243 2.891868 96.342598
284 85.556198 62.560604 0.962221 3.115907 62.395332
285 85.713318 62.642113 1.080839 3.003689 73.402702
287 84.914528 62.121662 1.022302 3.182588 62.066830
288 85.434410 62.258099 1.127006 3.335305 30.990694
290 85.618645 62.658947 1.086606 2.758809 151.283005
293 84.821098 61.773006 1.476880 3.374300 20.507603
294 85.448006 62.200092 1.097792 3.421917 13.653903
297 85.614151 62.052479 1.647926 2.756866 48.722561
298 85.604652 62.268559 1.127223 3.170481 35.748978
299 84.988434 62.048805 1.310833 3.113038 11.489471
301 85.495064 62.278942 1.027446 3.098153 15.242368
304 83.303947 62.076321 1.060305 2.730809 79.291718
307 84.733887 62.352161 1.239733 3.116624 14.380730
309 85.562759 62.636890 1.164220 3.075144 38.312984
311 85.640228 62.858700 0.914299 2.973383 43.017311
312 85.541496 62.648598 1.080125 2.838684 69.497208
314 85.007004 62.450367 1.011620 3.219168 8.973382
316 85.025177 62.416012 0.983493 3.146558 5.008485
317 85.090889 62.519238 1.246561 3.201896 28.781618
318 85.881744 62.206173 1.420250 2.895159 49.365547
320 86.532768 62.273174 1.276786 2.831572 68.426704
321 85.812363 61.825356 1.194174 2.607689 87.503403
324 85.965851 62.539734 1.082948 2.930589 24.853352
326 86.627693 62.002472 0.911408 2.598001 77.522873
