%% Trajectory 13
0 78.740646 50.529434 0.845470 2.185083 60.568596
1 79.195366 50.761971 0.599262 2.065966 40.474735
2 79.269417 50.862473 0.679254 1.992512 34.890453
3 79.052689 50.792728 1.318242 2.119615 51.262119
4 79.181252 50.905170 0.903492 2.162888 66.539978
5 79.139633 50.826126 0.920668 2.124962 49.591801
6 79.272652 50.784435 0.942739 1.936871 27.277811
7 78.905891 50.683659 0.840538 2.366256 78.521255
8 79.130104 50.795250 0.924858 1.979216 35.657345
9 79.114227 50.747849 1.085192 1.971229 51.937637
10 79.217667 50.554001 0.626489 2.515107 73.930244
11 79.169678 50.787628 1.103776 2.173295 61.020660
12 79.107895 50.743587 0.839909 2.033054 37.147892
13 79.148430 50.829906 1.127847 1.922829 19.757051
14 79.163116 50.714916 0.979474 2.201987 76.839172
15 79.020454 50.479610 1.024957 2.286534 51.439926
16 78.900230 50.676331 0.644412 2.023658 16.018181
17 79.253944 50.500164 1.002058 2.265121 62.147770
18 79.204712 50.663010 1.187834 2.057822 53.396595
19 79.094582 50.345215 0.953757 2.353268 58.509834
20 79.081360 50.531849 0.987687 2.256367 52.573082
21 79.157341 50.732819 0.922985 1.982080 35.583942
22 79.089401 50.646595 0.759440 2.442170 74.321205
23 79.182190 50.520458 0.945913 2.261117 72.791298
24 79.016869 51.028366 0.719253 2.092953 44.977150
25 79.327614 50.535965 0.736874 2.463063 41.435314
26 79.013298 50.817398 0.989719 2.028418 51.174423
27 78.772560 50.447643 0.983265 2.424100 57.979378
28 78.879730 50.656757 1.187489 2.211787 68.833992
29 78.804306 50.740623 1.098620 2.223338 55.986652
30 79.111633 50.542091 1.533776 2.254036 58.497265
31 79.003807 50.732761 1.092273 1.963734 27.967892
32 78.860298 50.577244 1.004437 2.242326 53.058056
33 79.110390 50.787342 1.154625 2.150578 55.685146
34 79.004082 50.765415 1.050728 2.085187 34.347485
35 78.988319 50.655151 1.334415 2.080214 47.451565
36 79.016655 50.634480 1.387314 2.082671 50.336472
37 79.276085 50.566036 1.223381 2.349547 81.757698
38 78.845329 50.349537 1.373814 2.255973 69.051361
39 78.955490 50.811859 1.297911 2.078664 45.600582
40 78.937042 50.828705 1.343489 2.205879 50.894650
41 79.090141 50.771927 1.614925 1.962602 41.781776
42 79.108292 50.770546 1.384724 2.021262 38.043587
43 79.237923 50.720661 1.645398 2.032228 28.716614
44 79.428391 50.649563 1.397110 2.283314 51.844101
45 78.952820 50.728371 1.679794 2.117611 48.613232
46 78.960403 50.479279 1.424577 2.137759 41.203972
47 78.936180 50.680290 1.558551 2.225953 53.124226
48 79.111633 50.679409 1.431413 2.113418 37.240261
49 79.052238 50.483719 1.301205 2.309321 54.571579
50 79.278442 50.453094 1.086459 2.267931 26.390388
51 79.236801 50.629604 1.469520 2.091138 36.205875
52 79.209320 50.651794 1.846204 2.144670 59.154629
53 79.255997 50.935341 1.306519 2.170853 36.637730
54 79.194061 50.781467 1.529812 2.008909 28.298279
55 79.166748 50.899902 1.709532 2.022267 39.259113
56 79.152359 50.714966 1.697953 2.020016 47.907772
57 79.111290 50.785194 1.615824 2.079304 38.004929
58 79.116165 50.685322 1.383829 2.025401 18.146006
59 79.048615 50.678719 1.577068 2.002656 24.888264
60 79.206711 50.639763 1.707692 2.153373 46.540146
61 79.213692 50.604778 1.901872 2.142877 40.700138
62 79.164459 50.656898 1.524533 2.079074 29.119137
63 79.234558 50.729576 1.674025 2.060922 40.307281
64 79.040344 50.781532 2.123938 2.143250 47.737873
65 79.207214 50.587936 1.850979 2.137779 40.977627
66 79.254097 50.560413 1.634789 2.288014 57.074970
67 79.144592 50.912590 1.776097 2.093886 26.322395
68 79.182915 50.747440 1.618966 2.136936 49.980732
69 79.227203 50.704010 2.389932 2.041265 30.483957
70 79.175316 50.704479 2.165423 1.983170 34.925907
71 79.305038 50.717857 2.277020 2.079906 37.364250
72 79.139053 50.732918 2.199403 1.969759 20.931286
73 79.127457 50.637215 1.955850 2.094255 41.908737
74 79.087379 50.501907 1.993782 2.203939 29.496214
75 79.034065 50.731350 2.047719 2.033877 27.338661
76 79.212631 50.752987 2.514863 2.005999 31.750250
77 79.115410 50.570587 2.011678 2.183530 44.311222
78 79.252235 50.938808 2.055231 2.005371 28.513926
79 79.339516 50.647755 2.365450 2.098072 26.538958
80 79.212830 50.659882 2.321100 2.202357 25.212721
81 79.255737 50.789330 2.212324 2.063298 25.991096
82 79.181519 50.612381 2.341248 2.130376 42.888523
83 79.199463 50.644257 2.715499 2.082102 15.220102
84 79.141113 50.469963 2.426412 2.222731 28.362844
85 79.120178 50.652431 2.295471 2.093507 12.795432
86 79.225098 50.702663 2.428775 2.105816 21.219231
87 79.115822 50.729038 2.527651 2.098625 15.780373
88 79.139137 50.734341 2.741884 2.102171 7.356799
89 79.018814 50.721214 2.905641 2.044647 14.707466
90 79.229614 50.798241 2.785020 2.049844 12.104514
91 79.016464 50.663284 2.700833 2.089044 19.239162
92 79.016830 50.719128 2.612154 2.015595 15.422916
93 79.020721 50.849476 2.717982 2.008820 13.542906
94 78.970490 50.761124 3.227521 2.099349 13.677958
95 79.118439 50.812298 2.802602 2.045291 8.867883
96 79.153336 50.741493 2.881879 1.967161 10.466086
97 79.066437 50.834332 2.999243 2.049391 10.142290
98 79.135529 50.846127 2.715970 2.013846 5.556055
99 79.012970 50.819950 3.224492 2.079761 14.307897
100 79.118721 50.925102 2.849145 1.972962 6.954805
101 79.061996 50.806675 3.359083 2.042828 14.917554
102 79.143639 50.850430 3.364892 2.076177 14.607890
103 79.066139 50.769112 3.368643 2.062397 17.992426
104 78.959793 50.774071 3.214492 2.005404 18.360165
105 79.060860 50.821293 2.821148 2.020537 9.478764
106 79.014526 50.775986 3.095079 2.050520 8.936062
107 79.057350 50.814762 3.382252 1.978139 7.612348
108 79.107628 50.763535 3.357383 2.001755 9.458869
109 79.164177 50.837769 3.624883 2.041543 8.608141
110 79.146393 50.833466 3.125048 2.001650 7.891508
111 79.058395 50.802990 3.998569 2.023866 3.456030
112 79.138901 50.760963 3.534019 2.069390 7.641738
113 79.162582 50.856850 3.693293 2.002680 6.065522
114 79.028870 50.935547 3.680613 2.009593 11.193600
115 79.063828 50.915230 3.901586 1.984506 4.015949
116 79.134621 50.761494 3.929354 2.077835 0.245231
117 79.094070 50.941704 4.236109 2.030769 1.692220
118 79.148994 50.861588 4.328826 2.012635 4.694205
119 78.949226 50.687859 4.047197 2.117959 3.571641
120 79.080154 50.745541 4.235168 2.029854 4.020034
121 79.101654 50.806591 4.095263 2.027550 7.227696
122 79.105339 50.777287 4.142588 2.020806 9.012991
123 79.201859 50.716194 4.117312 2.116712 8.172522
124 78.970940 50.831203 4.247046 2.111558 1.259865
125 79.022209 50.799149 3.761828 2.060420 4.192724
126 79.064331 50.842903 3.687453 2.081406 10.220592
127 79.221245 50.763813 4.067044 2.061554 0.621695
128 79.003456 50.786934 3.955558 1.987961 7.502749
129 79.210037 50.840847 4.199755 2.049648 6.721977
130 79.168526 50.819496 4.213893 2.045875 3.309198
131 78.973076 50.863514 4.049319 2.097950 5.951378
132 79.096313 50.789185 4.788469 2.028104 1.944952
133 79.268066 50.922050 4.479738 2.038507 4.522600
134 79.049301 50.784538 4.685066 2.079181 0.080924
135 79.058273 50.950153 4.383419 2.026850 0.637746
136 79.025421 50.861832 4.379723 2.025992 0.068003
137 79.264153 50.855114 4.118972 2.058390 0.457757
138 79.202217 50.796082 3.808004 2.092849 3.872850
139 79.189003 50.893604 4.067958 2.015276 1.891858
140 79.126846 50.817402 4.264728 1.996853 3.009814
141 78.975075 50.800426 4.312119 2.087979 0.943210
142 79.063835 50.795956 4.483557 2.064999 0.440815
143 78.991058 50.864895 4.261711 2.064969 7.668099
144 79.138725 50.971165 3.763006 2.016210 8.987807
145 79.015007 51.094875 4.178586 1.973480 0.186772
146 78.945358 51.089828 4.766673 2.032383 0.002281
147 78.942581 51.104240 4.253891 2.007878 6.181821
148 78.950096 51.055321 3.836339 2.015625 5.619476
149 78.871323 51.180164 3.929731 2.004833 6.388690
150 78.979202 51.053246 4.308362 2.040744 4.101398
151 78.814720 50.920685 3.994028 2.078468 9.150170
152 78.876114 51.018581 4.216575 2.094163 0.206024
153 78.990944 51.138611 3.844167 2.001556 1.477809
154 78.997208 51.127144 3.939619 2.023188 4.686784
155 78.932472 51.091808 4.312909 2.095662 0.110722
156 78.943687 51.098263 4.369627 2.009844 0.630578
157 78.966324 51.161469 3.999918 1.974903 4.066040
158 78.949661 51.182941 4.084098 2.021383 5.086704
159 78.907921 51.065746 4.314815 2.021710 0.379639
160 78.855652 51.098141 4.006243 2.007109 1.839787
161 78.895370 51.180065 4.401415 2.061874 0.788427
162 78.945511 51.090061 4.358867 2.062809 0.193016
163 78.860168 51.155186 5.112987 2.004432 0.000001
164 78.932159 51.120190 4.325695 2.007714 1.690340
165 78.876022 51.231781 4.042260 2.013394 2.136568
166 78.751976 51.116699 4.063753 2.065679 0.563374
167 78.845345 51.056770 3.795330 2.048014 2.037827
168 78.855232 51.109833 4.183003 1.976932 2.099758
169 78.844437 51.200794 4.240144 2.059458 1.927282
170 78.721825 51.130539 4.485008 2.087635 1.120743
171 78.812469 51.136715 4.181530 2.074835 2.395676
172 78.776474 51.258202 4.384292 2.096660 4.678509
173 78.665695 51.200161 3.965411 2.060081 1.209268
174 78.620537 51.271000 3.543640 2.190362 3.770641
175 78.629631 51.259544 3.424939 2.217115 0.088716
176 78.524208 51.231052 3.616818 2.225009 1.742662
177 78.608582 51.037128 3.916397 2.094642 3.719299
178 78.579239 50.964718 3.445167 2.108654 0.371957
179 78.559875 50.988674 3.725251 2.089813 0.030920
180 78.550072 51.132866 3.796736 2.165863 0.147674
181 78.589752 50.975288 3.502445 2.109132 0.110753
182 78.468208 50.825699 3.654525 2.279094 0.018387
183 78.422134 50.983479 3.358941 2.163093 0.239133
184 78.353615 50.903774 3.664465 2.120716 0.022283
185 78.402657 50.946724 3.774581 2.189000 0.029122
186 78.424362 50.975960 3.447478 2.136097 0.009277
187 78.334595 50.967968 3.577311 2.184015 0.144965
188 78.344528 50.956261 3.855388 2.096555 0.165080
189 78.356766 51.062923 3.574634 2.044707 0.061951
190 78.306175 50.966251 3.340852 2.138778 0.206606
191 78.332367 51.000687 3.555728 2.148541 0.003898
192 78.105247 50.897476 3.511024 2.155455 0.088728
193 78.336914 51.080948 3.308070 2.116471 0.001722
194 78.277344 50.959042 3.531652 2.028524 0.001104
195 78.256279 50.989182 3.140786 2.036466 0.035763
196 78.290184 50.884415 2.566846 2.035484 3.516606
197 78.304680 50.979824 3.158645 2.159320 0.069172
198 78.359360 50.787624 2.721824 2.114513 2.060554
199 78.164032 50.824436 3.068311 1.989114 0.009625
200 78.346878 50.810913 2.878955 2.102821 0.263150
201 78.291199 50.921364 2.916799 2.135185 1.306415
202 78.129341 50.964401 2.434228 2.091860 15.659629
203 78.413933 50.906261 2.232986 2.093379 17.035137
204 78.222107 50.868069 2.334385 2.035264 16.596649
205 78.300743 50.981468 2.258495 2.015968 16.508732
206 78.241302 50.880615 2.482774 2.140377 5.557840
207 78.206459 50.867073 2.243057 2.136254 18.609674
208 78.133087 51.017494 2.459637 2.088448 14.177825
209 78.059555 50.955215 2.591427 2.034493 2.889583
210 78.200829 50.858841 2.534429 1.996096 7.582064
211 78.095993 50.959438 2.246296 2.015597 13.458963
212 78.505348 51.005959 2.004233 2.306277 11.917645
213 78.040123 50.838985 2.204861 2.251526 20.801004
214 78.075363 51.220490 2.235061 2.207246 25.458794
215 77.888504 50.953403 1.883515 2.001461 22.601660
216 77.989471 50.815548 2.166414 2.093192 14.563326
217 77.865105 50.864815 2.222956 2.145268 19.923981
218 77.399307 50.914391 1.974031 2.498159 31.520613
219 77.604034 50.787220 1.840117 2.272419 23.935032
220 77.761559 51.349548 2.019388 2.231996 19.007809
221 78.097549 51.114239 1.844230 2.484753 18.890350
222 77.757797 51.405910 1.524379 2.446153 22.968498
223 77.738892 51.284328 1.727616 2.361187 8.200781
224 77.848175 51.476250 1.947865 2.335493 13.302171
225 77.717804 51.386932 1.863182 2.384094 22.808525
226 77.824417 51.203053 2.079765 2.264857 7.137133
227 78.099243 51.042633 1.768537 2.291850 7.082378
228 78.104919 50.689274 1.497390 2.356640 9.197004
229 78.101227 50.799709 1.670979 2.247962 4.248465
230 78.110085 51.078537 1.406954 2.166482 15.570367
231 78.181137 51.125168 1.753419 2.236163 10.037700
232 78.428215 50.795734 1.490354 2.256749 14.224500
233 78.141876 50.776417 1.391328 2.444021 13.131654
234 77.839874 50.677223 1.455914 2.805437 28.207441
235 78.063789 50.932713 1.114702 2.102432 20.597162
236 77.500488 51.157310 1.266920 2.531256 33.846851
237 77.922585 51.443893 1.378181 2.451162 32.950481
238 77.361328 51.533493 1.448443 2.514085 32.531670
239 77.847496 51.400997 1.265007 2.382884 29.377642
240 77.827721 51.567257 1.033083 2.403009 47.868298
241 77.688995 51.479450 1.116415 2.350798 33.094082
242 77.106972 51.311501 0.996340 2.691339 66.060104
243 77.407188 51.774883 1.030850 2.867485 73.294586
244 77.816795 51.471455 0.971186 2.482395 72.350601
245 77.581772 51.776089 0.759248 2.838128 87.586311
247 77.978539 51.548454 1.331356 2.882653 32.524578
248 78.405914 51.417542 0.772080 2.913088 64.041473
250 76.985390 51.193089 1.084662 2.322340 30.357445
251 77.440849 50.963268 0.643291 2.418824 114.546097
252 77.208649 50.340775 0.769427 2.809686 100.928078
253 77.176376 50.275589 0.661248 2.516545 92.361938
254 78.068947 50.282921 0.492009 2.871934 164.142731
257 77.107887 50.650536 0.463900 2.672900 125.386337
258 77.513062 50.723301 0.457025 3.151965 39.374062
261 79.903748 50.993145 0.335572 1.803293 32.992088
263 78.291756 51.256458 0.390302 1.943634 53.913975
266 78.744331 51.485928 0.434059 2.499073 53.038532
269 78.633530 51.899250 0.405406 2.593390 132.650909
