%% Trajectory 39
52 118.508301 48.129799 1.053880 3.495138 40.399094
54 118.310600 47.100842 0.710462 2.496685 27.259005
55 118.329697 47.395210 0.835293 2.738416 51.169346
56 118.261162 48.005558 1.106935 2.647445 56.142471
57 118.398064 47.147617 0.782693 2.312734 60.670502
58 118.791351 47.245258 1.107747 2.625901 76.943306
59 119.005310 47.063007 1.092368 3.033734 60.801815
60 118.468689 47.429394 0.831565 2.547611 41.646313
61 118.978111 47.181110 1.123015 2.531669 84.534286
62 118.382126 47.011318 0.893098 2.577459 52.682899
64 119.107956 47.256084 1.352083 3.115306 43.189026
65 118.969246 47.109024 1.143479 2.810203 50.045826
66 118.994431 47.072582 1.279635 3.126739 15.570753
67 118.453110 47.307354 0.949801 2.887373 27.539658
68 119.092712 47.163849 1.362921 2.744414 51.196114
69 118.486259 47.105972 1.031317 2.497132 51.744045
70 118.263603 47.644157 1.287437 2.589071 54.062294
72 118.837463 47.661339 1.113645 2.872639 40.977688
73 118.778549 47.293468 1.490094 2.754848 47.033253
74 118.922485 47.247299 1.520325 2.752658 43.269272
75 118.442017 47.584049 1.364825 2.877861 48.928268
76 118.727921 47.452644 1.211697 2.791740 55.427490
77 118.938934 47.312035 1.624263 2.960652 32.107166
78 118.425835 47.170677 1.530230 2.606818 49.628754
79 118.741066 47.153709 1.757534 2.735049 26.292166
80 118.794922 47.189259 1.944174 2.689737 23.812851
81 118.963966 47.322365 1.914019 2.735434 17.910732
82 118.834358 47.446880 1.705903 2.786955 40.950394
83 118.374718 47.580235 1.346406 2.670439 80.968933
84 118.465607 47.604572 1.900530 2.776852 30.454678
85 118.534103 47.604237 1.581187 3.031527 47.381271
86 118.529869 47.358818 1.460943 2.856926 38.936821
87 118.309784 47.317520 1.657485 2.789822 41.494152
88 118.928566 47.066719 1.722689 2.823148 43.486664
89 118.959557 47.404194 1.872775 2.747751 21.982378
90 118.827873 47.479317 1.771552 2.900064 22.014862
91 118.548256 47.574402 1.452366 2.672922 77.045677
92 118.813278 47.478031 1.755195 2.850949 19.157923
93 119.355499 47.439487 1.873518 3.064592 25.124390
94 118.584274 47.705956 1.714656 2.651381 53.896557
95 118.564255 47.625706 1.693053 2.675564 42.795433
96 118.813477 47.574963 1.428314 2.814221 31.415699
97 118.735275 47.713284 1.675116 2.597087 42.169544
98 118.831810 47.726261 2.081894 2.753918 15.799033
99 118.895943 47.816124 1.648288 2.638202 44.277046
100 118.745041 47.766918 1.975476 2.593033 47.978367
101 118.760284 47.820934 1.943617 2.760138 32.029594
102 118.510559 47.870674 1.533614 2.800586 28.261694
103 118.762756 47.793751 1.363083 2.643641 38.272434
104 118.528404 47.854553 1.789897 2.539222 57.599724
105 118.727547 47.750992 2.210509 2.592016 26.586765
106 118.783363 47.749538 2.319381 2.650122 23.074520
107 118.634895 47.910896 1.801874 2.595389 59.389854
108 118.428879 47.594398 1.946030 2.555216 66.706871
109 118.970268 47.858444 1.945594 2.613147 45.603954
110 118.684082 47.799137 2.105014 2.509029 29.471424
111 118.512283 47.822464 1.898432 2.525543 38.097397
112 119.009148 47.706841 1.869551 2.792923 31.546701
113 118.457710 47.882751 1.775535 2.454924 55.089066
114 119.009033 47.726048 2.056145 2.604808 43.766396
115 118.685738 47.864624 2.029890 2.519454 35.454876
116 118.981453 47.947887 2.049667 2.481946 33.535049
117 118.907013 48.037277 2.141143 2.299118 39.651562
118 118.901024 47.911873 2.089688 2.681315 30.784626
119 118.781380 47.783543 2.105256 2.528485 41.003628
120 118.611107 47.842369 1.834751 2.383661 34.525154
121 118.779587 48.071991 2.095999 2.508507 27.984108
122 118.487259 47.788502 1.582055 2.442198 65.954315
123 119.044502 47.945328 2.060827 2.472827 32.870747
124 118.518570 47.835136 1.781867 2.594209 32.660507
125 118.816978 48.046265 1.699604 2.270696 46.444878
126 118.938507 47.964798 1.541274 2.159709 64.839554
127 118.959961 47.794476 1.787384 2.543392 26.639019
128 118.812218 48.026981 1.500179 2.509573 51.436321
129 118.866508 48.217548 1.563581 2.638500 45.366676
130 118.905525 47.986095 1.610055 2.292978 63.892105
131 118.930023 47.884712 1.712993 2.488610 52.712132
132 118.794151 47.750866 1.564518 2.418205 44.190628
133 118.982101 47.673252 1.336891 2.588893 60.907475
134 118.900299 47.855370 1.579512 2.456094 40.608707
135 118.811447 47.781345 1.312338 2.592376 49.292278
136 118.747932 47.804844 1.273915 2.361123 83.890778
137 118.859154 47.991657 1.552000 2.356392 52.140808
138 118.843597 48.100208 1.520130 2.436000 50.077969
139 118.955185 47.988277 1.623828 2.244991 44.154709
140 118.988434 47.999710 1.622748 2.660207 26.868118
141 118.787254 47.778126 1.941920 2.450571 47.596100
142 118.969521 48.137436 1.805061 2.587345 19.076466
143 119.340042 48.157387 2.163457 2.590764 28.602058
144 118.908020 48.159035 1.860913 2.978563 5.193717
145 119.031395 47.964920 1.809940 2.508856 30.113052
146 118.852699 48.101307 1.516091 2.651351 50.765240
147 118.887169 47.863770 1.373647 2.732822 65.765984
148 119.116653 48.046398 1.582876 2.660935 37.852795
149 118.855347 47.986439 1.609846 2.621943 46.397575
150 118.975296 48.076302 1.772689 2.461226 42.021564
151 119.119720 48.221245 1.887799 2.849427 19.181433
152 119.262726 47.995029 1.745824 2.641011 39.925880
153 119.101578 47.898487 1.672435 2.575692 54.692558
154 119.058517 47.950104 1.743751 2.550050 50.510704
155 118.880531 48.157375 1.626069 2.512412 66.870056
156 118.500053 47.832062 1.209194 2.522892 87.301758
157 118.889542 48.222698 1.723231 2.601740 44.079666
158 119.043671 48.014530 1.642188 2.526510 61.407959
159 119.090897 48.104721 1.742066 2.641905 45.093777
160 119.180870 47.940449 1.690242 2.692172 45.349503
161 119.213379 48.102814 1.416540 2.752989 59.249649
162 118.844971 48.213093 1.531697 2.606518 48.188374
163 118.837234 48.081066 1.315859 2.519402 106.870796
164 118.857651 48.006031 1.640261 2.652411 51.648949
165 118.905861 48.043079 1.358004 2.523235 98.189941
166 118.894226 48.008202 1.572864 2.479916 72.958328
167 118.955521 48.174053 1.898882 2.596245 59.871769
168 118.867882 48.276054 1.530751 2.751128 48.642696
169 119.012222 48.004906 1.569994 2.615371 44.446152
170 119.262024 48.214073 1.538340 3.098117 46.510719
171 119.356300 47.914146 1.780149 2.935687 40.863319
172 119.067062 47.949162 2.052754 2.507753 75.496635
173 118.948448 48.123116 1.510030 2.696037 80.716164
174 118.864716 48.062485 1.514306 2.500914 65.076897
175 119.241646 48.307037 1.719497 2.503908 70.351631
176 119.199471 48.041912 1.573085 2.402528 80.701492
177 119.067017 47.824146 1.486622 2.392657 92.346497
178 118.984306 48.068275 1.505107 2.661234 55.108212
179 119.330048 48.031990 1.711524 2.659738 45.662308
180 118.930397 47.752678 1.506847 2.280311 77.355644
181 118.693810 47.781689 1.502865 2.377423 68.182983
182 118.820030 47.905823 2.001771 2.407579 68.187813
183 118.742332 48.012733 2.145902 2.311657 64.913132
184 118.776398 48.015553 1.723414 2.413839 68.571373
185 118.736702 47.967838 1.804076 2.247257 54.455399
186 118.648415 48.158802 1.823200 2.303161 56.470478
187 118.922150 47.793289 2.054643 2.383717 44.344791
188 118.657150 47.745831 1.972218 2.304107 50.164272
189 118.495621 47.967865 1.678367 2.415263 61.406631
190 118.680870 47.956375 1.998346 2.218013 32.913536
191 118.741417 47.895786 2.138231 2.290268 44.542809
192 118.755676 47.834152 2.461005 2.224061 15.250545
193 118.415489 47.949364 1.976087 2.105084 33.219883
194 118.599083 47.925247 2.255731 2.192339 31.155268
195 118.589073 47.895782 2.103881 2.237221 19.163147
196 118.597733 48.078163 2.313026 2.285516 31.703133
197 118.799232 48.085262 1.700127 2.240084 45.241550
198 118.935486 47.973904 2.074382 2.178822 20.477085
199 118.687714 47.962074 2.047931 2.310276 11.052754
200 118.753738 47.620728 2.064023 2.461798 17.732832
201 118.860741 48.046566 1.636422 2.308809 35.282475
202 118.818100 48.201035 1.524394 2.375135 39.292416
203 118.560280 48.192352 1.459335 2.414154 81.997185
204 118.444481 47.995487 1.403653 2.260956 70.790039
205 118.676552 48.300625 1.533427 2.439605 56.941330
206 118.840569 48.217999 1.493687 2.294707 60.458061
207 118.698372 48.430672 1.411823 2.548743 101.666573
208 118.461449 48.070965 1.334375 2.312340 80.762901
209 118.569794 48.156498 1.283154 2.450989 105.073685
210 118.891052 48.141727 1.410092 2.365741 72.218567
211 118.542900 48.022522 1.497041 2.271637 69.208923
212 118.509712 48.106022 1.542497 2.242727 62.314888
213 118.778633 47.941940 1.367726 2.326419 86.795135
214 118.873314 48.034958 1.364179 2.188006 87.840820
215 118.553429 48.227501 1.584815 2.279304 82.169662
216 118.620468 48.301746 1.675688 2.343285 52.579456
217 118.641800 48.164253 1.686608 2.341288 38.969780
218 118.742523 48.109577 1.750396 2.190297 34.477585
219 118.732048 48.412971 1.878239 2.375130 33.892925
220 118.898872 48.349735 1.760406 2.364629 42.303173
221 118.740707 48.114666 1.785478 2.184611 24.779585
222 118.656502 48.058315 1.711610 2.130563 27.634518
223 118.992096 48.131344 1.991934 2.123135 22.292488
224 118.927269 47.865883 1.663352 2.083024 25.005852
225 118.938225 48.057449 1.872336 2.142404 27.281734
226 119.022392 48.076965 1.803193 2.054251 26.745764
227 118.944778 48.230618 2.150413 2.166215 16.893988
228 119.077568 48.175007 1.969207 2.108239 24.541983
229 118.975548 48.236500 2.015017 2.058016 21.270185
230 118.951736 48.334076 2.135648 2.241876 19.794712
231 118.929855 48.407364 2.031332 2.271773 19.942747
232 119.107307 48.338390 2.144991 2.077017 5.703964
233 118.916901 48.140697 2.234925 2.111421 7.373726
234 119.328415 48.208950 2.189751 2.314381 16.917702
235 119.244553 48.204811 2.279239 2.185996 18.264664
236 119.346199 48.365757 2.229731 2.388714 20.785034
237 119.220863 48.313946 2.586164 2.160824 26.006727
238 119.225014 48.078156 2.510667 2.172287 23.171457
239 119.199348 47.917503 1.686910 2.137110 25.941248
240 119.214294 48.164234 2.086321 2.201875 22.954782
241 119.282021 48.178093 1.986511 2.131836 34.906006
242 119.337341 48.121040 2.171485 2.102417 27.872936
243 119.482536 48.250156 1.855547 2.259594 59.138817
244 119.516212 48.179836 2.109938 2.254871 23.312140
245 119.364990 48.071701 2.049325 2.177611 30.779610
246 119.497551 48.269482 2.063531 2.271291 42.522964
247 119.647125 48.124466 2.204737 2.323503 32.480026
248 119.592934 48.144444 1.835633 2.183206 47.364113
249 119.560310 48.175991 1.838210 2.173496 27.399813
250 119.769936 48.089497 1.917079 2.230705 27.910673
251 119.650665 48.396381 1.381779 2.313863 45.487667
252 119.723434 48.311974 1.811609 2.289019 36.332611
253 119.562843 48.354080 2.012586 2.299758 40.888809
254 119.540405 48.058674 1.919552 2.160049 22.217333
255 119.524773 48.316593 2.011698 2.334420 36.380322
256 119.781929 48.305256 1.986835 2.191617 46.954006
257 119.750320 48.350685 1.610394 2.222172 31.258905
258 119.485535 48.193916 1.813922 2.422714 27.246281
259 119.766640 48.464016 2.023261 2.386160 41.005379
260 119.572227 48.308559 2.040367 2.247495 43.276318
261 119.690384 48.332924 1.587941 2.252172 53.279701
262 119.799965 48.735859 1.943272 2.361796 25.643749
263 119.763481 48.747849 1.789988 2.142715 28.989143
264 119.819664 48.999104 1.974066 2.211004 27.417385
265 119.856613 49.329597 2.441118 2.120633 41.172474
266 119.854790 48.980980 1.768981 2.325633 40.907776
267 119.858040 49.000553 1.727086 2.128603 46.105446
268 120.038589 49.165977 1.587705 2.296088 45.227554
269 119.897820 49.491608 1.416321 2.158074 45.799408
270 119.932159 49.228279 2.016804 2.155082 29.490704
271 119.919006 49.148487 1.936188 2.306725 38.369892
272 120.007919 49.006287 1.988101 2.382698 43.576042
273 119.734070 49.206245 1.625172 2.222704 51.264751
274 119.925667 49.432449 1.500739 2.328782 67.094215
275 119.690323 49.541039 1.022012 2.422431 90.920044
276 119.572197 49.549145 1.792733 2.487974 81.309158
277 119.670990 49.625492 1.945550 2.296461 58.968178
278 119.420525 49.394661 1.529845 2.474848 72.266747
279 119.617813 49.628124 1.084677 2.353328 103.146179
280 119.091736 49.173763 1.014292 2.262131 85.135384
281 118.979111 49.774757 1.049259 2.110043 71.570198
282 119.067833 49.686337 1.082656 2.504802 64.854729
283 119.896774 49.333179 0.844387 2.468320 104.041740
284 119.233101 49.146351 1.053146 2.657466 60.348965
285 119.879204 48.839943 0.866160 2.401761 117.088089
286 119.590836 48.475258 1.159725 2.676869 117.033295
287 119.480286 48.096363 0.663389 2.499464 124.812950
288 118.957848 48.718750 0.706566 2.839483 44.311520
290 119.950317 49.074608 0.846787 2.995792 69.878532
291 120.159187 48.804989 0.772192 3.259668 32.539837
292 120.077644 48.866978 0.691442 2.667102 100.246849
