%% Trajectory 311
325 39.920811 82.695183 1.170203 2.004563 27.810282
326 39.797615 82.766426 1.184892 2.321366 39.579456
328 40.178577 82.736877 0.987800 2.079673 21.367393
329 40.080200 82.631325 0.949467 1.969479 30.473911
330 39.938412 82.880203 1.267855 2.149003 104.162041
332 39.782368 82.946045 1.091889 2.147375 51.579391
333 40.129333 82.745888 1.354784 1.979495 55.432804
334 39.730297 82.732536 1.344771 2.418891 71.468445
336 39.572521 83.011147 1.563456 2.132942 60.361946
337 40.082874 82.464783 1.714795 2.079340 66.470078
338 40.052036 82.995049 1.578900 2.200352 58.615932
339 40.104424 82.657951 1.615317 2.082072 48.318340
340 39.938602 82.789307 1.327427 2.319896 88.419769
341 40.278214 82.593491 1.361109 2.362638 96.565475
342 39.660458 82.867546 1.486496 2.114365 64.746277
343 40.185951 82.761635 1.010133 2.224798 57.328381
344 39.916748 82.602539 0.970537 1.970120 35.345760
345 40.035328 82.444557 1.240122 2.063438 70.921768
346 39.970177 82.904236 1.522202 2.084203 86.203629
347 39.650253 82.892326 1.273867 2.273497 54.941780
348 40.097164 82.778419 1.474639 2.100034 38.895569
349 39.822498 82.884270 1.410855 2.378967 76.853416
350 39.982502 82.880501 1.304719 2.369171 119.253967
351 39.597919 82.689255 1.344428 2.297068 93.255768
352 40.123978 82.725410 1.567127 2.191491 77.011307
353 39.973392 82.698524 1.261103 2.259891 98.684998
354 39.800713 82.658913 1.351727 2.140475 59.515598
355 39.939350 82.779068 1.276135 2.175490 120.309784
356 40.074020 82.582970 1.336472 1.965618 49.370270
357 40.106930 82.548088 1.294935 2.242310 89.021721
358 40.046562 82.516266 1.353716 2.184353 74.407043
359 40.061684 82.291557 1.393818 2.067796 58.669403
360 40.038639 82.625732 1.866943 2.006645 29.588501
361 40.072460 82.810043 1.576637 2.089004 57.420265
362 40.218067 82.820953 1.992186 2.103912 38.252472
363 39.991146 82.942993 1.801321 2.142321 38.071808
364 40.234543 82.641891 1.821355 2.094320 27.144011
365 40.223083 82.632057 2.011120 2.050756 26.956675
366 40.317875 82.587799 1.777563 2.298440 53.210503
367 39.856010 82.536972 1.913658 2.196390 36.551506
368 40.220783 82.662270 1.805842 2.066780 24.388105
369 40.137962 82.944733 1.875898 2.106836 36.466003
370 40.089592 82.731880 1.986139 2.153790 39.380459
371 40.226570 82.802017 2.563094 2.251621 38.715492
372 40.124256 83.102173 2.028035 2.132252 32.470665
373 40.199409 82.678841 1.888826 2.232114 55.182667
374 40.205944 82.697304 1.765427 2.285032 71.919693
375 40.168545 82.692108 1.842537 1.977421 47.401886
376 40.081997 82.772301 1.834761 2.143076 59.011242
377 40.067112 82.633583 2.013022 2.209186 35.900383
378 40.107475 83.122375 1.676489 2.336497 85.836388
379 40.097717 83.050819 1.772913 2.004743 71.625153
380 40.149010 82.751259 2.099401 1.980474 18.507952
381 39.996773 82.979866 2.183848 2.379832 40.217319
382 40.076828 82.688759 2.118732 2.182814 32.972588
383 40.124016 82.749634 1.877254 2.206105 57.904171
384 39.990913 82.838646 2.435451 2.180746 21.717115
385 40.100639 82.439552 2.704111 2.259172 20.904007
386 40.230614 82.992439 2.226753 2.549382 21.043644
387 40.251118 82.725281 2.627972 2.170850 23.247736
388 40.171188 82.992447 2.105105 2.318424 48.673019
389 40.297436 83.070137 2.100375 2.463151 51.709915
390 40.216961 82.751862 1.911463 2.255890 72.655533
391 40.243500 82.693237 2.362020 2.241944 19.132635
392 40.213722 82.964920 2.277944 2.279836 43.387131
393 40.320477 83.084610 2.043965 2.152272 46.661442
394 40.170147 83.143890 2.697596 2.429929 32.693947
395 39.974876 82.764275 2.738894 2.132793 39.278385
396 40.312035 82.996620 2.418260 2.362712 54.121056
397 40.320278 82.709099 2.796924 2.335171 31.030077
398 40.296066 82.818535 2.276183 2.081179 60.639584
399 40.369026 82.875336 2.805632 2.217695 42.988701
400 40.220280 82.920380 2.759686 2.182153 34.645462
401 40.354168 82.747086 2.502556 2.220458 40.390141
402 40.253807 82.868752 2.594321 2.197274 43.111839
403 40.463230 82.800667 2.337776 2.368453 56.131542
404 40.108566 82.893272 2.398219 2.221879 80.304703
405 40.251411 82.793053 2.343426 2.300773 71.816895
406 40.213268 83.021431 2.655112 2.237052 31.453861
407 40.400734 82.695633 2.565584 2.355235 56.829140
408 40.467754 82.808159 2.990183 2.493769 22.998854
409 40.509781 82.836273 2.779942 2.327996 45.076977
410 40.185287 82.925919 2.760208 2.175017 18.201010
411 40.229507 82.809578 2.566417 2.222458 56.194550
412 40.229137 83.008301 2.765656 2.242795 30.343803
413 40.406296 82.788666 3.173533 2.351201 22.036140
414 40.476952 82.745872 2.748145 2.284589 45.824921
415 40.434532 82.834198 2.974302 2.352003 24.126772
416 40.229385 82.885231 2.810095 2.168464 39.212761
417 40.297867 82.837257 2.925042 2.377481 18.541071
418 40.437527 83.012222 3.140975 2.528458 14.814375
419 40.472935 82.920052 3.500571 2.312583 14.183916
420 40.527855 82.812889 3.253522 2.388156 5.524621
421 40.360291 82.922218 3.485517 2.317749 17.042454
422 40.428123 83.033028 3.010602 2.496072 22.009855
423 40.398598 82.935478 3.148544 2.192205 4.469589
424 40.440052 82.883682 2.993091 2.198536 22.924967
425 40.515640 82.781975 2.639934 2.241391 40.492348
426 40.389256 82.954216 2.626494 2.166736 35.949299
427 40.371166 82.900742 3.255779 2.227463 3.921132
428 40.465839 82.848961 3.330349 2.449073 17.000221
429 40.505352 83.067215 3.229377 2.492730 20.567598
430 40.335941 82.897415 3.501533 2.367232 18.553919
431 40.533386 82.811737 3.711542 2.459340 9.395472
432 40.513420 82.735680 2.814074 2.316847 45.899815
433 40.355156 82.899483 2.646593 2.436804 52.796432
434 40.523849 82.934593 3.046935 2.497301 15.427495
435 40.528999 82.749886 3.129803 2.431366 13.912967
436 40.385338 82.840675 2.933978 2.362145 11.864039
437 40.421551 82.953644 3.614900 2.310712 6.418954
438 40.536621 82.781555 3.766559 2.421669 3.254724
439 40.499691 82.845711 3.505367 2.346136 9.948343
440 40.421806 82.840790 3.260621 2.398365 17.808723
441 40.520340 82.953094 3.381637 2.380958 3.314934
442 40.548409 82.876717 2.866735 2.264137 24.497313
443 40.410614 82.902817 3.339308 2.435616 20.013779
444 40.468086 82.821999 3.668652 2.383633 13.605163
445 40.436611 82.759506 3.829055 2.296229 31.499058
446 40.422405 82.771950 3.683547 2.345240 15.879791
447 40.418537 82.862511 3.927317 2.505074 15.688243
448 40.478287 82.760239 3.456252 2.362695 26.321310
449 40.409946 82.821075 4.330111 2.412225 11.022182
450 40.481052 82.864037 4.685728 2.340150 2.888801
451 40.432220 82.682266 4.210359 2.398704 4.806971
452 40.523594 82.864983 4.176947 2.305691 13.973108
453 40.466469 82.859451 4.173283 2.325902 12.505861
454 40.497238 82.919685 4.026597 2.373621 3.506385
456 40.535458 82.735451 4.044614 2.405128 14.864582
457 40.450680 82.778320 4.153560 2.285591 17.354370
458 40.415970 82.946007 3.959917 2.214012 20.535847
459 40.473404 82.894989 3.866633 2.440016 7.055573
460 40.591972 82.808525 4.221675 2.314054 9.828825
461 40.536201 82.919487 3.943154 2.311939 12.687103
462 40.367752 82.923813 3.894125 2.277607 14.189218
463 40.388588 82.589920 4.001147 2.379143 6.915761
464 40.399101 82.691063 3.893466 2.401894 12.335705
465 40.538322 82.829910 4.544196 2.376753 5.353968
466 40.555393 82.767822 4.515607 2.384108 15.037482
467 40.542198 82.718750 4.829199 2.336167 14.643039
468 40.471100 82.858688 4.708452 2.245674 1.188931
469 40.557037 82.861183 4.743543 2.454946 0.346012
470 40.435673 82.729721 4.447046 2.213491 11.267742
471 40.462021 82.755974 4.770998 2.308297 10.706821
472 40.443623 82.847511 5.179349 2.302700 10.796049
473 40.414417 82.753670 4.691852 2.485969 2.009505
474 40.533115 82.723228 3.971454 2.295559 20.245777
475 40.416069 82.815361 4.399224 2.364998 13.929672
476 40.535011 82.751045 3.500600 2.323440 18.900917
478 40.478844 82.676689 4.867132 2.456047 12.217685
479 40.413368 82.532722 4.244059 2.445604 27.801117
480 40.500679 82.833618 4.218554 2.515203 12.519402
481 40.594654 82.811905 4.425177 2.440889 6.977720
482 40.622623 82.827301 3.550176 2.294144 21.013830
483 40.651112 82.850632 3.212478 2.224919 22.108852
484 40.627396 82.787338 3.526112 2.255744 8.593171
485 40.615604 82.756325 3.804708 2.229344 12.301958
486 40.693642 82.829445 3.556613 2.188589 16.009489
487 40.533642 82.698044 3.873979 2.431324 7.672183
488 40.606453 82.860794 3.744658 2.106302 4.563046
489 40.662594 82.800652 3.916038 2.415871 21.918680
490 40.638897 82.836937 4.374924 2.334213 15.784162
491 40.718010 82.837608 4.263993 2.343101 5.523930
492 40.665417 82.735031 4.052718 2.246497 17.057693
493 40.833389 82.916168 4.018469 2.115032 13.519224
494 40.796726 82.847946 3.633939 2.065183 2.834802
495 40.754284 82.852913 3.916723 2.189925 21.434349
497 40.954788 82.985817 4.880298 2.148349 15.680575
498 40.947018 82.945267 4.677254 2.159544 14.651699
499 40.979931 83.126183 3.919540 2.170087 19.726240
500 40.822266 83.063972 4.294000 2.108003 25.226883
501 40.853928 83.116341 4.446508 2.162315 20.636787
502 40.872532 83.120171 4.653406 2.139106 10.788278
503 40.846008 83.196579 4.580717 2.260863 9.078772
504 40.872372 83.150162 4.656235 2.114368 12.481881
505 40.915241 83.211761 4.854710 2.144031 2.708522
506 40.782967 83.203064 4.589709 2.150228 10.348537
507 40.807972 83.328888 4.213455 2.181820 14.456443
508 40.774586 83.095009 4.262112 2.069336 5.369388
509 40.853786 83.289513 4.288550 2.169717 14.919698
510 40.747536 83.243355 5.085122 2.222137 18.341591
511 40.833553 83.338837 4.764407 2.221772 1.071789
512 40.886173 83.259872 4.015236 2.216702 0.434240
513 40.807110 83.347099 4.321346 2.258168 0.311536
514 40.736237 83.283157 4.062828 2.308891 0.150985
515 40.781467 83.326424 4.940605 2.149768 14.350138
516 40.637806 83.314087 4.134507 2.294496 0.072108
517 40.661472 83.322197 4.461087 2.344049 6.324688
518 40.614178 83.234039 4.465709 2.321726 9.222479
519 40.837738 83.438591 4.293957 2.272778 1.210498
520 40.765518 83.340317 4.343105 2.243792 1.680825
521 40.731415 83.193657 4.282410 2.205566 17.744671
522 40.704395 83.447960 4.311050 2.340059 0.236737
523 40.612469 83.352654 4.585836 2.382535 0.602379
524 40.775246 83.452919 3.761642 2.289884 12.779567
525 40.721947 83.438393 3.898211 2.342400 0.894558
526 40.684525 83.485413 3.838889 2.407966 2.026731
527 40.897861 83.410728 3.053049 2.162571 17.690924
528 40.905785 83.549431 3.104687 2.193780 18.470959
529 40.719044 83.527588 3.056370 2.384317 9.609977
530 40.827702 83.471481 2.660944 2.279982 4.541416
531 40.838490 83.553391 3.072002 2.192809 1.042401
532 40.743404 83.736877 3.145634 2.385565 15.225409
533 40.897446 83.675941 3.269075 2.222585 2.100196
534 41.167233 83.806465 3.268572 2.229465 2.756689
535 40.712738 83.982018 3.144924 2.276924 0.484333
536 40.737610 84.058296 3.690984 2.429343 2.367947
538 40.763638 83.985054 2.989663 2.145713 12.116920
539 40.718536 84.009735 3.212180 2.148875 0.574725
540 40.657433 84.294701 3.261691 2.372901 2.555106
541 40.657791 84.184418 2.843384 2.279912 25.734056
542 40.531937 84.311035 3.055822 2.494892 22.573317
544 40.330620 83.904190 4.088446 2.266052 5.401832
545 40.448933 83.967659 3.729584 2.260442 0.591596
546 40.626301 84.269440 3.249038 2.430019 2.546084
547 41.041481 84.335182 2.892665 2.420561 9.779184
548 40.962002 84.808876 3.531491 2.370608 3.363822
549 41.192669 84.725616 2.632899 2.411045 31.704729
550 41.283028 84.745483 2.842083 2.590568 19.646193
553 40.840664 83.060921 1.075829 2.480816 69.573631
555 40.889282 82.813652 0.963100 1.900615 29.291576
556 40.707653 83.009315 1.242232 1.819284 20.838312
558 41.133652 82.612907 0.676628 1.797987 35.032402
559 40.758442 83.092430 0.853102 2.016818 43.543957
560 40.604141 83.374596 0.938028 2.391505 60.166103
561 40.586296 83.203415 0.826121 2.009979 57.069942
