%% Trajectory 167
202 101.381912 93.300301 1.037849 2.345505 44.308556
203 101.597961 92.978622 1.255957 2.382074 65.158707
206 101.024612 93.280151 1.051601 2.672388 63.490837
208 100.877060 92.888092 0.953636 2.343705 37.396259
209 101.103348 93.259499 0.877644 2.049576 79.342628
210 101.018669 92.979790 1.218935 2.653409 65.422897
212 101.467384 92.417328 0.933222 2.550729 53.529999
213 101.159515 93.219559 1.046837 2.709898 70.949867
216 100.078598 93.953659 1.551359 2.821512 25.355072
217 100.629478 93.224113 1.434096 2.633888 60.633514
218 100.713310 93.368240 1.003454 2.472311 107.377869
219 100.125343 93.332077 1.717070 2.524615 52.168118
221 100.291016 93.849785 1.677637 3.106008 43.462845
222 100.680405 93.360580 1.665035 2.564037 51.585125
223 100.082153 93.430695 1.848391 2.777671 40.411240
224 100.652641 93.260437 1.814664 2.597184 40.377022
225 100.877113 93.259674 1.509884 2.502651 58.937111
226 101.134819 93.130440 1.414651 2.558527 50.656239
227 101.143700 93.260414 1.193667 2.460800 40.774010
228 100.942078 92.998695 1.596264 2.631382 47.193077
229 100.946663 92.705124 1.549178 2.316278 42.404503
230 101.177345 92.830956 1.463879 2.494151 69.288559
231 100.859047 93.131310 1.878579 2.591532 25.602961
232 101.322258 93.158051 1.318166 2.407874 67.330582
233 100.990501 93.018761 1.446041 2.287283 55.049820
234 100.916702 93.010696 1.380565 2.541665 65.312607
235 100.810539 93.235336 1.530999 2.476431 48.450096
236 101.030991 93.242783 1.897280 2.446373 52.414593
237 101.110634 92.986382 1.963169 2.091910 33.689312
238 101.177246 93.140678 1.295312 2.182621 83.891968
239 101.346947 92.855278 1.098297 2.371603 42.850758
240 101.285339 92.950516 1.534089 1.991747 41.807953
241 101.193611 93.391632 1.540269 2.288186 70.598518
242 101.392265 93.569954 1.305593 2.369561 67.646286
243 101.089767 93.127335 1.612103 2.306922 49.074654
244 101.209717 93.282692 1.556589 2.232063 57.159664
245 101.266640 93.147171 1.636170 2.295175 47.665142
246 101.453423 93.081497 1.487991 2.511494 52.857143
247 101.238319 93.323669 1.817596 2.241881 30.274218
248 101.240692 93.094284 1.316017 2.655503 37.767056
249 101.289917 93.274933 1.778411 2.305400 55.803204
250 100.880920 93.378471 1.447434 2.147125 56.275028
251 101.369232 93.193253 1.178298 2.137725 36.365719
252 101.283035 93.698608 1.309236 2.304624 47.281105
253 101.691719 92.978447 1.407793 2.136543 67.623650
254 101.026505 93.390007 1.938955 2.446651 28.434931
255 100.959747 93.178627 1.494630 2.214189 80.290001
256 101.087311 93.381943 1.348447 2.332567 58.223118
257 101.370331 92.983345 1.440997 2.223238 74.433884
258 101.094193 93.355209 1.404209 2.557591 39.673866
259 101.023407 92.786415 1.591838 2.188157 64.739525
260 101.404861 93.300018 1.684047 2.276268 35.477146
261 101.400116 92.983955 1.374505 2.265185 40.898392
262 101.144379 93.189026 1.798743 2.112133 64.244843
263 101.309410 93.217033 1.549230 2.282378 55.000172
264 101.281029 93.157066 1.645339 2.240276 41.306316
265 100.928474 93.030998 1.623961 2.353769 74.696571
266 101.221596 92.884499 1.779729 2.227007 72.060890
267 100.927902 93.290527 1.644614 2.405109 71.699730
268 101.347839 93.003616 1.644395 2.022736 69.169304
269 101.273026 92.819588 1.538307 2.305344 48.737843
270 101.167503 93.256363 1.633577 2.449420 67.921234
271 101.390236 93.193832 1.442370 2.164506 55.973972
272 101.359550 93.139610 1.688345 2.276883 78.912193
273 101.319710 93.091866 1.659039 2.306647 64.926254
274 101.250069 93.080063 1.848102 2.251005 67.302368
275 101.179619 92.979591 1.670915 2.144873 77.290405
276 101.036270 93.019157 2.049198 2.053788 64.116684
277 101.328476 93.146988 2.006793 2.212707 71.065392
278 101.261391 93.017105 2.015450 2.067741 65.391670
279 101.060585 93.231544 1.639390 2.126764 69.163208
280 101.294868 93.210655 1.886257 2.263001 93.853455
281 101.340263 92.881775 1.518088 2.485364 46.962669
282 101.204826 93.118713 1.791677 2.344676 66.335754
283 101.357742 92.960999 2.124404 2.264830 63.886139
284 101.156746 93.300339 2.143896 2.194057 47.071304
285 101.169907 93.326645 2.016320 2.304988 61.621754
286 101.312401 93.419220 1.920090 2.509739 52.192669
287 101.194077 93.222305 2.095409 2.240250 63.927578
288 101.229156 93.234238 2.040390 2.097747 46.908741
289 101.324326 93.267746 2.045193 2.291755 54.005836
290 101.264389 93.184235 2.216720 2.278555 45.206894
291 101.151260 93.122063 1.974689 2.248967 62.000713
292 101.462311 93.261940 1.636187 2.343696 43.780544
293 101.207016 93.094193 1.919441 2.163403 60.203712
294 101.235283 93.179916 2.185272 2.138637 54.190605
295 101.542198 92.926033 1.657814 2.311902 70.942146
296 101.159943 93.356834 2.409055 2.324041 61.273281
297 101.241234 93.348030 2.531645 2.386952 50.913940
298 101.235985 93.272079 1.847059 2.429953 47.295620
299 101.141487 93.208794 1.913100 2.366617 54.029442
300 101.063087 93.028679 1.821580 2.390111 49.668102
301 101.215683 93.142029 1.981594 2.262745 54.807671
302 101.197144 93.242653 1.684318 2.244740 45.202953
303 101.515015 93.177040 2.310137 2.418440 61.162655
304 101.289345 93.178070 2.414502 2.081043 51.324497
305 101.201279 93.103615 1.820298 2.278774 50.556271
306 101.141174 93.158455 2.099504 2.271048 52.224026
307 101.272942 92.968246 2.244590 2.175016 48.891155
308 101.197418 92.956657 1.685880 2.384705 64.715286
309 100.940735 93.001999 2.154297 2.492051 44.834690
310 101.195450 93.276871 2.061789 2.352648 41.810303
311 101.116646 93.284134 2.120794 2.593280 65.156998
312 101.069405 93.171318 2.387555 2.354248 45.225979
313 101.354897 93.171013 2.022905 2.250704 46.530655
314 101.217422 93.353378 2.118486 2.185970 41.605446
315 101.152283 93.063515 2.333778 2.312534 56.875145
316 101.305695 93.215012 2.394017 2.514043 43.744152
317 101.323647 93.081459 2.411888 2.272442 28.994501
318 101.270668 93.214378 2.297399 2.366176 34.649101
319 101.328400 93.105850 2.497036 2.256254 33.640308
320 101.039238 93.065659 2.449528 2.408321 37.178200
321 101.211052 93.194992 2.059075 2.393073 55.602726
322 100.961769 93.025040 1.979460 2.444456 68.404884
323 101.229019 93.200272 1.845858 2.104818 71.766113
324 101.182877 92.870911 1.731437 2.313519 69.842690
325 100.990295 93.091782 2.340355 2.100689 50.553303
326 101.103180 92.948639 2.338955 2.153435 41.564396
327 101.243919 93.097244 2.049540 2.520630 46.451115
328 101.178917 93.030334 2.269275 2.179404 44.732388
329 101.145561 92.861481 2.349847 2.119779 14.077154
330 101.224045 93.216408 2.284788 2.303228 54.814426
331 101.058701 93.037079 1.975084 2.273248 52.117531
332 101.121895 93.093918 2.144776 2.124711 50.288391
333 100.933228 92.993378 2.236552 2.328422 60.236511
334 100.850853 93.126984 2.151802 2.375853 54.401360
335 100.952942 92.838158 2.069010 2.274926 42.386322
336 101.222374 92.847572 2.594464 2.224820 28.096409
337 101.147362 92.794022 2.591852 2.379081 44.771999
338 101.112396 93.117798 2.774642 2.294583 30.382456
339 100.982262 92.976669 2.409682 2.317264 21.943045
340 101.452461 93.115547 2.103076 2.410623 31.399714
341 101.060135 92.898796 2.799541 2.117392 34.296875
342 101.343124 93.312836 2.815236 2.366554 45.740849
343 101.257324 92.864067 2.737689 2.122403 28.874287
344 101.195328 93.106812 2.703247 2.154332 20.882854
345 100.979622 92.914795 2.838275 2.308143 33.867451
346 101.060822 93.058914 2.728950 2.132055 32.554409
347 101.048134 93.048714 2.006960 2.379193 45.916267
348 101.193420 93.188454 2.393949 2.199760 35.889050
349 100.979797 92.842911 2.294116 2.191118 44.136017
350 100.961380 92.984428 2.959519 2.242983 48.522587
351 101.161972 93.043449 2.604588 2.214266 50.561298
352 101.244713 93.053795 2.937573 2.199665 40.468960
353 101.093239 93.145119 2.511956 2.237010 43.104153
354 101.192886 92.985626 2.565283 2.114887 33.079754
355 101.200592 93.006516 2.236774 2.214552 54.922466
356 100.902794 92.988098 2.813509 2.338814 34.038250
357 101.278641 93.019600 2.722355 2.103656 31.191212
358 101.016716 92.981438 2.652009 2.172616 35.791714
359 101.177376 93.048439 2.959134 2.117932 11.851279
360 100.952843 92.923340 2.581153 2.250734 48.090195
361 100.889481 93.104492 2.302338 2.517928 13.888331
362 100.974190 93.000717 2.790896 2.250489 38.582226
363 100.972763 92.920822 2.311919 2.232454 37.669247
364 100.787346 92.943954 2.844412 2.134104 21.472689
365 100.716469 92.959877 2.436152 2.396579 28.770908
366 100.698555 92.677620 2.783089 2.338038 23.121069
367 100.979057 92.850586 2.600775 2.339390 24.519754
368 100.918365 93.102470 2.617709 2.167889 21.728485
369 100.950577 92.942276 2.395578 2.147923 43.663704
370 100.788033 92.785774 3.026506 2.310645 21.497377
371 100.828262 92.609955 2.694879 2.425159 39.241879
372 100.900169 92.897964 2.688113 2.214483 33.829540
373 100.662727 93.078735 2.811485 2.452262 35.375328
374 100.710701 92.922066 2.673991 2.283398 35.266247
375 100.483765 93.227707 2.696464 2.590198 23.470411
376 100.487427 92.962860 2.163221 2.355907 51.489571
377 100.756630 93.091293 2.370058 2.185885 31.007580
378 100.848427 92.952538 2.732654 2.262269 19.227463
379 100.655174 92.963783 2.327077 2.319484 52.159328
380 100.413116 93.041634 2.966643 2.388912 32.128555
381 100.654572 93.090096 2.203853 2.276361 40.719139
382 100.659248 92.920494 2.358390 2.214575 25.843445
383 100.351891 93.008484 2.655426 2.259912 32.367733
384 100.055481 93.000061 2.287932 2.283354 33.570213
385 100.099815 92.890472 2.155987 2.253541 32.882809
386 100.115913 92.929756 2.553972 2.215645 41.175777
387 100.262291 92.821327 2.268741 2.522455 28.605408
388 100.159119 92.874779 2.888968 2.266103 21.084597
389 100.460922 92.979164 2.386403 2.303733 45.975666
390 100.503983 92.900681 1.984612 2.462787 51.913509
391 100.135010 93.103210 2.574732 2.332638 52.655590
392 100.106712 93.148720 2.216945 2.350646 38.995293
393 100.325478 92.838814 2.582390 2.235650 54.632198
394 100.131660 92.915703 2.444841 2.291481 60.128250
395 100.143913 92.760139 2.628087 2.241092 54.390816
396 100.304375 92.573158 2.771904 2.380265 30.026768
397 99.978828 92.868347 2.721380 2.256313 43.324879
398 100.079712 92.991211 2.447647 2.231188 27.325289
399 100.067986 92.681931 2.555714 2.137262 31.965788
400 100.080788 92.839417 2.393553 2.168976 23.044165
401 99.923363 93.009285 2.876270 2.143440 24.690739
403 99.999886 93.801430 1.639210 2.400797 43.020882
404 100.147804 93.716965 1.933387 2.459857 30.732916
405 100.339439 93.962440 2.012955 2.451612 13.343730
406 100.309120 94.304451 1.612089 2.709123 53.991745
407 100.571838 93.826118 2.034733 2.915452 3.196046
408 100.132187 94.409409 2.111670 2.470587 27.898195
409 100.719070 94.054489 2.004804 3.070200 8.130986
410 100.340111 93.936897 1.784887 3.113537 0.484087
411 100.669991 93.967270 1.815493 2.888030 11.587721
412 100.535103 93.852013 1.520790 2.762657 19.005327
413 100.429260 94.816505 1.544423 2.843840 19.421650
414 100.721703 94.043015 2.074229 2.807138 44.330753
415 100.696350 94.631241 1.520904 2.871220 41.754005
416 100.552635 94.240891 1.602782 2.862268 28.038525
417 100.600273 94.837082 1.120693 2.644907 47.550545
419 100.521667 95.058266 1.498678 2.575276 51.754417
420 100.511299 95.016457 1.702737 2.629591 32.158180
421 100.901054 94.825867 1.468464 2.632650 31.304893
422 100.953461 94.451523 1.712395 2.715837 24.137180
423 100.687210 95.157143 1.692626 2.523118 30.738159
424 100.439621 94.664154 1.300122 2.682504 33.588066
425 100.318039 94.408531 1.423223 2.824993 27.682171
426 100.579941 94.824135 1.723225 2.675391 40.891644
427 100.579330 94.093674 1.140159 2.605320 27.566450
429 100.417564 95.680496 1.387141 2.507293 26.554529
430 100.691231 95.929039 1.821630 2.434857 11.555060
432 100.481583 95.873611 1.184682 2.819894 17.919704
434 100.460999 95.644051 1.377495 2.475306 66.366920
435 100.659798 95.003189 1.385874 2.508301 24.869375
437 100.421967 95.668198 1.340969 3.228869 21.523697
438 100.381157 96.220100 0.955161 2.815177 14.389568
439 100.916183 95.472816 1.217855 2.595217 37.230976
440 100.369896 96.058319 0.996950 2.703566 21.378212
441 100.313370 95.877907 1.302333 2.614731 71.200005
442 99.893219 95.115021 1.252570 2.578867 45.092327
444 100.059998 95.826019 1.119474 2.545794 23.232679
445 99.910645 95.722427 1.095574 2.816158 25.979437
446 99.776825 95.197334 1.063616 2.854884 30.729446
447 99.637222 95.925934 1.163707 2.604130 45.545578
