%% Trajectory 183
132 92.875793 87.473473 0.819222 1.830584 69.041939
133 92.706718 87.563400 0.748467 2.022175 56.291473
135 93.238266 87.466385 0.620106 1.880670 48.756874
136 92.753075 87.676102 0.631304 1.957774 42.334743
137 92.996696 87.265709 0.585127 1.439463 6.794968
138 92.766289 87.461197 0.807551 1.996292 65.818871
139 92.992538 87.445007 0.936421 2.163302 71.835693
140 93.250542 87.773521 0.692339 1.914021 38.649334
141 92.971664 87.745697 0.974768 2.185436 92.940292
142 92.549873 87.670708 0.691485 1.830353 25.703173
143 93.070763 87.622124 0.712366 2.076046 59.451931
144 92.941971 87.693916 1.151356 1.952778 71.328812
145 92.755180 87.872696 0.755882 2.386483 66.861328
146 92.843674 87.742836 0.668865 2.020355 28.816608
147 93.070984 88.280540 0.666278 2.073462 68.292809
149 92.792694 87.806396 1.035470 1.935761 47.001389
150 92.956474 87.632668 1.053587 2.041537 71.770966
151 93.027122 87.616440 1.071700 2.143868 80.638680
152 92.848129 87.496971 1.176043 1.980437 56.664822
153 92.988007 87.557228 1.381259 1.976288 24.121237
154 93.113029 87.446465 1.104470 1.915982 46.717598
155 93.000641 87.243469 0.953006 1.527302 8.331359
156 93.414856 87.506493 0.918419 2.091898 66.555901
157 92.855240 87.349266 1.282912 1.807457 32.415127
158 93.074631 87.401703 1.344148 1.888664 32.817169
159 93.001198 87.468811 1.595773 1.897222 28.048769
160 92.848869 87.420219 1.540674 1.932338 44.478664
161 92.880463 87.375885 1.132041 1.731035 25.710413
162 92.920235 87.138214 1.571563 1.728449 14.319358
163 92.753151 87.356407 1.478594 1.900361 26.032703
164 92.860367 87.360756 1.412097 1.857294 21.234367
165 92.887993 87.494507 1.172189 1.868000 40.917282
166 92.806343 87.245567 1.676948 1.833598 11.369975
167 92.632423 87.472374 1.508809 2.117585 30.441893
168 92.796074 87.564049 1.701877 1.949882 17.271889
169 92.886467 87.674141 1.470333 1.935023 33.774551
170 92.959854 87.411041 1.500782 1.917716 22.073919
171 92.973465 87.574524 1.693653 1.884206 38.435310
172 93.004509 87.416168 1.415648 1.818491 23.715437
173 92.816422 87.651070 1.263610 1.863804 53.627300
174 92.697556 87.530708 1.672673 2.100103 44.228172
175 92.908936 87.336014 1.594469 1.913412 29.349703
176 92.900803 87.491570 1.334161 2.099093 66.426842
177 92.885941 87.597885 1.723225 1.961181 32.986725
178 92.909958 87.420631 1.548888 1.938116 41.037239
179 92.655396 87.612991 1.663715 2.031758 28.134216
180 93.003601 87.570396 1.679483 1.980294 23.632528
181 92.789185 87.503242 1.320666 1.973342 82.442917
182 92.720314 87.572502 1.666596 2.066230 58.501003
183 92.827538 87.586311 1.811628 1.868112 10.394310
184 92.889679 87.542587 1.712095 2.075219 54.876667
185 92.852898 87.548141 1.498135 2.006153 49.278568
186 92.947113 87.701935 1.498533 1.876990 49.686386
187 92.915985 87.535400 1.766903 2.032333 39.983135
188 92.913574 87.536972 1.555199 1.951494 41.752293
189 92.858047 87.499313 1.622055 1.961488 41.533588
190 92.814171 87.515526 1.813574 2.096053 56.824272
191 92.879349 87.566139 2.064494 2.018203 26.363348
192 92.897263 87.584106 1.977336 1.935557 33.875584
193 92.835159 87.653709 1.611612 1.923468 34.619152
194 92.808884 87.476326 1.755953 1.992981 51.889275
195 92.821777 87.480400 1.595437 2.122065 45.210217
196 92.862694 87.580475 2.137849 2.069641 25.849293
197 92.739815 87.545929 2.098541 1.992182 29.037004
198 92.721832 87.623917 2.367526 2.073033 29.171215
199 92.903641 87.756668 1.834952 2.032406 34.831837
200 92.829636 87.584602 2.096277 1.958621 15.775336
201 92.763977 87.492416 2.317191 2.051220 21.712137
202 92.945221 87.614609 2.059799 2.076475 24.071171
203 92.726181 87.515541 1.888160 2.128469 34.170544
204 92.767654 87.539841 1.898436 2.176587 31.792200
205 92.817375 87.655312 2.380606 1.945038 12.810063
206 92.815834 87.401894 2.124949 1.909584 6.350205
207 92.942421 87.605438 1.658151 1.943164 26.457880
208 92.657944 87.689522 2.107280 2.099560 16.149782
209 92.909119 87.807838 1.887978 1.848266 13.075423
210 92.595337 87.628761 2.221611 2.134536 14.961339
211 92.777000 87.506638 2.315374 2.078764 3.634146
212 92.896767 87.669907 1.810998 1.908095 15.301774
213 92.914833 87.552124 2.399979 2.000912 10.858106
214 92.675102 87.779762 2.340331 1.912205 8.557081
215 92.760941 87.655876 2.431335 2.038350 4.786419
216 92.870773 87.695633 2.725109 1.898115 16.861763
217 92.743553 87.644363 2.747421 2.056180 17.384512
218 92.838783 87.649216 2.870969 1.952772 12.019583
219 92.843712 87.781967 2.400652 1.928141 4.699512
220 92.778770 87.529266 2.961243 1.968658 10.714395
221 92.835190 87.564079 2.625566 1.984259 15.856963
222 92.748169 87.682007 2.363975 1.961727 9.252386
223 92.828720 87.421822 2.276868 1.957852 7.615842
224 92.563179 87.488647 2.489349 2.164712 8.440207
225 92.813873 87.561798 2.531911 2.061953 21.263287
226 92.701263 87.553642 2.748981 2.151407 17.747982
227 92.761162 87.644287 2.299284 1.972064 9.422053
228 92.753479 87.802315 2.802448 1.975380 6.589893
229 92.729439 87.659386 3.145931 2.058073 1.824368
230 92.575851 87.684151 2.902012 2.180050 2.247659
231 92.739418 87.699974 2.734187 2.051753 12.009871
232 92.732368 87.693169 2.417079 2.000367 20.316837
233 92.606804 87.726433 2.955945 2.133552 5.033734
234 92.664192 87.575752 2.654221 2.047554 16.914068
235 92.533623 87.514397 2.497841 2.347406 10.361244
236 92.628334 87.706535 2.441128 2.027856 11.085930
237 92.709946 87.647705 2.521238 2.100815 17.171600
238 92.854256 87.617676 2.434608 2.076843 23.754871
239 92.683495 87.626694 2.198706 2.027810 25.318741
240 92.630257 87.660980 2.449055 2.154402 27.668205
241 92.748573 87.662567 2.426622 1.988237 25.511595
242 92.670380 87.601509 2.892472 2.130332 10.157156
243 92.590576 87.760033 2.572975 2.219398 20.964020
244 92.625542 87.729286 2.620569 2.123445 8.260054
245 92.654427 87.649208 2.551898 2.177642 29.840424
246 92.609604 87.640038 2.957802 2.225953 24.506802
247 92.586594 87.540741 3.001755 2.238771 21.288630
248 92.471115 87.817390 2.677657 2.311677 27.215305
249 92.508507 87.596344 3.464719 2.266525 3.994863
250 92.236229 87.664108 3.289363 2.169444 6.585629
251 92.480453 87.697258 2.786891 2.253428 22.207537
252 92.281715 87.765411 2.871296 2.017922 6.724976
253 92.207054 87.478859 2.677121 1.992113 8.962873
254 92.232368 87.577309 2.820870 2.070029 8.826620
255 92.267357 87.459244 2.836673 2.038284 6.119190
256 92.149979 87.513390 2.934416 2.040464 2.572423
257 92.085960 87.571716 3.024975 2.048640 7.216330
258 92.197212 87.590851 2.899330 1.958309 3.279495
259 92.218613 87.667519 3.030217 2.084991 6.263826
260 92.102997 87.431854 2.751713 1.903206 5.563459
261 92.181305 87.518532 2.652035 2.014373 17.070234
262 91.952202 87.493439 2.612456 1.943078 3.201580
263 92.068260 87.568855 2.289916 1.897754 16.808151
264 92.042648 87.598053 2.771911 2.006107 3.170564
265 92.032951 87.469055 2.707181 2.034272 12.279111
266 91.799774 87.563782 2.735724 2.098375 9.568224
267 91.982254 87.567833 3.201818 2.074196 12.731528
268 91.832993 87.486534 2.943038 2.016998 3.877081
269 91.912834 87.396553 2.197166 1.868142 7.651605
270 91.944489 87.423737 2.818608 1.951799 0.419092
271 91.910957 87.482277 2.621197 2.022593 14.042336
272 91.750046 87.629990 2.390086 1.905474 15.804708
273 91.866890 87.674667 2.248680 2.080148 29.696531
274 91.884270 87.598564 2.345469 2.081810 5.944990
275 91.720917 87.564049 2.174482 2.073141 8.991404
276 91.540031 87.497894 2.020673 2.065938 39.352028
277 91.672600 87.612495 2.450525 2.044768 11.139993
278 91.722977 87.612076 2.032200 2.044795 30.061174
279 91.459412 87.431351 1.826178 2.041963 45.978416
280 91.475266 87.438927 2.312634 2.173105 20.771090
281 91.417053 87.538834 2.344410 2.065413 17.361519
282 91.270630 87.640144 1.735078 1.986916 58.061695
283 91.205444 87.496246 1.910651 2.309961 50.074478
284 91.238525 88.035477 1.774100 1.959069 49.791107
286 91.024178 88.564323 1.055460 2.455764 79.088326
