%% Trajectory 7
0 27.932848 77.983185 0.660649 2.432452 54.555058
1 27.557854 77.764961 0.684775 2.216732 87.011055
2 27.861937 78.015053 0.691286 1.932601 73.884468
3 28.120981 78.148834 0.706904 2.030572 72.615227
4 27.920019 77.941208 0.716213 2.158458 75.720222
5 27.843433 78.163437 0.691490 1.972157 56.477665
6 27.911362 78.112511 0.740191 1.996566 66.086182
7 27.868116 78.222885 0.775584 2.326733 75.310631
8 28.064220 77.922371 0.726630 1.905754 34.410461
9 28.113325 78.284126 0.786297 2.259321 76.231636
10 27.877306 78.560562 0.712080 2.446123 68.477211
11 27.862904 77.810669 0.775102 1.841562 39.435558
12 27.822641 78.186035 0.619959 1.957420 56.996460
13 28.013824 77.710876 0.787562 1.932042 61.295380
14 27.875130 77.703163 0.579739 2.269145 46.360928
15 27.625006 78.247200 0.710805 2.164521 53.282909
16 27.953197 77.904465 0.659918 2.035172 73.948524
17 27.898592 77.852142 0.838648 2.018312 52.195663
18 27.494072 77.878044 0.751543 2.134958 73.797333
19 27.932232 78.011223 0.836470 1.917229 72.968887
20 28.179041 78.168793 0.791524 2.057939 70.102272
21 27.870388 78.042252 1.076296 2.040987 50.732456
22 28.222519 78.095306 1.067599 2.074032 59.013992
23 27.760317 78.161018 0.890416 1.995219 43.155296
24 27.860868 78.014923 0.896571 1.989019 51.375950
25 27.947546 77.692551 1.059856 2.102662 56.703041
26 27.934008 78.222122 1.000779 2.107929 63.341286
27 27.997782 78.092781 0.901841 1.982105 66.112259
28 27.901859 78.212151 1.044748 2.235726 67.001938
29 28.025171 77.713425 0.938548 2.238446 63.909985
30 28.002766 78.082436 1.286259 1.969177 43.156887
31 27.899958 77.998817 0.964405 1.929976 71.332077
32 27.994108 77.929504 0.848027 2.068110 66.348091
33 27.710251 78.051353 0.921389 1.975150 66.343704
34 27.974117 77.811752 0.936916 1.979398 72.369781
35 27.780615 77.767975 0.975749 2.001315 68.730995
36 27.938633 77.840080 1.004754 2.087258 63.193199
37 28.117676 77.764198 0.954216 2.521946 86.526947
38 27.682829 77.936638 0.980206 2.057196 53.213581
39 28.151911 77.686127 0.981036 2.453119 59.309204
40 27.772631 77.851028 1.270170 2.012830 49.620457
41 27.676672 78.065559 0.970922 2.056769 49.269325
42 27.972599 77.848793 1.002966 2.030904 61.153744
43 28.007381 77.887543 1.060087 1.905932 30.354868
44 28.075216 77.819176 0.935958 2.013965 65.831879
45 27.623602 77.988892 0.962726 2.064008 66.593323
46 28.166309 77.754021 1.326155 1.982313 48.094349
47 28.162777 78.105186 1.105709 2.013712 53.582394
48 27.992977 77.851097 1.147098 2.025455 57.184387
49 27.930397 78.076904 0.881758 2.090218 81.220367
50 27.742603 78.200752 1.004154 2.058408 74.108551
51 27.856783 77.746498 1.090279 2.012636 65.505989
52 27.934042 78.206001 1.049991 2.181877 102.928307
53 27.868254 77.622650 1.157552 2.105966 61.358612
54 28.007629 78.005257 1.035966 1.916494 62.477116
55 27.951138 77.872841 1.367274 1.965878 39.220203
56 28.061081 77.889198 1.265681 2.058811 53.012390
57 27.638941 77.689995 0.981501 2.318457 90.342812
58 27.594082 78.030327 1.014558 2.025553 58.045757
59 27.789091 77.862663 1.285782 1.967718 51.368916
60 27.882042 78.058441 0.962853 2.229802 107.260178
61 27.851473 78.006180 1.241819 1.965574 67.393166
62 28.097281 78.005684 1.262954 2.099942 74.713280
63 27.866650 77.945335 1.202828 2.012235 70.517342
64 28.179693 77.926552 1.339507 1.943798 49.690140
65 27.905075 77.859055 1.479475 1.951655 44.063248
66 28.025719 77.847054 1.347048 2.033208 49.404995
67 27.944780 78.071838 1.282731 2.046938 45.090260
68 27.942738 77.802666 1.376374 2.030496 52.533039
69 27.952690 77.978249 1.325772 2.060051 59.135479
70 27.786755 78.027206 1.055290 2.049881 63.606197
71 27.832663 77.897064 0.991926 1.999438 67.740265
72 27.866228 77.967728 1.078927 2.107766 67.117081
73 27.919699 77.835770 1.144583 1.963997 42.098419
74 27.851231 77.987427 1.179164 2.044092 56.085762
75 27.866192 77.836197 1.121753 2.021794 40.397118
76 28.014378 77.747139 1.393995 1.992930 31.226307
77 27.890425 77.804359 1.166887 2.046773 42.916901
78 28.178885 77.873238 1.367790 1.966079 30.351892
79 27.880995 77.924202 1.199518 1.896900 34.780441
80 28.015289 77.782791 1.080459 2.043831 58.439983
81 28.104994 77.800171 1.461623 2.038208 34.453678
82 27.970661 77.741653 1.292829 2.037508 40.988327
83 28.283251 77.971596 1.405429 1.937846 28.390633
84 28.010429 77.766457 1.195797 2.026220 51.075432
85 27.948061 77.898201 1.237620 1.956276 45.821701
86 28.136875 77.892151 1.575894 1.936651 19.888330
87 27.945438 77.892731 1.451942 2.033020 33.786369
88 27.869513 77.963387 1.237611 2.038519 59.317307
89 27.875443 77.804726 1.442783 1.935516 35.700771
90 27.869730 78.111671 1.411204 1.933332 41.683136
91 27.871349 77.991646 1.519812 1.963938 51.826569
92 28.015812 77.691551 1.445313 2.002398 43.963482
93 27.946751 77.887192 1.590581 2.008752 46.997498
94 28.027704 77.837326 1.419573 2.024773 39.533829
95 27.982479 77.820030 1.435526 1.994374 39.666782
96 28.066368 77.637726 1.604725 2.176457 48.267860
97 27.990255 77.881218 1.559652 1.924667 39.799149
98 28.042435 78.017654 1.731751 1.949215 34.177311
99 28.009373 77.796936 1.620020 1.915671 36.733028
100 28.089579 77.870033 1.544258 1.892453 30.241083
101 27.851353 77.886604 1.562301 1.938972 45.733288
102 28.060791 77.755241 1.623401 1.976046 40.915367
103 28.153324 77.776276 1.511155 1.928394 23.354313
104 28.124435 77.782570 1.669546 1.925783 30.893507
105 27.962488 77.752777 1.703812 2.096888 40.541477
106 28.261269 77.874580 1.494937 1.988070 28.519041
107 28.080254 77.522346 1.580317 2.069706 44.828014
108 28.030832 77.755417 1.585310 2.050538 31.273100
109 28.242842 77.631577 1.557035 2.090685 53.419155
110 28.405739 77.682396 1.745548 2.223723 55.331600
111 28.155548 77.498695 1.810330 2.111283 37.306835
112 28.371002 77.566719 1.575537 2.273592 45.472965
113 28.337923 77.777733 1.675494 2.140234 58.507141
114 28.218405 77.503769 1.785718 2.219540 57.748344
115 28.394772 77.640480 1.983455 2.217413 42.421421
116 28.362289 77.557945 1.837714 2.223022 34.989403
117 28.241594 77.545204 1.565691 2.174005 43.795048
118 28.465986 77.676346 1.810696 2.238623 40.066917
119 28.449253 77.619125 1.863461 2.298673 39.952755
120 28.364979 77.646370 2.049334 2.160606 27.370773
121 28.491430 77.589844 1.983091 2.302190 25.489243
122 28.393869 77.575920 2.029911 2.236432 24.671124
123 28.316040 77.671532 1.522560 2.168822 45.802284
124 28.412310 77.427994 1.827296 2.249613 30.153158
125 28.420725 77.473984 1.844319 2.200097 47.135571
126 28.450369 77.398125 1.915152 2.219418 44.285397
127 28.572794 77.506340 1.954499 2.348562 42.059219
128 28.516628 77.333359 1.818498 2.219116 37.950924
129 28.496946 77.478134 1.646145 2.411868 62.808338
130 28.617821 77.430962 2.080626 2.316894 24.442600
131 28.545784 77.398209 2.033139 2.229946 34.451870
132 28.483528 77.233887 1.869928 2.194553 26.605806
133 28.632763 77.257332 1.714626 2.203480 36.186817
134 28.722282 77.532158 1.492449 2.203282 59.646732
135 28.702221 77.306717 1.305089 2.092120 94.847725
136 28.545259 77.571426 1.557171 2.260527 55.933674
137 28.582859 77.594856 1.488102 2.199395 65.246620
138 28.549278 77.415070 1.295197 2.135299 86.742027
139 28.832075 77.478050 1.340334 2.094515 80.165703
140 28.624926 77.381897 1.332066 2.112684 68.930275
141 28.687201 77.375977 1.352202 2.138251 95.421295
142 28.710714 77.218307 1.480781 2.236515 66.323311
143 28.728806 77.580917 1.587131 2.211312 52.204861
144 28.861126 77.571648 1.606318 2.244130 49.772728
145 28.763695 77.477081 1.447592 2.178672 50.813087
146 28.856010 77.230362 1.241161 2.030057 77.735313
147 28.846003 77.600815 1.527979 2.264362 57.233852
148 28.816181 77.375534 1.481583 2.153130 57.982830
149 28.895000 77.537582 1.714213 2.140963 31.395548
150 29.044369 77.386009 1.765233 2.033666 35.577625
151 29.073076 77.450676 1.436099 2.135038 61.966133
152 29.027353 77.352730 1.402873 2.121436 61.705292
153 29.259483 77.386238 1.516470 2.164945 48.093559
154 28.959936 77.336578 1.448319 2.099308 80.578209
155 29.171894 77.344673 1.587688 2.147084 44.519131
156 29.395651 77.642288 1.314960 2.295711 100.522217
157 29.027819 77.244987 1.357006 2.270612 98.999916
158 28.711582 77.734032 1.402783 2.131134 70.418434
159 28.708710 77.640663 1.025005 2.346246 81.644943
160 28.798437 77.513443 1.193095 2.442411 87.228958
161 29.140369 77.755867 1.251400 2.137446 85.725723
162 28.866346 78.035530 1.304048 2.096960 94.695801
163 28.672987 77.847267 0.974475 2.288690 57.775871
164 29.053253 77.722961 1.025736 2.304130 93.135330
165 29.145409 77.323753 1.040147 2.181708 93.552826
166 28.519936 77.844261 0.932045 2.209558 100.581924
167 28.657633 77.816338 0.921881 2.330103 76.986336
168 28.143951 78.000038 0.837438 2.208221 73.293968
169 28.906933 77.469238 0.829730 2.241637 70.950356
170 28.464329 77.576256 1.010408 2.464698 45.062340
171 28.887663 78.101677 0.939862 2.365361 63.736416
172 28.305914 78.325729 0.749713 2.371979 59.843742
174 28.617512 77.859222 0.784766 2.259322 58.277550
175 28.110718 78.297577 0.790838 2.063371 96.413589
