%% Trajectory 5
0 46.093033 67.171242 5.633841 2.422606 0.000000
1 46.032745 67.233803 5.305299 2.330953 0.000072
2 46.059582 67.276375 6.040937 2.330844 0.000001
3 46.000214 67.294762 6.233738 2.362053 0.000000
4 46.105740 67.245857 6.469982 2.366720 0.000000
5 45.962116 67.345772 5.918169 2.414212 0.000241
6 45.835701 67.258682 6.087139 2.375254 0.000000
7 46.025005 67.181137 6.673988 2.367886 0.000000
8 45.888882 67.303215 6.086005 2.391718 0.047703
9 46.007290 67.324974 6.298184 2.361662 0.000006
10 45.973812 67.448219 5.750105 2.531920 0.036967
11 45.861282 67.331078 5.366140 2.361618 0.012117
12 45.807816 67.382042 5.677090 2.427299 0.875944
13 45.936543 67.325134 6.088887 2.251534 0.001891
14 45.993668 67.298500 6.108288 2.316571 0.000000
15 45.911720 67.347168 5.989405 2.332672 0.000000
16 45.785217 67.235390 5.800066 2.305742 0.000000
17 45.862137 67.264114 5.433742 2.223815 0.000000
18 45.878433 67.468674 5.751449 2.419511 0.000000
19 45.872196 67.321922 5.870326 2.235314 0.000000
20 45.911617 67.357674 6.711223 2.308164 0.000000
21 45.952007 67.495255 6.255916 2.360718 0.000000
22 45.958870 67.313911 6.230592 2.243757 0.000000
23 45.848656 67.400711 6.165431 2.246825 0.000000
24 45.772434 67.451332 6.362424 2.306593 0.000000
25 45.868267 67.325035 6.000172 2.237072 0.000000
26 45.818481 67.316017 6.184364 2.193462 0.000000
27 45.918903 67.460274 6.238731 2.284508 0.000000
28 45.941956 67.417610 6.296000 2.329072 0.000000
29 45.789658 67.418495 5.961206 2.297559 0.000000
30 45.771164 67.379021 6.259335 2.294519 0.000000
31 45.928234 67.462242 6.110173 2.348207 0.000000
32 45.785858 67.426231 6.614228 2.280737 0.000000
33 45.918827 67.297089 6.226022 2.195396 0.000022
34 46.001644 67.537331 6.131743 2.294096 0.000000
35 45.858707 67.413307 6.371141 2.239865 0.000000
36 45.906891 67.469131 6.437418 2.352560 0.000000
37 45.946838 67.567459 6.609724 2.272474 0.000000
38 45.946213 67.343048 7.477509 2.180837 0.000000
39 46.078503 67.402924 6.571904 2.308825 0.000000
40 46.072464 67.572151 6.390180 2.390103 0.000000
41 45.989986 67.412384 6.049337 2.276716 0.000000
43 45.980339 67.410378 6.746350 2.268258 0.000000
44 45.972218 67.520248 6.814412 2.246942 0.000000
45 45.983421 67.374924 6.763113 2.173491 0.000000
46 45.880260 67.423874 6.267717 2.280805 0.000000
47 46.036961 67.502762 6.820159 2.407162 0.000000
48 46.000931 67.499313 6.662909 2.234927 0.000000
49 46.054699 67.502541 7.516994 2.364924 0.000000
50 46.039722 67.475128 7.028372 2.313949 0.000000
51 46.135059 67.501839 6.787370 2.308370 0.000000
52 46.196621 67.538498 7.301806 2.283418 0.000000
53 45.985447 67.510170 6.424473 2.265209 0.000000
54 46.020546 67.497261 6.877447 2.314032 0.000000
55 46.134590 67.685623 6.688317 2.142684 0.000000
56 46.268993 67.526733 6.527434 2.300045 0.000000
57 46.287647 67.582451 7.092985 2.365640 0.000000
58 46.357128 67.724167 6.732888 2.239981 0.000000
59 46.376354 67.631142 6.591499 2.324305 0.000000
60 46.428730 67.732162 6.178276 2.286062 0.000000
61 46.419567 67.769417 6.210538 2.272152 0.000000
62 46.578609 67.647110 6.276985 2.369258 0.000000
63 46.563782 67.627075 6.011368 2.329013 0.000001
64 46.597240 67.700981 6.216190 2.394075 0.000009
65 46.561848 67.737381 6.476181 2.349732 0.000000
66 46.558548 67.897469 6.256523 2.192544 0.000000
67 46.637352 67.710869 5.793292 2.306260 0.025965
68 46.630821 67.687759 6.006350 2.344256 0.000183
69 46.697441 67.813812 6.463850 2.226407 0.000313
70 46.781162 67.777451 6.532775 2.178345 0.000379
71 46.658371 67.595505 6.106151 2.296032 0.002993
72 46.759140 67.873505 5.407073 2.097991 1.939646
73 46.874615 67.810646 5.781682 2.107374 0.000907
74 46.752888 67.812576 5.633224 2.194870 0.000787
75 46.820606 67.686699 6.077293 2.111476 0.000038
76 46.782196 67.740273 5.722120 2.159250 0.335493
77 46.803856 67.798630 5.954754 2.199563 0.000026
79 46.875107 67.668922 5.915250 2.252081 0.026976
80 46.889774 67.701103 5.754835 2.122815 0.602953
81 46.820236 67.776955 6.091182 2.201185 0.000000
82 47.037746 67.667633 5.744020 2.193150 0.203283
83 46.896908 67.685959 6.327204 2.203394 0.000000
84 47.069649 67.591965 5.920758 2.256938 0.008014
85 46.875679 67.737244 6.007868 2.116509 0.000007
86 46.844219 67.904480 5.229504 2.140592 1.169154
87 46.983418 67.682144 5.752574 2.209473 0.459590
88 46.866028 67.641411 5.875103 2.190224 0.009606
89 47.119312 67.798973 6.259651 2.156659 0.001307
90 47.097153 67.699387 6.153515 2.281346 0.261548
91 47.217766 67.879608 6.292087 2.132124 0.002099
92 47.367672 67.920258 6.095508 2.176488 0.000089
93 47.273880 68.206291 6.811893 2.236010 0.000000
94 47.150940 68.389549 5.951013 2.371284 0.000146
96 46.959091 68.393730 6.802388 2.172465 0.000000
97 46.926060 68.456642 6.512714 2.236315 0.000000
98 47.023731 68.420273 7.287913 2.228734 0.000000
99 46.833229 68.473213 7.187421 2.284764 0.000000
100 46.848335 68.469345 6.695292 2.269736 0.000000
101 46.872883 68.638863 7.051035 2.272663 0.000000
102 46.944660 68.470428 6.335803 2.276016 0.000012
103 46.926899 68.373383 6.878635 2.208881 0.000000
104 47.001644 68.243210 6.250476 2.143117 0.000003
105 47.003777 68.190712 5.727101 2.199923 0.000013
106 47.039433 67.958229 5.558910 2.210667 0.000581
107 46.974728 68.107002 5.273956 2.178210 0.262208
108 47.023003 68.221939 5.650503 2.133152 0.005281
109 47.224716 67.846939 4.836546 2.304699 10.986482
110 47.303680 67.870743 4.137352 2.467115 14.681925
111 47.260799 67.942841 4.988330 2.317351 5.858920
112 47.262993 68.221771 4.572381 2.410640 11.403342
113 46.926624 68.295288 4.270420 2.288913 8.191076
114 46.825954 68.259964 4.663424 2.280046 3.212043
115 47.155148 67.944908 4.104211 2.259416 6.250898
116 47.039913 67.970200 4.177381 2.256714 0.718924
117 46.979725 67.745522 4.280928 2.241023 13.021977
118 46.872532 68.048164 4.966015 2.137997 0.207934
119 46.839352 68.140633 4.448367 2.070622 5.732673
120 46.808147 68.014488 4.228691 2.103430 8.026262
121 46.972404 67.920967 3.806083 2.106828 1.351719
122 46.915524 68.130653 4.049298 2.066278 5.432399
123 47.056442 68.047142 3.911923 2.127135 5.527625
124 47.082344 68.341019 4.093937 2.187697 0.900346
125 46.869030 68.121544 3.999151 2.072119 5.994925
126 46.922672 68.209351 3.081776 1.981426 3.330112
128 46.938869 68.085083 3.705705 2.193814 5.302444
129 47.067932 68.298615 3.256692 2.222226 6.943726
130 47.203808 68.331024 3.428810 2.237266 1.979130
131 47.269123 68.573860 3.127077 2.489947 9.159368
132 47.237671 68.318626 3.290369 2.392452 8.766027
133 47.261261 68.642769 2.692923 2.440181 11.075556
134 47.182556 68.203682 2.406431 2.116029 4.257787
135 47.040756 68.151611 2.593604 2.204025 9.371205
136 47.148647 68.234444 2.375622 2.289020 16.423508
137 47.049946 68.261688 2.177855 2.377419 29.486492
138 47.031597 68.738419 2.538971 2.316788 6.872606
139 46.995472 68.419861 2.662590 2.368503 12.259051
141 47.110970 69.224472 2.254689 2.219769 22.007322
142 47.528103 69.276878 2.256032 2.566414 29.311636
144 48.191811 69.823784 2.672334 2.248179 5.247599
146 47.928482 68.579811 1.849439 2.516752 41.080662
147 48.238163 69.430763 1.654695 2.805357 41.119236
148 48.057907 70.012177 1.575401 2.938841 56.859634
149 48.316917 69.483780 1.565761 2.641034 47.908733
150 48.315689 70.451149 1.533083 2.640851 61.923435
151 48.212383 69.975586 1.763077 2.696131 48.296295
152 48.089523 69.293411 2.142818 2.478155 56.460148
153 48.413021 68.617432 1.686398 2.815987 61.320972
154 48.753876 68.055969 1.482241 2.641454 48.302937
157 48.990177 67.384865 1.252264 3.054616 17.177153
