%% Trajectory 75
48 170.248795 124.497131 0.467981 2.038009 44.029671
49 170.384308 125.319153 0.620720 2.051876 69.754074
51 169.919250 124.994682 0.915510 2.167704 82.780251
52 170.554169 125.017738 1.053788 2.134053 83.758141
53 170.470200 125.181068 1.259284 2.189816 69.898651
54 170.154388 124.953491 1.589058 1.912148 43.979771
55 170.336136 125.188301 1.504966 2.106823 50.997364
56 170.289917 125.381546 1.472143 2.064315 57.286690
57 170.445892 125.333282 1.553350 2.310455 60.691875
58 170.323105 125.052475 1.707382 1.950204 19.423805
59 170.258911 125.150360 2.044006 1.966240 19.172550
60 170.050949 125.101501 1.987383 1.968784 18.428991
61 169.970367 125.239365 1.951286 2.217587 39.363670
62 169.945847 125.091995 1.395195 1.863803 18.534628
63 170.028091 125.228210 2.071851 1.933611 20.803213
64 169.960022 125.170494 1.880166 1.900534 14.337441
65 169.918472 125.140182 2.298500 2.166475 18.388502
66 169.683426 125.139038 2.205261 2.081531 21.899387
67 169.815750 125.239159 2.440222 2.083190 14.268612
68 169.699570 125.083588 2.064890 2.022925 14.921240
69 169.672501 125.190323 1.810593 2.040429 22.047148
70 169.583054 125.141441 2.028038 2.044162 14.769743
71 169.420776 125.011742 1.894745 2.002548 19.171886
72 169.478836 124.820770 1.940802 2.124961 18.337318
73 169.508331 125.115570 1.866532 2.135643 15.467013
74 169.558624 125.277451 1.823421 2.224743 18.174700
75 169.359131 125.170799 2.021963 2.097342 31.108866
76 169.632919 125.411110 1.878874 2.268592 50.941448
77 169.610962 125.403061 2.030791 2.177474 36.787586
78 169.275192 125.458946 1.760932 2.232309 45.053478
79 169.480545 125.379219 1.678885 2.189414 65.742104
80 169.224533 124.975121 1.790429 2.002447 54.851463
81 169.381775 125.580772 1.366798 2.267528 59.431473
82 169.339127 125.594810 1.174211 2.207290 34.078556
83 169.319778 125.557259 1.315907 2.009812 35.670906
84 169.692596 125.470642 1.098406 2.145398 58.628880
85 169.846634 125.676079 0.907201 1.987568 62.048153
86 170.384415 125.827400 0.634343 2.336653 73.121841
87 170.215164 125.972801 0.721711 1.726618 21.708496
89 169.834946 125.837646 0.591847 1.578021 3.743796
90 170.172714 126.280113 0.631752 2.012210 40.522968
91 170.762314 126.289276 1.074259 2.124614 41.689262
92 170.916946 126.286705 0.893258 1.864192 30.269274
93 170.692688 125.702080 0.590317 1.803028 22.159874
95 170.677872 126.487816 0.541495 2.001825 54.112373
96 170.674805 126.050415 0.568846 1.878019 33.657448
