#                  frames                    t (s)                  x (pxl)                  y (pxl)                        f
                   -111.0       17.017200000000194                      nan                      nan                      nan
                   -110.0       17.121600000000193                      nan                      nan                      nan
                   -109.0        17.22600000000019                      nan                      nan                      nan
                   -108.0        17.33040000000019                      nan                      nan                      nan
                   -107.0       17.434800000000187                      nan                      nan                      nan
                   -106.0       17.539200000000186                      nan                      nan                      nan
                   -105.0       17.643600000000184                      nan                      nan                      nan
                   -104.0       17.748000000000182                      nan                      nan                      nan
                   -103.0        17.85240000000018                      nan                      nan                      nan
                   -102.0        17.95680000000018                      nan                      nan                      nan
                   -101.0       18.061200000000177                      nan                      nan                      nan
                   -100.0       18.165600000000175                      nan                      nan                      nan
                    -99.0       18.270000000000174                      nan                      nan                      nan
                    -98.0       18.374400000000172                      nan                      nan                      nan
                    -97.0        18.47880000000017                      nan                      nan                      nan
                    -96.0        18.58320000000017                      nan                      nan                      nan
                    -95.0       18.687600000000167                      nan                      nan                      nan
                    -94.0       18.792000000000165                      nan                      nan                      nan
                    -93.0       18.896400000000163                      nan                      nan                      nan
                    -92.0        19.00080000000016                      nan                      nan                      nan
                    -91.0        19.10520000000016                      nan                      nan                      nan
                    -90.0       19.209600000000158                      nan                      nan                      nan
                    -89.0       19.314000000000156                      nan                      nan                      nan
                    -88.0       19.418400000000155                      nan                      nan                      nan
                    -87.0       19.522800000000153                      nan                      nan                      nan
                    -86.0        19.62720000000015                      nan                      nan                      nan
                    -85.0        19.73160000000015                      nan                      nan                      nan
                    -84.0       19.836000000000148                      nan                      nan                      nan
                    -83.0       19.940400000000146                      nan                      nan                      nan
                    -82.0       20.044800000000144                      nan                      nan                      nan
                    -81.0       20.149200000000143                      nan                      nan                      nan
                    -80.0        20.25360000000014                      nan                      nan                      nan
                    -79.0        20.35800000000014                      nan                      nan                      nan
                    -78.0       20.462400000000137                      nan                      nan                      nan
                    -77.0       20.566800000000136                      nan                      nan                      nan
                    -76.0       20.671200000000134                      nan                      nan                      nan
                    -75.0       20.775600000000132                      nan                      nan                      nan
                    -74.0        20.88000000000013                      nan                      nan                      nan
                    -73.0        20.98440000000013                      nan                      nan                      nan
                    -72.0       21.088800000000127                      nan                      nan                      nan
                    -71.0       21.193200000000125                      nan                      nan                      nan
                    -70.0       21.297600000000124                      nan                      nan                      nan
                    -69.0       21.402000000000122                      nan                      nan                      nan
                    -68.0        21.50640000000012                      nan                      nan                      nan
                    -67.0        21.61080000000012                      nan                      nan                      nan
                    -66.0       21.715200000000117                      nan                      nan                      nan
                    -65.0       21.819600000000115                      nan                      nan                      nan
                    -64.0       21.924000000000113                      nan                      nan                      nan
                    -63.0        22.02840000000011                      nan                      nan                      nan
                    -62.0        22.13280000000011                      nan                      nan                      nan
                    -61.0       22.237200000000108                      nan                      nan                      nan
                    -60.0       22.341600000000106                      nan                      nan                      nan
                    -59.0       22.446000000000105                      nan                      nan                      nan
                    -58.0       22.550400000000103                      nan                      nan                      nan
                    -57.0         22.6548000000001                      nan                      nan                      nan
                    -56.0         22.7592000000001                      nan                      nan                      nan
                    -55.0       22.863600000000098                      nan                      nan                      nan
                    -54.0       22.968000000000096                      nan                      nan                      nan
                    -53.0       23.072400000000094                      nan                      nan                      nan
                    -52.0       23.176800000000092                      nan                      nan                      nan
                    -51.0        23.28120000000009                      nan                      nan                      nan
                    -50.0        23.38560000000009                      nan                      nan                      nan
                    -49.0       23.490000000000087                      nan                      nan                      nan
                    -48.0       23.594400000000086                      nan                      nan                      nan
                    -47.0       23.698800000000084                      nan                      nan                      nan
                    -46.0       23.803200000000082                      nan                      nan                      nan
                    -45.0        23.90760000000008                      nan                      nan                      nan
                    -44.0        24.01200000000008                      nan                      nan                      nan
                    -43.0       24.116400000000077                      nan                      nan                      nan
                    -42.0       24.220800000000075                      nan                      nan                      nan
                    -41.0       24.325200000000073                      nan                      nan                      nan
                    -40.0        24.42960000000007                      nan                      nan                      nan
                    -39.0        24.53400000000007                      nan                      nan                      nan
                    -38.0        24.63840000000007                      nan                      nan                      nan
                    -37.0       24.742800000000067                      nan                      nan                      nan
                    -36.0       24.847200000000065                      nan                      nan                      nan
                    -35.0       24.951600000000063                      nan                      nan                      nan
                    -34.0        25.05600000000006                      nan                      nan                      nan
                    -33.0        25.16040000000006                      nan                      nan                      nan
                    -32.0       25.264800000000058                      nan                      nan                      nan
                    -31.0       25.369200000000056                      nan                      nan                      nan
                    -30.0       25.473600000000054                      nan                      nan                      nan
                    -29.0       25.578000000000053                      nan                      nan                      nan
                    -28.0        25.68240000000005                      nan                      nan                      nan
                    -27.0        25.78680000000005                      nan                      nan                      nan
                    -26.0       25.891200000000048                      nan                      nan                      nan
                    -25.0       25.995600000000046                      nan                      nan                      nan
                    -24.0       26.100000000000044                      nan                      nan                      nan
                    -23.0       26.204400000000042                      nan                      nan                      nan
                    -22.0        26.30880000000004                      nan                      nan                      nan
                    -21.0        26.41320000000004                      nan                      nan                      nan
                    -20.0       26.517600000000037                      nan                      nan                      nan
                    -19.0       26.622000000000035                      nan                      nan                      nan
                    -18.0       26.726400000000034                      nan                      nan                      nan
                    -17.0       26.830800000000032                      nan                      nan                      nan
                    -16.0        26.93520000000003                      nan                      nan                      nan
                    -15.0        27.03960000000003                      nan                      nan                      nan
                    -14.0       27.144000000000027                      nan                      nan                      nan
                    -13.0       27.248400000000025                      nan                      nan                      nan
                    -12.0       27.352800000000023                      nan                      nan                      nan
                    -11.0        27.45720000000002                      nan                      nan                      nan
                    -10.0        27.56160000000002                      nan                      nan                      nan
                     -9.0       27.666000000000018                      nan                      nan                      nan
                     -8.0       27.770400000000016                      nan                      nan                      nan
                     -7.0       27.874800000000015                      nan                      nan                      nan
                     -6.0       27.979200000000013                      nan                      nan                      nan
                     -5.0        28.08360000000001                      nan                      nan                      nan
                     -4.0        28.18800000000001                      nan                      nan                      nan
                     -3.0       28.292400000000008                      nan                      nan                      nan
                     -2.0       28.396800000000006                      nan                      nan                      nan
                     -1.0       28.501200000000004                      nan                      nan                      nan
                      0.0       28.605600000000003      -0.0397643164107341      0.30507257850927144                 0.816296
                      1.0                    28.71     -0.17154783179553842       0.4751448224229256                 0.851002
                      2.0       28.814400000000003     -0.16236512668443892       0.3271040248810211                 1.562275
                      3.0                  28.9188     -0.13420273268418803       0.6852596016659949                 0.924824
                      4.0       29.023200000000003     -0.14462212727387302      0.48356047623064896                 1.140519
                      5.0                  29.1276     -0.20503273996414922      0.44835804258769724                 1.151946
                      6.0       29.232000000000003     -0.26998914122767476       0.2632826426992051                 0.884595
                      7.0                  29.3364      -0.2207717522759962       0.3527985624329542                 0.695815
                      8.0       29.440800000000003     -0.11307230960865267      0.40375541883269067                 0.888972
                      9.0                  29.5452     -0.14942567779971125       0.2941058718333249                 0.913657
                     10.0       29.649600000000003     -0.13248449231740575      0.20123017727627443                 0.944102
                     11.0                   29.754     -0.04203476347769722       0.5417149190046304                 0.963233
                     12.0       29.858400000000003     -0.20134756844736368      0.25144622536767713                 0.827287
                     13.0                  29.9628     -0.40124101754291946     0.060165617394271495                 0.715667
                     14.0       30.067200000000003    -0.053073515914844556      0.17015956085509118                 1.248137
                     15.0                  30.1716      0.06479353609662651       0.3307759447489166                 1.061667
                     16.0       30.276000000000003     -0.15097394953550047       0.2022973664722756                 1.136861
                     17.0                  30.3804      0.04898749797385275      0.25589612872441936                 0.878025
                     18.0       30.484800000000003                      nan                      nan                      nan
                     19.0                  30.5892    -0.010640129289397032       0.3566401196715388                 1.235455
                     20.0       30.693600000000004     0.054216557420947095     -0.04255453987309381                 1.382341
                     21.0       30.798000000000002      -0.1773487020250618      0.16783952157281834                 1.021564
                     22.0       30.902400000000004      0.09897768394673465      0.18921632780692604                 0.927237
                     23.0       31.006800000000002     -0.29756260503500054       0.2786614561666159                  0.75866
                     24.0       31.111200000000004      -0.2541518934871595      0.17280888433243127                 1.043714
                     25.0       31.215600000000002     -0.08061770227287454     -0.18535754585973443                 1.010661
                     26.0       31.320000000000004     -0.11545073109889352    -0.047749411991113176                 0.957811
                     27.0       31.424400000000002      0.03171894079974917      0.26123366018801053                 1.398471
                     28.0       31.528800000000004      -0.2662188327192805       0.2030188343914528                 0.954897
                     29.0       31.633200000000002    -0.016145832449672687      0.30415101441426096                 1.435305
                     30.0       31.737600000000004     -0.14318515434710963       0.1331941298005019                 1.428877
                     31.0       31.842000000000002     0.006449393702313608      0.25041240654112756                 1.202955
                     32.0       31.946400000000004      -0.2218925630978927      0.09961332802719386                 0.923395
                     33.0                  32.0508    -0.022152711271393073      0.19839941815291762                 1.019615
                     34.0                  32.1552    -0.008888172086283078      -0.2019021495784648                 1.418114
                     35.0       32.259600000000006     -0.10101816559298993      0.32125613168394346                 1.109451
                     36.0       32.364000000000004      0.06719139418800125      0.07791340226865612                 1.255717
                     37.0                  32.4684     -0.20552120771297488    -0.043810713917881106                 0.989478
                     38.0                  32.5728     -0.03317136472656314     -0.10422928711815153                 1.336378
                     39.0                  32.6772       0.2127253162712399     -0.09555948946971259                 1.094468
                     40.0       32.781600000000005      -0.2571874335325432     0.061659324114542655                 1.456004
                     41.0                   32.886     -0.05360525269940575     -0.06480496509083448                 1.360562
                     42.0                  32.9904     -0.07765898511558358    -0.039258978814121076                 1.350964
                     43.0       33.094800000000006      -0.1337275927871575      0.05445176952763927                 1.202315
                     44.0       33.199200000000005    -0.023809400322546213     -0.19368845802586138                  1.40033
                     45.0                  33.3036      0.10419507696132532      0.11880431618864695                 1.387647
                     46.0                   33.408      0.05644211300371124       0.2531319840544515                 1.376175
                     47.0                  33.5124      0.05012316394649827      0.07719589796686604                 1.463777
                     48.0       33.616800000000005       0.1671360603813874     0.020408935890003338                 1.573802
                     49.0                  33.7212     -0.05303741878160528      0.05494260957622943                 1.847535
                     50.0                  33.8256     0.026124219836697625      0.10843652964444878                 1.812486
                     51.0        33.93000000000001     0.042349016221286895     -0.07838161761988054                 1.639738
                     52.0       34.034400000000005     0.036322769610249384      0.05526110537238186                 1.446189
                     53.0                  34.1388     -0.08385931898631176     0.035481152981932135                 1.090312
                     54.0                  34.2432      0.20803827955070275        0.109570996201687                 1.699081
                     55.0                  34.3476     -0.18429936911482087     -0.10081482001134132                 1.871175
                     56.0       34.452000000000005     -0.21253274352982804     0.010429177845373033                 1.699211
                     57.0       34.556400000000004     -0.06300360270332916     -0.03105551202557668                 1.686549
                     58.0                  34.6608      0.08228793940529434     -0.04006476930348247                  1.60093
                     59.0                  34.7652      0.00841039250208575     -0.12617877813225983                 1.265829
                     60.0       34.869600000000005      0.11016373984095322      0.06275667415592112                 1.732693
                     61.0       34.974000000000004      0.06756340985907497     -0.03000022129359997                 1.749657
                     62.0                  35.0784     -0.08968413600109729     -0.09842540317100085                 1.632807
                     63.0                  35.1828  -0.00037196388524683255       0.0050657714090073                  1.62847
                     64.0       35.287200000000006      0.16172783889191913      0.03736734233994016                 1.557509
                     65.0       35.391600000000004      0.04079613342752149      0.01653237926165334                 1.492375
                     66.0                   35.496     -0.10926364858202721     -0.03819480017639954                 1.629586
                     67.0                  35.6004       0.1315834464711225      0.07974945803251846                 1.308246
                     68.0       35.704800000000006     -0.14538589714276312    -0.016520405700064893                 1.718844
                     69.0       35.809200000000004    -0.012946481277792438     0.024687738826777883                 1.764527
                     70.0                  35.9136      0.19328624791293014      0.04414708813621787                 1.583651
                     71.0                   36.018     0.047942301598380664      -0.2451982935959002                  1.43879
                     72.0       36.122400000000006     0.009870120366702147     -0.09441523795549106                 1.656008
                     73.0       36.226800000000004    -0.017753749598372448       0.2788397739775865                 1.642961
                     74.0                  36.3312     -0.10128362718770251       0.0842680495803559                 1.251953
                     75.0                  36.4356     -0.14498600633650716     -0.05907809389317378                 1.606213
                     76.0       36.540000000000006     -0.10747657691851661     -0.21341460903050807                  1.10772
                     77.0       36.644400000000005      0.02159537278972689       0.0444613816772632                 1.114702
                     78.0                  36.7488       0.0245606600028593      0.01986349028908984                 1.020546
                     79.0                  36.8532     -0.06311456575774829      0.13979165175597172                 1.468485
                     80.0                  36.9576      0.07738170637481022     -0.04060151454155917                 1.779018
                     81.0       37.062000000000005    -0.025356459496897146     -0.12038572513062457                 1.581513
                     82.0                  37.1664     -0.14300484876593278      0.20032291314934478                 1.425915
                     83.0                  37.2708     -0.14233171074456885      0.15184885292943287                 1.635995
                     84.0        37.37520000000001    -0.031104690687247596      -0.3219504574976469                 1.269724
                     85.0       37.479600000000005      0.19167098857988535      -0.2809981538131065                  1.14318
                     86.0                   37.584      0.15386202370790103      0.09393773013681558                 1.109743
                     87.0                  37.6884      -0.1993461992607265      0.06556254251902625                 1.428187
                     88.0                  37.7928     -0.09923254570224015     -0.02125746552732495                 1.694502
                     89.0       37.897200000000005     -0.17892858288884897    -0.007867630772959613                 1.637291
                     90.0                  38.0016      0.11257926922028158     -0.08705275184199229                 1.375825
                     91.0                   38.106      -0.1442229045064633     -0.03767870405148066                 1.272404
                     92.0        38.21040000000001        0.148123148414532     -0.09640799298395006                 1.589519
                     93.0       38.314800000000005     -0.07665428287003401      -0.1109404239613698                 1.353422
                     94.0       38.419200000000004    0.0014710957758166839     -0.03385776754991301                 1.582497
                     95.0                  38.5236      0.04283064088525172     -0.12110552126505253                 1.660668
                     96.0                   38.628    -0.004056981146485948    -0.036377900590301826                    1.372
                     97.0       38.732400000000005     -0.03441744559643357     0.051436727578269295                 1.344051
                     98.0       38.836800000000004      0.28007371428196765      0.14956633893152316                  1.08966
                     99.0                  38.9412      0.10137171091427699      0.26846759413671645                 1.060409
                    100.0        39.04560000000001     -0.20502670454020613     0.018075780534558834                  1.10855
                    101.0       39.150000000000006       0.1386294817133605      0.03909472783584783                 1.313013
                    102.0       39.254400000000004     -0.03380134832403081     -0.08866047580620379                  1.24227
                    103.0                  39.3588   -0.0004737550502915862     -0.08240633545119716                 1.504941
                    104.0                  39.4632       0.3121147643930351    -0.001412508450416447                 1.068313
                    105.0       39.567600000000006     -0.08833820314266136      -0.2152764989884558                 1.277814
                    106.0       39.672000000000004      0.10149016085198925      -0.2158576453693519                 1.273981
                    107.0                  39.7764       0.2303764913572696      -0.1867258953552068                 0.891299
                    108.0                  39.8808      0.09308881296825333     -0.18124670302826984                 1.191959
                    109.0       39.985200000000006        0.272639111792276     -0.11829061533849392                 1.165528
                    110.0       40.089600000000004      0.26010950879783135     -0.28665756582998625                 1.187162
                    111.0                   40.194       0.2670220500190821       0.1258168209370772                 0.944128
                    112.0                  40.2984      0.22898578425829846      -0.0111151336497929                 1.109444
                    113.0                  40.4028      0.17982650751456508     -0.12216512991285783                 1.133205
                    114.0       40.507200000000005       0.2708643054598522     -0.09723701178750704                  1.24331
                    115.0                  40.6116      0.08578091803052953      -0.3123016812190413                 1.180267
                    116.0                   40.716      0.28786023559989865     -0.25079562951922174                 0.984008
                    117.0        40.82040000000001      0.06628200180341962    -0.013300681377955367                  1.49293
                    118.0       40.924800000000005      0.21937009800433005      -0.3754959080038357                 1.707905
                    119.0                  41.0292      0.15757112293016212     -0.27104550252456855                 1.586673
                    120.0                  41.1336      0.04039930822796208     -0.16981699842918266                 1.569724
                    121.0                   41.238       0.2670037657830516      -0.4925789368933732                 1.658434
                    122.0       41.342400000000005       0.4460257745490601      -0.3204454015570569                 1.391023
                    123.0                  41.4468      0.22783285099426628     0.021857338215227978                 1.735122
                    124.0                  41.5512       0.2624086481186872     -0.24416059314507718                 1.313506
                    125.0        41.65560000000001       0.2787116248037877     -0.08234797679143051                 1.271949
                    126.0       41.760000000000005      0.42736759332063556     0.015235536515472353                  1.15282
                    127.0                  41.8644      0.07104661229009737      0.06102731786803044                  1.47911
                    128.0                  41.9688      0.20421774473619814      -0.0637596219294776                 1.486109
                    129.0                  42.0732      0.07603856530303683     -0.33155214218320184                 1.014513
                    130.0       42.177600000000005      0.24262739315678317     -0.32601296071701014                 1.626977
                    131.0       42.282000000000004       0.1900807208051849     -0.33225447573933864                 1.192869
                    132.0                  42.3864       0.2794477451825744     -0.35686004817589145                 1.072113
                    133.0        42.49080000000001       0.4816684388768525      -0.4444210445544453                 1.584945
                    134.0       42.595200000000006      0.41198823747070795     -0.13894053896203232                  1.75135
                    135.0       42.699600000000004       0.7226375970410869      -0.4257118280122467                 1.544981
                    136.0                   42.804      0.48911148792833015      -0.3981922191549393                 1.836305
                    137.0                  42.9084       0.5204293244867537     -0.15814362498432102                 1.351245
                    138.0       43.012800000000006       0.8674094193937176      -0.3187207432028023                 1.295558
                    139.0       43.117200000000004        0.672568649692053     -0.10547650018070812                 1.556776
                    140.0                  43.2216       0.7983127965718363      0.04251171573687437                 1.647949
                    141.0        43.32600000000001       0.9724507555435942       0.1399774986052889                 1.767747
                    142.0       43.430400000000006       0.9437215644522727      0.21718992515207022                 1.539238
                    143.0       43.534800000000004       0.7433048377830667       0.3212443410660354                 1.742498
                    144.0                  43.6392       0.7777652247229874      0.47231993633196784                 1.590478
                    145.0                  43.7436       0.9570229972990658       0.6155515251001875                  1.78278
                    146.0       43.848000000000006       0.7940706809892998       0.5194799912189951                 1.480879
                    147.0       43.952400000000004       0.7642391530088242       0.5014900280353245                 1.025859
                    148.0                  44.0568       0.9935394588099898       0.4948622240635077                 1.083152
                    149.0        44.16120000000001       1.0661293592012606       0.5715911227991519                 0.976064
                    150.0       44.265600000000006       1.1230981262404751       0.7370901829506603                 1.187126
                    151.0       44.370000000000005        1.078253749268881       0.4227468455645517                 1.364114
                    152.0                  44.4744       1.1455346508498117      0.25663652296098893                 0.980882
                    153.0                  44.5788        1.209624180299002        0.349445526511216                 0.872532
                    154.0                  44.6832       1.2356694826247745        0.528585123130034                 0.803132
                    155.0       44.787600000000005       1.2022354197090561      0.36645069695857024                 0.950128
                    156.0                   44.892       0.8254656230990851       0.7167786377904475                 0.941512
                    157.0        44.99640000000001       1.2694984182072067       0.9102341612925315                 0.986006
                    158.0        45.10080000000001       0.9634197495484496       1.0059438769126432                 1.314392
                    159.0       45.205200000000005       0.8630986501587039        1.349750393264824                 1.033315
                    160.0                  45.3096       0.7855977083681641       0.9769238709430074                 1.562723
                    161.0                   45.414       0.9834682614531192       0.4741240449775954                 1.155901
                    162.0                  45.5184        1.009178397823455      0.18834211084981858                 0.979173
                    163.0       45.622800000000005        0.833267256406264       0.5376172178146519                 0.900069
                    164.0        45.72720000000001                      nan                      nan                      nan
                    165.0        45.83160000000001                      nan                      nan                      nan
                    166.0        45.93600000000001      0.12361328900642632        3.374338712459245                  0.88893
                    167.0       46.040400000000005       0.6562256711798066       3.1395063135582713                 1.058994
                    168.0       46.144800000000004        1.335834885021622        3.279266501270316                 0.659703
                    169.0                  46.2492                      nan                      nan                      nan
                    170.0                  46.3536                      nan                      nan                      nan
                    171.0                   46.458                      nan                      nan                      nan
                    172.0                  46.5624                      nan                      nan                      nan
                    173.0       46.666799999999995                      nan                      nan                      nan
                    174.0        46.77119999999999                      nan                      nan                      nan
                    175.0        46.87559999999999                      nan                      nan                      nan
                    176.0        46.97999999999999                      nan                      nan                      nan
                    177.0        47.08439999999999                      nan                      nan                      nan
                    178.0       47.188799999999986                      nan                      nan                      nan
                    179.0       47.293199999999985                      nan                      nan                      nan
                    180.0        47.39759999999998                      nan                      nan                      nan
                    181.0        47.50199999999998                      nan                      nan                      nan
                    182.0        47.60639999999998                      nan                      nan                      nan
                    183.0        47.71079999999998                      nan                      nan                      nan
                    184.0       47.815199999999976                      nan                      nan                      nan
                    185.0       47.919599999999974                      nan                      nan                      nan
                    186.0        48.02399999999997                      nan                      nan                      nan
                    187.0        48.12839999999997                      nan                      nan                      nan
                    188.0        48.23279999999997                      nan                      nan                      nan
                    189.0        48.33719999999997                      nan                      nan                      nan
                    190.0       48.441599999999966                      nan                      nan                      nan
                    191.0       48.545999999999964                      nan                      nan                      nan
                    192.0        48.65039999999996                      nan                      nan                      nan
                    193.0        48.75479999999996                      nan                      nan                      nan
                    194.0        48.85919999999996                      nan                      nan                      nan
                    195.0        48.96359999999996                      nan                      nan                      nan
#----------------------------------------------------------------------------------------------------------------------------
# experiment: raw_data/
# path: /Users/andreapicco/Google Drive/RESEARCH/EvoCellBio/Protein_tracking/Data/Sla1/24_degree/Um/raw_data/
# file: 16.usla1.txt
# protein: Sla1-GFP
# date: 15/06/21
# notes: strain MKUM0001; first strain for tracking in Ustilago Madis
# t_unit: s
# delta_t: 0.1044
# coord_unit: pxl
# intensity_normalisation: None
# l_cm: (24.48149851202635, 130.6617145076861)
# r_cm: (36.94850786079817, 76.47241809827655)
# m_angle: 1.2575719508742018
# m_lag: 274
# trajalign_version: 1.98
# lie_down_angle: -1.2352288643981364
# lie_down_translation: (-36.9099815872871, -76.35571616179274)
