#                 frames                   t (s)                 x (pxl)                 y (pxl)                       f
                    21.0     -14.993999999999952                     nan                     nan                     nan
                    22.0     -14.867999999999952                     nan                     nan                     nan
                    23.0     -14.741999999999953                     nan                     nan                     nan
                    24.0     -14.615999999999953                     nan                     nan                     nan
                    25.0     -14.489999999999954                     nan                     nan                     nan
                    26.0     -14.363999999999955                     nan                     nan                     nan
                    27.0     -14.237999999999955                     nan                     nan                     nan
                    28.0     -14.111999999999956                     nan                     nan                     nan
                    29.0     -13.985999999999956                     nan                     nan                     nan
                    30.0     -13.859999999999957                     nan                     nan                     nan
                    31.0     -13.733999999999957                     nan                     nan                     nan
                    32.0     -13.607999999999958                     nan                     nan                     nan
                    33.0     -13.481999999999958                     nan                     nan                     nan
                    34.0     -13.355999999999959                     nan                     nan                     nan
                    35.0      -13.22999999999996                     nan                     nan                     nan
                    36.0      -13.10399999999996                     nan                     nan                     nan
                    37.0      -12.97799999999996                     nan                     nan                     nan
                    38.0     -12.851999999999961                     nan                     nan                     nan
                    39.0     -12.725999999999962                     nan                     nan                     nan
                    40.0     -12.599999999999962                     nan                     nan                     nan
                    41.0     -12.473999999999963                     nan                     nan                     nan
                    42.0     -12.347999999999963                     nan                     nan                     nan
                    43.0     -12.221999999999964                     nan                     nan                     nan
                    44.0     -12.095999999999965                     nan                     nan                     nan
                    45.0     -11.969999999999965                     nan                     nan                     nan
                    46.0     -11.843999999999966                     nan                     nan                     nan
                    47.0     -11.717999999999966                     nan                     nan                     nan
                    48.0     -11.591999999999967                     nan                     nan                     nan
                    49.0     -11.465999999999967                     nan                     nan                     nan
                    50.0     -11.339999999999968                     nan                     nan                     nan
                    51.0     -11.213999999999968                     nan                     nan                     nan
                    52.0     -11.087999999999969                     nan                     nan                     nan
                    53.0      -10.96199999999997                     nan                     nan                     nan
                    54.0      -10.83599999999997                     nan                     nan                     nan
                    55.0      -10.70999999999997                     nan                     nan                     nan
                    56.0     -10.583999999999971                     nan                     nan                     nan
                    57.0     -10.457999999999972                     nan                     nan                     nan
                    58.0     -10.331999999999972                     nan                     nan                     nan
                    59.0     -10.205999999999973                     nan                     nan                     nan
                    60.0     -10.079999999999973                     nan                     nan                     nan
                    61.0      -9.953999999999974                     nan                     nan                     nan
                    62.0      -9.827999999999975                     nan                     nan                     nan
                    63.0      -9.701999999999975                     nan                     nan                     nan
                    64.0      -9.575999999999976                     nan                     nan                     nan
                    65.0      -9.449999999999976                     nan                     nan                     nan
                    66.0      -9.323999999999977                     nan                     nan                     nan
                    67.0      -9.197999999999977                     nan                     nan                     nan
                    68.0      -9.071999999999978                     nan                     nan                     nan
                    69.0      -8.945999999999978                     nan                     nan                     nan
                    70.0      -8.819999999999979                     nan                     nan                     nan
                    71.0       -8.69399999999998                     nan                     nan                     nan
                    72.0       -8.56799999999998                     nan                     nan                     nan
                    73.0       -8.44199999999998                     nan                     nan                     nan
                    74.0      -8.315999999999981                     nan                     nan                     nan
                    75.0      -8.189999999999982                     nan                     nan                     nan
                    76.0      -8.063999999999982                     nan                     nan                     nan
                    77.0      -7.937999999999982                     nan                     nan                     nan
                    78.0      -7.811999999999982                     nan                     nan                     nan
                    79.0      -7.685999999999981                     nan                     nan                     nan
                    80.0      -7.559999999999981                     nan                     nan                     nan
                    81.0      -7.433999999999981                     nan                     nan                     nan
                    82.0       -7.30799999999998                     nan                     nan                     nan
                    83.0       -7.18199999999998                     nan                     nan                     nan
                    84.0       -7.05599999999998                     nan                     nan                     nan
                    85.0      -6.929999999999979                     nan                     nan                     nan
                    86.0      -6.803999999999979                     nan                     nan                     nan
                    87.0      -6.677999999999979                     nan                     nan                     nan
                    88.0      -6.551999999999978                     nan                     nan                     nan
                    89.0      -6.425999999999978                     nan                     nan                     nan
                    90.0      -6.299999999999978                     nan                     nan                     nan
                    91.0      -6.173999999999977                     nan                     nan                     nan
                    92.0      -6.047999999999977                     nan                     nan                     nan
                    93.0      -5.921999999999977                     nan                     nan                     nan
                    94.0      -5.795999999999976                     nan                     nan                     nan
                    95.0      -5.669999999999976                     nan                     nan                     nan
                    96.0      -5.543999999999976                     nan                     nan                     nan
                    97.0      -5.417999999999975                     nan                     nan                     nan
                    98.0      -5.291999999999975                     nan                     nan                     nan
                    99.0      -5.165999999999975                     nan                     nan                     nan
                   100.0      -5.039999999999974                     nan                     nan                     nan
                   101.0      -4.913999999999974                     nan                     nan                     nan
                   102.0      -4.787999999999974                     nan                     nan                     nan
                   103.0      -4.661999999999973                     nan                     nan                     nan
                   104.0      -4.535999999999973                     nan                     nan                     nan
                   105.0      -4.409999999999973                     nan                     nan                     nan
                   106.0      -4.283999999999972                     nan                     nan                     nan
                   107.0      -4.157999999999972                     nan                     nan                     nan
                   108.0      -4.031999999999972                     nan                     nan                     nan
                   109.0     -3.9059999999999717                     nan                     nan                     nan
                   110.0      -3.779999999999972                     nan                     nan                     nan
                   111.0      -3.653999999999972                     nan                     nan                     nan
                   112.0      -3.527999999999972                     nan                     nan                     nan
                   113.0      -3.401999999999972                     nan                     nan                     nan
                   114.0     -3.2759999999999723                     nan                     nan                     nan
                   115.0     -3.1499999999999724                     nan                     nan                     nan
                   116.0     -3.0239999999999725                     nan                     nan                     nan
                   117.0     -2.8979999999999726                     nan                     nan                     nan
                   118.0     -2.7719999999999727                     nan                     nan                     nan
                   119.0      -2.645999999999973                     nan                     nan                     nan
                   120.0      -2.519999999999973                     nan                     nan                     nan
                   121.0      -2.393999999999973                     nan                     nan                     nan
                   122.0      -2.267999999999973                     nan                     nan                     nan
                   123.0     -2.1419999999999733                     nan                     nan                     nan
                   124.0     -2.0159999999999734                     nan                     nan                     nan
                   125.0     -1.8899999999999735                     nan                     nan                     nan
                   126.0     -1.7639999999999736                     nan                     nan                     nan
                   127.0     -1.6379999999999737                     nan                     nan                     nan
                   128.0     -1.5119999999999738                     nan                     nan                     nan
                   129.0      -1.385999999999974                     nan                     nan                     nan
                   130.0      -1.259999999999974                     nan                     nan                     nan
                   131.0     -1.1339999999999741                     nan                     nan                     nan
                   132.0     -1.0079999999999742                     nan                     nan                     nan
                   133.0     -0.8819999999999742                     nan                     nan                     nan
                   134.0     -0.7559999999999742                     nan                     nan                     nan
                   135.0     -0.6299999999999742                     nan                     nan                     nan
                   136.0     -0.5039999999999742                     nan                     nan                     nan
                   137.0    -0.37799999999997425                     nan                     nan                     nan
                   138.0    -0.25199999999997424                     nan                     nan                     nan
                   139.0    -0.12599999999997424                     nan                     nan                     nan
                   140.0  2.5757174171303632e-14                     nan                     nan                     nan
                   141.0     0.12600000000002576                     nan                     nan                     nan
                   142.0     0.25200000000002576                     nan                     nan                     nan
                   143.0     0.37800000000002576                     nan                     nan                     nan
                   144.0      0.5040000000000258                     nan                     nan                     nan
                   145.0      0.6300000000000258                     nan                     nan                     nan
                   146.0      0.7560000000000258                     nan                     nan                     nan
                   147.0      0.8820000000000258                     nan                     nan                     nan
                   148.0      1.0080000000000258                     nan                     nan                     nan
                   149.0      1.1340000000000257                     nan                     nan                     nan
                   150.0      1.2600000000000255                     nan                     nan                     nan
                   151.0      1.3860000000000254                     nan                     nan                     nan
                   152.0      1.5120000000000253                     nan                     nan                     nan
                   153.0      1.6380000000000252                     nan                     nan                     nan
                   154.0       1.764000000000025                     nan                     nan                     nan
                   155.0       1.890000000000025                     nan                     nan                     nan
                   156.0       2.016000000000025                     nan                     nan                     nan
                   157.0      2.1420000000000248                     nan                     nan                     nan
                   158.0      2.2680000000000247                     nan                     nan                     nan
                   159.0      2.3940000000000246                     nan                     nan                     nan
                   160.0      2.5200000000000244                     nan                     nan                     nan
                   161.0      2.6460000000000243                     nan                     nan                     nan
                   162.0      2.7720000000000242                     nan                     nan                     nan
                   163.0       2.898000000000024                     nan                     nan                     nan
                   164.0       3.024000000000024                     nan                     nan                     nan
                   165.0       3.150000000000024                     nan                     nan                     nan
                   166.0       3.276000000000024                     nan                     nan                     nan
                   167.0      3.4020000000000237                     nan                     nan                     nan
                   168.0      3.5280000000000236                     nan                     nan                     nan
                   169.0      3.6540000000000235                     nan                     nan                     nan
                   170.0      3.7800000000000233                     nan                     nan                     nan
                   171.0      3.9060000000000232                     nan                     nan                     nan
                   172.0       4.032000000000023                     nan                     nan                     nan
                   173.0      4.1580000000000235                     nan                     nan                     nan
                   174.0       4.284000000000024                     nan                     nan                     nan
                   175.0       4.410000000000024                     nan                     nan                     nan
                   176.0      4.5360000000000245                     nan                     nan                     nan
                   177.0       4.662000000000025                     nan                     nan                     nan
                   178.0       4.788000000000025                     nan                     nan                     nan
                   179.0      4.9140000000000255                     nan                     nan                     nan
                   180.0       5.040000000000026                     nan                     nan                     nan
                   181.0       5.166000000000026                     nan                     nan                     nan
                   182.0      5.2920000000000265                     nan                     nan                     nan
                   183.0       5.418000000000027                     nan                     nan                     nan
                   184.0       5.544000000000027                     nan                     nan                     nan
                   185.0      5.6700000000000275                     nan                     nan                     nan
                   186.0       5.796000000000028                     nan                     nan                     nan
                   187.0       5.922000000000028                     nan                     nan                     nan
                   188.0      6.0480000000000285                     nan                     nan                     nan
                   189.0       6.174000000000029                     nan                     nan                     nan
                   190.0       6.300000000000029                     nan                     nan                     nan
                   191.0      6.4260000000000295                     nan                     nan                     nan
                   192.0        6.55200000000003                     nan                     nan                     nan
                   193.0        6.67800000000003                     nan                     nan                     nan
                   194.0      6.8040000000000305                     nan                     nan                     nan
                   195.0       6.930000000000031                     nan                     nan                     nan
                   196.0       7.056000000000031                     nan                     nan                     nan
                   197.0      7.1820000000000315                     nan                     nan                     nan
                   198.0       7.308000000000032                     nan                     nan                     nan
                   199.0       7.434000000000032                     nan                     nan                     nan
                   200.0      7.5600000000000325                     nan                     nan                     nan
                   201.0       7.686000000000033                     nan                     nan                     nan
                   202.0       7.812000000000033                     nan                     nan                     nan
                   203.0      7.9380000000000335                     nan                     nan                     nan
                   204.0       8.064000000000034                     nan                     nan                     nan
                   205.0       8.190000000000033                     nan                     nan                     nan
                   206.0       8.316000000000033                     nan                     nan                     nan
                   207.0       8.442000000000032                     nan                     nan                     nan
                   208.0       8.568000000000032                     nan                     nan                     nan
                   209.0       8.694000000000031                     nan                     nan                     nan
                   210.0        8.82000000000003                     nan                     nan                     nan
                   211.0        8.94600000000003                     nan                     nan                     nan
                   212.0        9.07200000000003                     nan                     nan                     nan
                   213.0       9.198000000000029                     nan                     nan                     nan
                   214.0       9.324000000000028                     nan                     nan                     nan
                   215.0       9.450000000000028                     nan                     nan                     nan
                   216.0       9.576000000000027                     nan                     nan                     nan
                   217.0       9.702000000000027                     nan                     nan                     nan
                   218.0       9.828000000000026                     nan                     nan                     nan
                   219.0       9.954000000000025                     nan                     nan                     nan
                   220.0      10.080000000000025                     nan                     nan                     nan
                   221.0      10.206000000000024                     nan                     nan                     nan
                   222.0      10.332000000000024                     nan                     nan                     nan
                   223.0      10.458000000000023                     nan                     nan                     nan
                   224.0      10.584000000000023                     nan                     nan                     nan
                   225.0      10.710000000000022                     nan                     nan                     nan
                   226.0      10.836000000000022                     nan                     nan                     nan
                   227.0      10.962000000000021                     nan                     nan                     nan
                   228.0       11.08800000000002                     nan                     nan                     nan
                   229.0       11.21400000000002                     nan                     nan                     nan
                   230.0       11.34000000000002                     nan                     nan                     nan
                   231.0      11.466000000000019                     nan                     nan                     nan
                   232.0      11.592000000000018                     nan                     nan                     nan
                   233.0      11.718000000000018                     nan                     nan                     nan
                   234.0      11.844000000000017                     nan                     nan                     nan
                   235.0      11.970000000000017                     nan                     nan                     nan
                   236.0      12.096000000000016                     nan                     nan                     nan
                   237.0      12.222000000000016                     nan                     nan                     nan
                   238.0      12.348000000000015                     nan                     nan                     nan
                   239.0      12.474000000000014                     nan                     nan                     nan
                   240.0      12.600000000000014                     nan                     nan                     nan
                   241.0      12.726000000000013                     nan                     nan                     nan
                   242.0      12.852000000000013                     nan                     nan                     nan
                   243.0      12.978000000000012                     nan                     nan                     nan
                   244.0      13.104000000000012                     nan                     nan                     nan
                   245.0      13.230000000000011                     nan                     nan                     nan
                   246.0       13.35600000000001                     nan                     nan                     nan
                   247.0       13.48200000000001                     nan                     nan                     nan
                   248.0       13.60800000000001                     nan                     nan                     nan
                   249.0      13.734000000000009                     nan                     nan                     nan
                   250.0      13.860000000000008                     nan                     nan                     nan
                   251.0      13.986000000000008                     nan                     nan                     nan
                   252.0      14.112000000000007                     nan                     nan                     nan
                   253.0      14.238000000000007                     nan                     nan                     nan
                   254.0      14.364000000000006                     nan                     nan                     nan
                   255.0      14.490000000000006                     nan                     nan                     nan
                   256.0      14.616000000000005                     nan                     nan                     nan
                   257.0      14.742000000000004                     nan                     nan                     nan
                   258.0      14.868000000000004                     nan                     nan                     nan
                   259.0      14.994000000000003                     nan                     nan                     nan
                   260.0      15.120000000000003                     nan                     nan                     nan
                   261.0      15.246000000000002     -0.3762776810735513     0.11586196698844914                1.022738
                   262.0                  15.372      -0.105678742440901    -0.22003940913835845                1.014724
                   263.0      15.497999999999998      0.3172020317390875     0.05681796087176652                1.169451
                   264.0      15.624000000000002     0.07310639480955264     0.04169497832979343                1.080798
                   265.0                   15.75                     nan                     nan                     nan
                   266.0      15.875999999999998    -0.12718411141358496      0.1277944325782564                1.333365
                   267.0      16.002000000000002                     nan                     nan                     nan
                   268.0                  16.128     -0.7156649493866362    -0.05421339375490136                1.166306
                   269.0      16.254000000000005                     nan                     nan                     nan
                   270.0      16.380000000000003    -0.22685310740727066     0.37304650127005295                1.021932
                   271.0                  16.506     -0.3842134142503601     0.18287995768457663                1.525908
                   272.0      16.631999999999998    -0.35375923219537647    0.054691562869123626                1.270832
                   273.0      16.758000000000003     -0.4594685173298053     0.04863721952156134                1.090275
                   274.0                  16.884                     nan                     nan                     nan
                   275.0      17.009999999999998     -0.3152635305158328     -0.1412381221844813                 1.35366
                   276.0      17.136000000000003                     nan                     nan                     nan
                   277.0                  17.262    -0.17004742439229467    -0.11569406615727426                1.252146
                   278.0      17.387999999999998   -0.039384084545778526    -0.23460852196545387                1.301579
                   279.0      17.514000000000003   0.0014800266845342372     -0.0775034823952464                1.195899
                   280.0                   17.64     -0.1820016876606037      0.2985428240271967                1.152349
                   281.0                  17.766   -0.027331956394351476     0.03473941275657523                1.371566
                   282.0      17.892000000000003    -0.39842700922680996     0.10361165403901287                1.183453
                   283.0                  18.018    -0.12282815387216933     -0.1366033772063461                1.403183
                   284.0                  18.144    -0.12356291372640385    -0.15084718220911578                1.578505
                   285.0      18.270000000000003     -0.3959485102030408    -0.28033729278542147                1.800284
                   286.0                  18.396     -0.3912593191829346     0.10181282318680107                1.734165
                   287.0                  18.522     -0.0988912039302374     -0.2284479578220723                1.478623
                   288.0      18.647999999999996      0.1781408128669475     0.24108495662194315                1.425435
                   289.0                  18.774     -0.0663154223038564    -0.09213185709868044                1.398565
                   290.0                    18.9      0.1295237155300634     0.18336539148554304                1.790085
                   291.0      19.025999999999996    0.005919146539064009     0.24301124664370874                 1.66929
                   292.0                  19.152     -0.2336391189430222    -0.15242146874946058                 2.00975
                   293.0                  19.278    -0.27216249697933886     0.01739908075698593                1.908462
                   294.0      19.403999999999996    -0.22890078803495076     0.13072616553026303                1.882116
                   295.0                   19.53    -0.26765822702700975     0.05371765168421699                2.401188
                   296.0                  19.656    -0.19210509757048977    -0.01828246831102396                1.466417
                   297.0      19.781999999999996    -0.24239110558122803     -0.1243672142613225                1.919795
                   298.0                  19.908    -0.09411165839700157     -0.1533990921844298                2.409072
                   299.0                  20.034    -0.16040597967097459    -0.16162088054371437                2.619296
                   300.0      20.159999999999997    -0.08975371637385693     0.09883096273829571                2.405076
                   301.0                  20.286     0.09117953543791008   -0.002013468609290473                2.540243
                   302.0                  20.412   0.0016710202387428888    0.052686723820355746                1.929631
                   303.0      20.537999999999997    0.035375746160525884       0.155523404764164                1.997801
                   304.0                  20.664      -0.219096286503774     0.12732002537975898                2.472676
                   305.0                   20.79    -0.07385349041736877     0.13401408804763043                2.174625
                   306.0      20.915999999999997     0.10459658400053057     0.07681697796986164                2.244914
                   307.0                  21.042     0.15163805803056035     -0.0686351942692848                2.447497
                   308.0                  21.168    -0.07783957729946815    -0.27307781353771504                2.069308
                   309.0      21.293999999999997     -0.1033051394191264    -0.21641790534919905                2.203521
                   310.0                   21.42    -0.07710915167921269    -0.07235108595164091                2.811359
                   311.0                  21.546   -0.004178086339658182     0.01995573640423885                2.947199
                   312.0      21.671999999999997    -0.13234837507106118     -0.1170484089035306                2.035818
                   313.0      21.798000000000002     0.04428522976883571     -0.0883517508705084                1.791238
                   314.0                  21.924    0.015170231250261242    -0.15527482140872428                2.495108
                   315.0      22.049999999999997   -0.056542584575732996     -0.1352989938086811                1.894143
                   316.0      22.176000000000002     0.07511883602012154    -0.09103515962453614                 1.78709
                   317.0                  22.302    0.002183497716332205    -0.08969455509240425                2.182118
                   318.0      22.427999999999997     -0.1933289097501429   -0.004779285065982748                2.109674
                   319.0      22.554000000000002      0.0570173875302352     0.05969767750981478                2.494365
                   320.0                   22.68     0.05604235853680778    -0.27658705202077494                2.031947
                   321.0      22.805999999999997   -0.012919909064382201     -0.5271996776231346                1.972198
                   322.0      22.932000000000002    -0.06424750892278978    -0.16191811003755374                2.305473
                   323.0                  23.058   -0.044643980948768223     0.01967486902543486                2.829303
                   324.0      23.183999999999997      0.1550298620859312   -0.022360829419508135                2.971967
                   325.0      23.310000000000002      0.2693782744462917      0.0644610358027072                2.671312
                   326.0                  23.436     0.05579624668842525    0.016207424405866956                2.537638
                   327.0      23.561999999999998    -0.08273599578508234  -0.0055192571691707396                2.013822
                   328.0      23.688000000000002     0.08995940491533892      0.0990947742124847                 2.24122
                   329.0                  23.814     0.13524504314691002    -0.09264925179866378                  2.0811
                   330.0      23.939999999999998     0.30723390738382667      0.1258189523489718                1.715974
                   331.0      24.066000000000003     0.08764213639584688     0.04615945159507123                2.042496
                   332.0                  24.192     0.07184130375360104      0.2245956824334744                1.623978
                   333.0      24.317999999999998      0.6409060338242955     -0.2566832876728325                1.425852
                   334.0      24.444000000000003      0.3718052103123133     0.07530365527850894                2.141968
                   335.0                   24.57      0.2522077739743055    -0.13141619903977386                1.712294
                   336.0      24.695999999999998     0.41925909877445044     -0.1770240611198636                 1.73304
                   337.0      24.822000000000003      0.6507698483274884     0.11027028063852903                1.239128
                   338.0                  24.948      0.6534321934545018    -0.30630695530147495                1.770701
                   339.0      25.073999999999998      0.6133825882816807     0.01064592275217438                1.897249
                   340.0      25.200000000000003      0.5232620787607356     0.03948058282794385                1.298981
                   341.0                  25.326     0.19342540658286617      0.3580738774774678                1.294921
                   342.0      25.452000000000005                     nan                     nan                     nan
                   343.0      25.578000000000003       0.591209558833931    -0.07207274433758862                1.849566
                   344.0                  25.704     0.16401322476055732     0.04395395890901072                1.571698
                   345.0                   25.83      0.7480006904477857    -0.15899986856960338                1.779966
                   346.0      25.956000000000003      0.4054636327077255     -0.0841780066856555                1.351616
                   347.0                  26.082      0.5891762804866596    -0.07756884251380458                1.592846
                   348.0                  26.208      0.7242636501790838     0.09498660060400843                 1.55476
                   349.0      26.334000000000003      0.7072558196008334     -0.3084844567272665                1.427862
                   350.0                   26.46      0.5364287879076943    -0.29777129062606644                2.047425
                   351.0                  26.586      0.8371877274129644     0.03182420612059919                1.386842
                   352.0      26.712000000000003      0.8202724475211897    -0.04095923602926671                  1.5105
                   353.0                  26.838      0.6986197693871721    0.016658677294821816                1.114321
                   354.0                  26.964      0.8810087314198016    -0.06040471671727499                1.410425
                   355.0      27.089999999999996      0.7370524545202377     -0.2374019809650988                 1.63986
                   356.0                  27.216      0.8007456384713673   -0.041946876314010895                1.370816
                   357.0                  27.342      0.7737487813686368      0.2597738171353662                1.367121
                   358.0      27.467999999999996      0.6711780503658563     0.13756788702738346                1.397109
                   359.0                  27.594      0.6613530006039988       -0.34247538957918                 0.99584
                   360.0                   27.72       0.718627482744449      0.2945405205019831                1.633404
                   361.0      27.845999999999997      1.1060290033645404     0.26975033713760543                 1.63683
                   362.0                  27.972      0.9861114168096393   -0.008732806854720332                1.359761
                   363.0                  28.098                     nan                     nan                     nan
                   364.0      28.223999999999997      1.3974688102673716      0.4227267673497029                1.826768
                   365.0                   28.35      1.1135639357015537      0.6336569310716591                1.930641
                   366.0                  28.476       1.417632061388422      0.6043229084822388                1.326719
                   367.0      28.601999999999997      1.1548645538153353     0.49356958076328306                1.214292
                   368.0                  28.728      0.9916360184711561      0.3412969930845028                1.641399
                   369.0                  28.854      0.5648812161235017       0.631184031875849                1.113842
                   370.0      28.979999999999997     0.39891457189814755       1.049947878205217                1.210001
                   371.0                  29.106     0.15848846730750354      1.0606345149245504                1.035417
                   372.0      29.232000000000006                     nan                     nan                     nan
                   373.0      29.358000000000004                     nan                     nan                     nan
                   374.0                  29.484     0.04346393286897936      0.5020998049716334                0.987086
                   375.0      29.610000000000003                     nan                     nan                     nan
                   376.0      29.736000000000004                     nan                     nan                     nan
                   377.0      29.862000000000005                     nan                     nan                     nan
                   378.0      29.988000000000007                     nan                     nan                     nan
                   379.0      30.114000000000008                     nan                     nan                     nan
                   380.0       30.24000000000001                     nan                     nan                     nan
                   381.0       30.36600000000001                     nan                     nan                     nan
                   382.0       30.49200000000001                     nan                     nan                     nan
                   383.0      30.618000000000013                     nan                     nan                     nan
                   384.0      30.744000000000014                     nan                     nan                     nan
                   385.0      30.870000000000015                     nan                     nan                     nan
                   386.0      30.996000000000016                     nan                     nan                     nan
                   387.0      31.122000000000018                     nan                     nan                     nan
                   388.0       31.24800000000002                     nan                     nan                     nan
                   389.0       31.37400000000002                     nan                     nan                     nan
                   390.0       31.50000000000002                     nan                     nan                     nan
                   391.0      31.626000000000023                     nan                     nan                     nan
                   392.0      31.752000000000024                     nan                     nan                     nan
                   393.0      31.878000000000025                     nan                     nan                     nan
                   394.0      32.004000000000026                     nan                     nan                     nan
                   395.0      32.130000000000024                     nan                     nan                     nan
                   396.0       32.25600000000002                     nan                     nan                     nan
                   397.0       32.38200000000002                     nan                     nan                     nan
                   398.0       32.50800000000002                     nan                     nan                     nan
                   399.0      32.634000000000015                     nan                     nan                     nan
                   400.0       32.76000000000001                     nan                     nan                     nan
                   401.0       32.88600000000001                     nan                     nan                     nan
                   402.0       33.01200000000001                     nan                     nan                     nan
                   403.0      33.138000000000005                     nan                     nan                     nan
                   404.0                  33.264                     nan                     nan                     nan
                   405.0                   33.39                     nan                     nan                     nan
                   406.0                  33.516                     nan                     nan                     nan
                   407.0      33.641999999999996                     nan                     nan                     nan
                   408.0      33.767999999999994                     nan                     nan                     nan
                   409.0       33.89399999999999                     nan                     nan                     nan
                   410.0       34.01999999999999                     nan                     nan                     nan
                   411.0       34.14599999999999                     nan                     nan                     nan
                   412.0      34.271999999999984                     nan                     nan                     nan
                   413.0       34.39799999999998                     nan                     nan                     nan
                   414.0       34.52399999999998                     nan                     nan                     nan
                   415.0       34.64999999999998                     nan                     nan                     nan
                   416.0      34.775999999999975                     nan                     nan                     nan
                   417.0       34.90199999999997                     nan                     nan                     nan
                   418.0       35.02799999999997                     nan                     nan                     nan
                   419.0       35.15399999999997                     nan                     nan                     nan
                   420.0      35.279999999999966                     nan                     nan                     nan
                   421.0       35.40599999999996                     nan                     nan                     nan
                   422.0       35.53199999999996                     nan                     nan                     nan
                   423.0       35.65799999999996                     nan                     nan                     nan
                   424.0      35.783999999999956                     nan                     nan                     nan
                   425.0      35.909999999999954                     nan                     nan                     nan
                   426.0       36.03599999999995                     nan                     nan                     nan
                   427.0       36.16199999999995                     nan                     nan                     nan
                   428.0       36.28799999999995                     nan                     nan                     nan
                   429.0      36.413999999999945                     nan                     nan                     nan
                   430.0       36.53999999999994                     nan                     nan                     nan
                   431.0       36.66599999999994                     nan                     nan                     nan
                   432.0       36.79199999999994                     nan                     nan                     nan
                   433.0      36.917999999999935                     nan                     nan                     nan
                   434.0       37.04399999999993                     nan                     nan                     nan
                   435.0       37.16999999999993                     nan                     nan                     nan
                   436.0       37.29599999999993                     nan                     nan                     nan
                   437.0      37.421999999999926                     nan                     nan                     nan
                   438.0      37.547999999999924                     nan                     nan                     nan
                   439.0       37.67399999999992                     nan                     nan                     nan
                   440.0       37.79999999999992                     nan                     nan                     nan
                   441.0       37.92599999999992                     nan                     nan                     nan
                   442.0      38.051999999999914                     nan                     nan                     nan
                   443.0       38.17799999999991                     nan                     nan                     nan
                   444.0       38.30399999999991                     nan                     nan                     nan
                   445.0       38.42999999999991                     nan                     nan                     nan
#-----------------------------------------------------------------------------------------------------------------------
# experiment: raw_data/
# path: /Users/andreapicco/Google Drive/RESEARCH/EvoCellBio/Protein_tracking/Data/Sla1/24_degree/Um/raw_data/
# file: 41.data.txt
# protein: Sla1-GFP
# date: 02/02/21
# notes: strain MKUM0001; first strain for tracking in Ustilago Madis
# t_unit: s
# delta_t: 0.126
# coord_unit: pxl
# intensity_normalisation: None
# l_cm: (119.077045837963, 54.29970698362497)
# r_cm: (100.62115968246495, 125.17406486287372)
# m_angle: 1.5982324714531688
# m_lag: -140
# trajalign_version: 1.83
# lie_down_angle: 2.91470190802424
# lie_down_translation: (-100.72768857344808, -125.19462442331695)
