#                 frames                   t (s)                 x (pxl)                 y (pxl)                       f
                   -13.0     -14.993999999999978                     nan                     nan                     nan
                   -12.0     -14.867999999999979                     nan                     nan                     nan
                   -11.0      -14.74199999999998                     nan                     nan                     nan
                   -10.0      -14.61599999999998                     nan                     nan                     nan
                    -9.0      -14.48999999999998                     nan                     nan                     nan
                    -8.0     -14.363999999999981                     nan                     nan                     nan
                    -7.0     -14.237999999999982                     nan                     nan                     nan
                    -6.0     -14.111999999999982                     nan                     nan                     nan
                    -5.0     -13.985999999999983                     nan                     nan                     nan
                    -4.0     -13.859999999999983                     nan                     nan                     nan
                    -3.0     -13.733999999999984                     nan                     nan                     nan
                    -2.0     -13.607999999999985                     nan                     nan                     nan
                    -1.0     -13.481999999999985                     nan                     nan                     nan
                     0.0     -13.355999999999986                     nan                     nan                     nan
                     1.0     -13.229999999999986                     nan                     nan                     nan
                     2.0     -13.103999999999987                     nan                     nan                     nan
                     3.0     -12.977999999999987                     nan                     nan                     nan
                     4.0     -12.851999999999988                     nan                     nan                     nan
                     5.0     -12.725999999999988                     nan                     nan                     nan
                     6.0     -12.599999999999989                     nan                     nan                     nan
                     7.0      -12.47399999999999                     nan                     nan                     nan
                     8.0      -12.34799999999999                     nan                     nan                     nan
                     9.0      -12.22199999999999                     nan                     nan                     nan
                    10.0     -12.095999999999991                     nan                     nan                     nan
                    11.0     -11.969999999999992                     nan                     nan                     nan
                    12.0     -11.843999999999992                     nan                     nan                     nan
                    13.0     -11.717999999999993                     nan                     nan                     nan
                    14.0     -11.591999999999993                     nan                     nan                     nan
                    15.0     -11.465999999999994                     nan                     nan                     nan
                    16.0     -11.339999999999995                     nan                     nan                     nan
                    17.0     -11.213999999999995                     nan                     nan                     nan
                    18.0     -11.087999999999996                     nan                     nan                     nan
                    19.0     -10.961999999999996                     nan                     nan                     nan
                    20.0     -10.835999999999997                     nan                     nan                     nan
                    21.0     -10.709999999999997                     nan                     nan                     nan
                    22.0     -10.583999999999998                     nan                     nan                     nan
                    23.0     -10.457999999999998                     nan                     nan                     nan
                    24.0     -10.331999999999999                     nan                     nan                     nan
                    25.0                 -10.206                     nan                     nan                     nan
                    26.0                  -10.08                     nan                     nan                     nan
                    27.0                  -9.954                     nan                     nan                     nan
                    28.0      -9.828000000000001                     nan                     nan                     nan
                    29.0      -9.702000000000002                     nan                     nan                     nan
                    30.0      -9.576000000000002                     nan                     nan                     nan
                    31.0      -9.450000000000003                     nan                     nan                     nan
                    32.0      -9.324000000000003                     nan                     nan                     nan
                    33.0      -9.198000000000004                     nan                     nan                     nan
                    34.0      -9.072000000000005                     nan                     nan                     nan
                    35.0      -8.946000000000005                     nan                     nan                     nan
                    36.0      -8.820000000000006                     nan                     nan                     nan
                    37.0      -8.694000000000006                     nan                     nan                     nan
                    38.0      -8.568000000000007                     nan                     nan                     nan
                    39.0      -8.442000000000007                     nan                     nan                     nan
                    40.0      -8.316000000000008                     nan                     nan                     nan
                    41.0      -8.190000000000008                     nan                     nan                     nan
                    42.0      -8.064000000000009                     nan                     nan                     nan
                    43.0      -7.938000000000009                     nan                     nan                     nan
                    44.0      -7.812000000000008                     nan                     nan                     nan
                    45.0      -7.686000000000008                     nan                     nan                     nan
                    46.0      -7.560000000000008                     nan                     nan                     nan
                    47.0      -7.434000000000007                     nan                     nan                     nan
                    48.0      -7.308000000000007                     nan                     nan                     nan
                    49.0      -7.182000000000007                     nan                     nan                     nan
                    50.0      -7.056000000000006                     nan                     nan                     nan
                    51.0      -6.930000000000006                     nan                     nan                     nan
                    52.0      -6.804000000000006                     nan                     nan                     nan
                    53.0      -6.678000000000005                     nan                     nan                     nan
                    54.0      -6.552000000000005                     nan                     nan                     nan
                    55.0      -6.426000000000005                     nan                     nan                     nan
                    56.0      -6.300000000000004                     nan                     nan                     nan
                    57.0      -6.174000000000004                     nan                     nan                     nan
                    58.0      -6.048000000000004                     nan                     nan                     nan
                    59.0      -5.922000000000003                     nan                     nan                     nan
                    60.0      -5.796000000000003                     nan                     nan                     nan
                    61.0      -5.670000000000003                     nan                     nan                     nan
                    62.0      -5.544000000000002                     nan                     nan                     nan
                    63.0      -5.418000000000002                     nan                     nan                     nan
                    64.0      -5.292000000000002                     nan                     nan                     nan
                    65.0      -5.166000000000001                     nan                     nan                     nan
                    66.0      -5.040000000000001                     nan                     nan                     nan
                    67.0      -4.914000000000001                     nan                     nan                     nan
                    68.0                  -4.788                     nan                     nan                     nan
                    69.0                  -4.662                     nan                     nan                     nan
                    70.0                  -4.536                     nan                     nan                     nan
                    71.0      -4.409999999999999                     nan                     nan                     nan
                    72.0      -4.283999999999999                     nan                     nan                     nan
                    73.0      -4.157999999999999                     nan                     nan                     nan
                    74.0      -4.031999999999998                     nan                     nan                     nan
                    75.0     -3.9059999999999984                     nan                     nan                     nan
                    76.0     -3.7799999999999985                     nan                     nan                     nan
                    77.0     -3.6539999999999986                     nan                     nan                     nan
                    78.0     -3.5279999999999987                     nan                     nan                     nan
                    79.0      -3.401999999999999                     nan                     nan                     nan
                    80.0      -3.275999999999999                     nan                     nan                     nan
                    81.0      -3.149999999999999                     nan                     nan                     nan
                    82.0      -3.023999999999999                     nan                     nan                     nan
                    83.0     -2.8979999999999992                     nan                     nan                     nan
                    84.0     -2.7719999999999994                     nan                     nan                     nan
                    85.0     -2.6459999999999995                     nan                     nan                     nan
                    86.0     -2.5199999999999996                     nan                     nan                     nan
                    87.0     -2.3939999999999997                     nan                     nan                     nan
                    88.0                  -2.268                     nan                     nan                     nan
                    89.0                  -2.142                     nan                     nan                     nan
                    90.0                  -2.016                     nan                     nan                     nan
                    91.0     -1.8900000000000001                     nan                     nan                     nan
                    92.0     -1.7640000000000002                     nan                     nan                     nan
                    93.0     -1.6380000000000003                     nan                     nan                     nan
                    94.0     -1.5120000000000005                     nan                     nan                     nan
                    95.0     -1.3860000000000006                     nan                     nan                     nan
                    96.0     -1.2600000000000007                     nan                     nan                     nan
                    97.0     -1.1340000000000008                     nan                     nan                     nan
                    98.0      -1.008000000000001                     nan                     nan                     nan
                    99.0     -0.8820000000000009                     nan                     nan                     nan
                   100.0     -0.7560000000000009                     nan                     nan                     nan
                   101.0     -0.6300000000000009                     nan                     nan                     nan
                   102.0     -0.5040000000000009                     nan                     nan                     nan
                   103.0     -0.3780000000000009                     nan                     nan                     nan
                   104.0     -0.2520000000000009                     nan                     nan                     nan
                   105.0     -0.1260000000000009                     nan                     nan                     nan
                   106.0  -8.881784197001252e-16                     nan                     nan                     nan
                   107.0      0.1259999999999991                     nan                     nan                     nan
                   108.0      0.2519999999999991                     nan                     nan                     nan
                   109.0      0.3779999999999991                     nan                     nan                     nan
                   110.0      0.5039999999999991                     nan                     nan                     nan
                   111.0      0.6299999999999991                     nan                     nan                     nan
                   112.0      0.7559999999999991                     nan                     nan                     nan
                   113.0      0.8819999999999991                     nan                     nan                     nan
                   114.0      1.0079999999999991                     nan                     nan                     nan
                   115.0       1.133999999999999                     nan                     nan                     nan
                   116.0       1.259999999999999                     nan                     nan                     nan
                   117.0      1.3859999999999988                     nan                     nan                     nan
                   118.0      1.5119999999999987                     nan                     nan                     nan
                   119.0      1.6379999999999986                     nan                     nan                     nan
                   120.0      1.7639999999999985                     nan                     nan                     nan
                   121.0      1.8899999999999983                     nan                     nan                     nan
                   122.0      2.0159999999999982                     nan                     nan                     nan
                   123.0       2.141999999999998                     nan                     nan                     nan
                   124.0       2.267999999999998                     nan                     nan                     nan
                   125.0       2.393999999999998                     nan                     nan                     nan
                   126.0       2.519999999999998                     nan                     nan                     nan
                   127.0      2.6459999999999977                     nan                     nan                     nan
                   128.0      2.7719999999999976                     nan                     nan                     nan
                   129.0      2.8979999999999975                     nan                     nan                     nan
                   130.0      3.0239999999999974                     nan                     nan                     nan
                   131.0      3.1499999999999972                     nan                     nan                     nan
                   132.0       3.275999999999997                     nan                     nan                     nan
                   133.0       3.401999999999997                     nan                     nan                     nan
                   134.0       3.527999999999997                     nan                     nan                     nan
                   135.0       3.653999999999997                     nan                     nan                     nan
                   136.0      3.7799999999999967                     nan                     nan                     nan
                   137.0      3.9059999999999966                     nan                     nan                     nan
                   138.0      4.0319999999999965                     nan                     nan                     nan
                   139.0       4.157999999999997                     nan                     nan                     nan
                   140.0       4.283999999999997                     nan                     nan                     nan
                   141.0      4.4099999999999975                     nan                     nan                     nan
                   142.0       4.535999999999998                     nan                     nan                     nan
                   143.0       4.661999999999998                     nan                     nan                     nan
                   144.0      4.7879999999999985                     nan                     nan                     nan
                   145.0       4.913999999999999                     nan                     nan                     nan
                   146.0       5.039999999999999                     nan                     nan                     nan
                   147.0      5.1659999999999995                     nan                     nan                     nan
                   148.0                   5.292                     nan                     nan                     nan
                   149.0                   5.418                     nan                     nan                     nan
                   150.0      5.5440000000000005                     nan                     nan                     nan
                   151.0       5.670000000000001                     nan                     nan                     nan
                   152.0       5.796000000000001                     nan                     nan                     nan
                   153.0      5.9220000000000015                     nan                     nan                     nan
                   154.0       6.048000000000002                     nan                     nan                     nan
                   155.0       6.174000000000002                     nan                     nan                     nan
                   156.0      6.3000000000000025                     nan                     nan                     nan
                   157.0       6.426000000000003                     nan                     nan                     nan
                   158.0       6.552000000000003                     nan                     nan                     nan
                   159.0      6.6780000000000035                     nan                     nan                     nan
                   160.0       6.804000000000004                     nan                     nan                     nan
                   161.0       6.930000000000004                     nan                     nan                     nan
                   162.0      7.0560000000000045                     nan                     nan                     nan
                   163.0       7.182000000000005                     nan                     nan                     nan
                   164.0       7.308000000000005                     nan                     nan                     nan
                   165.0      7.4340000000000055                     nan                     nan                     nan
                   166.0       7.560000000000006                     nan                     nan                     nan
                   167.0       7.686000000000006                     nan                     nan                     nan
                   168.0      7.8120000000000065                     nan                     nan                     nan
                   169.0       7.938000000000007                     nan                     nan                     nan
                   170.0       8.064000000000007                     nan                     nan                     nan
                   171.0       8.190000000000007                     nan                     nan                     nan
                   172.0       8.316000000000006                     nan                     nan                     nan
                   173.0       8.442000000000005                     nan                     nan                     nan
                   174.0       8.568000000000005                     nan                     nan                     nan
                   175.0       8.694000000000004                     nan                     nan                     nan
                   176.0       8.820000000000004                     nan                     nan                     nan
                   177.0       8.946000000000003                     nan                     nan                     nan
                   178.0       9.072000000000003                     nan                     nan                     nan
                   179.0       9.198000000000002                     nan                     nan                     nan
                   180.0       9.324000000000002                     nan                     nan                     nan
                   181.0       9.450000000000001                     nan                     nan                     nan
                   182.0                   9.576                     nan                     nan                     nan
                   183.0                   9.702      0.2883148370953895      0.1831681622503084                1.527598
                   184.0       9.828000000000001                     nan                     nan                     nan
                   185.0       9.953999999999999     0.14250938232412724    -0.01912712905412016                1.470995
                   186.0      10.080000000000004                     nan                     nan                     nan
                   187.0      10.206000000000001      0.1713243505069275    -0.09613854313427733                 1.42347
                   188.0      10.332000000000003                     nan                     nan                     nan
                   189.0                  10.458      0.6493472747154097      0.1217187226503898                1.868086
                   190.0      10.584000000000001    -0.14072403967816316     0.34244136611362463                1.318506
                   191.0      10.710000000000006                     nan                     nan                     nan
                   192.0      10.836000000000004                     nan                     nan                     nan
                   193.0      10.962000000000002      0.6732656519055161      0.3012195191210192                1.355144
                   194.0      11.088000000000003                     nan                     nan                     nan
                   195.0                  11.214     0.44825695158334705    -0.06903119610359258                1.567463
                   196.0      11.340000000000002     0.23230085165078046    -0.45339894933856106                1.973325
                   197.0                  11.466      0.3574937226043632      0.2098180839713612                1.751896
                   198.0                  11.592     0.18539386659310986    -0.03316518497304845                2.302971
                   199.0      11.718000000000002      0.5178800892601528   -0.055503207929529674                2.238491
                   200.0                  11.844     0.19201126819710834     -0.2649066002229203                1.909073
                   201.0                   11.97    0.060911106831365705    -0.09191644957303624                1.886453
                   202.0      12.096000000000002    -0.12013169517624185   -0.004308289341015688                2.304911
                   203.0                  12.222     0.10263762699251947    -0.04870067554040104                2.370987
                   204.0                  12.348     -0.1423663923033026     -0.1910105586086024                2.534776
                   205.0      12.474000000000002    -0.21413363167223998    -0.21280952967067335                2.408527
                   206.0                    12.6     0.15172049971505766     0.39780376541211676                2.271585
                   207.0                  12.726      0.0654555449399821    -0.14630001057519731                2.784143
                   208.0      12.851999999999999     0.05369405494759412    -0.06842888107164391                2.620162
                   209.0                  12.978   -0.004567237804415215   -0.014679354154060227                3.036404
                   210.0      13.104000000000001    -0.39842488030411627   -0.052495989310840915                3.004667
                   211.0      13.229999999999999    -0.02030756657856129     0.08345554160722249                 2.93224
                   212.0                  13.356     0.16682642702474404      0.1872396194230203                 2.88185
                   213.0      13.482000000000001     0.10189548116805654    -0.01551426192615155                2.721749
                   214.0      13.607999999999999     0.08572426778319332    0.008142625245702546                3.173224
                   215.0                  13.734    -0.20440049698786542    -0.08981967970647334                3.260896
                   216.0      13.860000000000001    -0.15120876231465344      0.1528808723148386                3.154366
                   217.0      13.985999999999999     0.00390444170462775    -0.02692241326099217                3.139567
                   218.0                  14.112    -0.05572675941463212     0.24692287827069248                2.516711
                   219.0      14.238000000000001    -0.17996721679250083    0.058881138713936146                2.780362
                   220.0      14.363999999999999    -0.06595357802004437     0.13716042038451412                1.929938
                   221.0                   14.49     0.12660984669755765    0.026129523306156605                2.673764
                   222.0      14.616000000000001     0.07177460902736715    -0.18570731638338173                2.559959
                   223.0      14.741999999999999      0.0452677092591138     0.07372796303843225                2.620533
                   224.0                  14.868     -0.1770712090785213     0.08398690978993104                2.042136
                   225.0      14.994000000000002                     nan                     nan                     nan
                   226.0                   15.12     0.07372394472772545    -0.14172639767619982                3.147977
                   227.0                  15.246    0.005938888930616497      0.2194715013259618                 2.38178
                   228.0      15.372000000000002    -0.35182414215269664    -0.07036855772572691                 1.97086
                   229.0                  15.498      -0.162412898866219   -0.004706664197830127                2.897304
                   230.0                  15.624    -0.05053539548824244    -0.09032659243250189                 2.19897
                   231.0      15.750000000000002     0.12705000093007854     0.10833674266218074                2.644071
                   232.0                  15.876    -0.16095087490045126    -0.05100441311635858                2.286408
                   233.0      16.002000000000002     0.07228750155359326    -0.10300421887635733                2.854247
                   234.0                  16.128    -0.21545383679291485    0.055538243270413255                2.485699
                   235.0      16.253999999999998    -0.05872893244861187    0.005848842607233272                  2.9179
                   236.0      16.380000000000003    -0.18358474155621018      0.0912433703363455                2.721884
                   237.0                  16.506    -0.08240104144422684    -0.17874948865743337                2.790053
                   238.0      16.631999999999998    -0.16024860720560744   -0.057863589603711504                3.326081
                   239.0      16.758000000000003    -0.22436563795539027    0.050332368027927836                3.694696
                   240.0                  16.884    -0.15215201030980186   -0.012915704094981925                2.964833
                   241.0      17.009999999999998    -0.05271652666636338    -0.18359097834579022                3.305344
                   242.0      17.136000000000003     -0.1250497279334775   -0.032791731615405856                3.658885
                   243.0                  17.262    -0.24759942845642766    -0.01999031639150453                3.268231
                   244.0      17.387999999999998    0.005723610366548337     -0.1192919845622549                 2.93014
                   245.0      17.514000000000003    -0.10539049137009715    0.013660854832984827                2.926251
                   246.0                   17.64    -0.06309552754984274     0.07690439850695639                2.221538
                   247.0                  17.766    -0.07804374915109287     0.03083818885216897                2.846871
                   248.0      17.892000000000003    -0.08409735922720775    -0.03937947381932165                3.118294
                   249.0                  18.018     0.01200596975261687     0.06188669152724111                2.678006
                   250.0                  18.144   0.0037730086633411906    -0.07021238629581537                3.239517
                   251.0      18.270000000000003   -0.003975033171959179     0.12582092178400947                2.922598
                   252.0                  18.396    -0.19161815061868537    -0.07995971123298452                2.902772
                   253.0                  18.522     0.08694691671738967       0.135498663169239                2.998631
                   254.0      18.647999999999996     0.06250305075337546      0.2605248010993877                2.725956
                   255.0                  18.774   -0.011836601763914226     -0.2358367244690258                3.289032
                   256.0                    18.9    0.055749370258918476     0.09200250053423206                3.522082
                   257.0      19.025999999999996   -0.035813547585231184    -0.08522127997184754                3.290658
                   258.0                  19.152    -0.14615698146090136     0.02679751535521987                2.936059
                   259.0                  19.278      0.0549712400885226    0.041714247080393396                2.756591
                   260.0      19.403999999999996     0.05046407325040931   0.0023431206538656706                 3.23594
                   261.0                   19.53     -0.1585600096469695     0.07359996482977815                 2.51628
                   262.0                  19.656      0.1537616284101257     0.17968136981356037                3.007384
                   263.0      19.781999999999996    -0.08594668378030403     -0.1728847314225339                 2.68535
                   264.0                  19.908    0.037190522802709805   -0.008459588798487606                3.337938
                   265.0                  20.034   -0.054362794943506675    -0.08454858729145621                3.413946
                   266.0      20.159999999999997    -0.13099625733556727   0.0048759239669249055                2.774297
                   267.0                  20.286      0.1072984354118535       0.132948980869622                2.835438
                   268.0                  20.412    -0.07038776546937116    -0.04843759111792303                2.689714
                   269.0      20.537999999999997   -0.036817195453889374      0.0937976835710073                 3.19425
                   270.0                  20.664      0.1387845065385361    -0.24263668209689282                3.271245
                   271.0                   20.79     0.07704120224622471    -0.15554438025529915                3.114596
                   272.0      20.915999999999997   -0.015415726961787854    -0.04487488985063095                3.124577
                   273.0                  21.042      0.1846911319051797    -0.03848163876841991                3.028632
                   274.0                  21.168     0.06027382997489052   -0.057302215416998564                2.809968
                   275.0      21.293999999999997   -0.035233862046837795    -0.13607257738572187                3.647898
                   276.0                   21.42     0.04605068846576875   -0.061615928273890515                3.291164
                   277.0                  21.546       0.057552110769065    -0.02802080388059168                3.542368
                   278.0      21.671999999999997    -0.12726720084248586    -0.10310177196456129                3.376918
                   279.0      21.798000000000002     0.08088446406359542     0.13265039987024096                3.182444
                   280.0                  21.924    -0.06368106550598088     -0.2122640629031616                2.717683
                   281.0      22.049999999999997    0.004010517882233167     0.05387604321463282                3.289187
                   282.0      22.176000000000002     0.09459935223434927   -0.003050248423950238                3.156439
                   283.0                  22.302   -0.037660944195520484   -0.025803081330642925                3.234016
                   284.0      22.427999999999997   -0.028807079710175675    -0.23956738972817984                3.747356
                   285.0      22.554000000000002    -0.07718423097744252    -0.21687104100718807                3.293857
                   286.0                   22.68    -0.13814833810686844    -0.05451729751196245                3.520145
                   287.0      22.805999999999997    -0.17832073783968916     0.09480243690953788                3.595289
                   288.0      22.931999999999995     0.19455124710125837    -0.11920623386386481                3.220033
                   289.0                  23.058      0.1353782798892894     0.06930725373935753                 3.39422
                   290.0      23.183999999999997     0.16143010315413403     0.13179910938134207                3.444911
                   291.0      23.309999999999995    0.026020356366167292   -0.026866131080513833                3.459811
                   292.0                  23.436     0.04502187111953773     0.32157682389642483                3.154776
                   293.0      23.561999999999998     0.09766323732599523    -0.18675724295912782                3.509094
                   294.0      23.687999999999995    0.055941135487307884    -0.22739511833618617                3.664091
                   295.0                  23.814      0.1502851541066446    -0.07102428629019499                3.011059
                   296.0      23.939999999999998     0.14553148940294997     0.15477366273478213                3.820303
                   297.0      24.065999999999995     0.22903000753869746     0.04123660000134525                 3.41602
                   298.0                  24.192     0.07074346873897341    -0.20724493927230814                4.001161
                   299.0      24.317999999999998       0.393684135685019     0.11496539323962034                3.706571
                   300.0      24.443999999999996      0.3096640412641315   0.0010643702130305327                3.644494
                   301.0                   24.57      0.3013541863484099   -0.058574965122639835                3.585866
                   302.0      24.695999999999998      0.3684174304004258    0.011524870870173273                3.111149
                   303.0      24.821999999999996      0.2749394275655564    -0.12581567829138762                4.023137
                   304.0                  24.948      0.6148322472109139    0.020299461302448946                3.649423
                   305.0      25.073999999999998      0.5590103326527144      0.3106520822636799                3.383541
                   306.0      25.199999999999996      0.7999863729947138     0.08751002250554177                3.372015
                   307.0                  25.326       0.578945358216264     0.13520395539769914                3.333373
                   308.0      25.451999999999998      0.9751490714340489     0.11145368320007132                 3.42906
                   309.0      25.578000000000003                     nan                     nan                     nan
                   310.0                  25.704      0.8528593978173002      -0.274297972566571                2.509138
                   311.0                   25.83      0.8352198751025778    -0.14800046649699572                2.267673
                   312.0      25.956000000000003                     nan                     nan                     nan
                   313.0                  26.082      0.7738759255747242      0.3060650751479738                 2.11143
                   314.0                  26.208      0.7423294327619206    0.014788370069770573                2.489529
                   315.0      26.333999999999996      0.6873341663708574      0.2441389244610376                2.227581
                   316.0                   26.46      0.8741874315901906   -0.060611987402869855                1.408581
                   317.0      26.586000000000002                     nan                     nan                     nan
                   318.0      26.712000000000003                     nan                     nan                     nan
                   319.0      26.838000000000005                     nan                     nan                     nan
                   320.0      26.964000000000006                     nan                     nan                     nan
                   321.0      27.090000000000007                     nan                     nan                     nan
                   322.0      27.216000000000008                     nan                     nan                     nan
                   323.0       27.34200000000001                     nan                     nan                     nan
                   324.0       27.46800000000001                     nan                     nan                     nan
                   325.0      27.594000000000012                     nan                     nan                     nan
                   326.0      27.720000000000013                     nan                     nan                     nan
                   327.0      27.846000000000014                     nan                     nan                     nan
                   328.0      27.972000000000016                     nan                     nan                     nan
                   329.0      28.098000000000017                     nan                     nan                     nan
                   330.0      28.224000000000018                     nan                     nan                     nan
                   331.0       28.35000000000002                     nan                     nan                     nan
                   332.0       28.47600000000002                     nan                     nan                     nan
                   333.0       28.60200000000002                     nan                     nan                     nan
                   334.0      28.728000000000023                     nan                     nan                     nan
                   335.0      28.854000000000024                     nan                     nan                     nan
                   336.0      28.980000000000025                     nan                     nan                     nan
                   337.0      29.106000000000027                     nan                     nan                     nan
                   338.0      29.232000000000028                     nan                     nan                     nan
                   339.0       29.35800000000003                     nan                     nan                     nan
                   340.0       29.48400000000003                     nan                     nan                     nan
                   341.0       29.61000000000003                     nan                     nan                     nan
                   342.0      29.736000000000033                     nan                     nan                     nan
                   343.0      29.862000000000034                     nan                     nan                     nan
                   344.0      29.988000000000035                     nan                     nan                     nan
                   345.0      30.114000000000036                     nan                     nan                     nan
                   346.0      30.240000000000038                     nan                     nan                     nan
                   347.0       30.36600000000004                     nan                     nan                     nan
                   348.0       30.49200000000004                     nan                     nan                     nan
                   349.0       30.61800000000004                     nan                     nan                     nan
                   350.0      30.744000000000042                     nan                     nan                     nan
                   351.0      30.870000000000044                     nan                     nan                     nan
                   352.0      30.996000000000045                     nan                     nan                     nan
                   353.0      31.122000000000046                     nan                     nan                     nan
                   354.0      31.248000000000047                     nan                     nan                     nan
                   355.0       31.37400000000005                     nan                     nan                     nan
                   356.0       31.50000000000005                     nan                     nan                     nan
                   357.0       31.62600000000005                     nan                     nan                     nan
                   358.0      31.752000000000052                     nan                     nan                     nan
                   359.0      31.878000000000053                     nan                     nan                     nan
                   360.0      32.004000000000055                     nan                     nan                     nan
                   361.0       32.13000000000005                     nan                     nan                     nan
                   362.0       32.25600000000005                     nan                     nan                     nan
                   363.0       32.38200000000005                     nan                     nan                     nan
                   364.0      32.508000000000045                     nan                     nan                     nan
                   365.0       32.63400000000004                     nan                     nan                     nan
                   366.0       32.76000000000004                     nan                     nan                     nan
                   367.0       32.88600000000004                     nan                     nan                     nan
                   368.0      33.012000000000036                     nan                     nan                     nan
                   369.0      33.138000000000034                     nan                     nan                     nan
                   370.0       33.26400000000003                     nan                     nan                     nan
                   371.0       33.39000000000003                     nan                     nan                     nan
                   372.0       33.51600000000003                     nan                     nan                     nan
                   373.0      33.642000000000024                     nan                     nan                     nan
                   374.0       33.76800000000002                     nan                     nan                     nan
                   375.0       33.89400000000002                     nan                     nan                     nan
                   376.0       34.02000000000002                     nan                     nan                     nan
                   377.0      34.146000000000015                     nan                     nan                     nan
                   378.0       34.27200000000001                     nan                     nan                     nan
                   379.0       34.39800000000001                     nan                     nan                     nan
                   380.0       34.52400000000001                     nan                     nan                     nan
                   381.0      34.650000000000006                     nan                     nan                     nan
                   382.0                  34.776                     nan                     nan                     nan
                   383.0                  34.902                     nan                     nan                     nan
                   384.0                  35.028                     nan                     nan                     nan
                   385.0      35.153999999999996                     nan                     nan                     nan
                   386.0      35.279999999999994                     nan                     nan                     nan
                   387.0       35.40599999999999                     nan                     nan                     nan
                   388.0       35.53199999999999                     nan                     nan                     nan
                   389.0       35.65799999999999                     nan                     nan                     nan
                   390.0      35.783999999999985                     nan                     nan                     nan
                   391.0       35.90999999999998                     nan                     nan                     nan
                   392.0       36.03599999999998                     nan                     nan                     nan
                   393.0       36.16199999999998                     nan                     nan                     nan
                   394.0      36.287999999999975                     nan                     nan                     nan
                   395.0       36.41399999999997                     nan                     nan                     nan
                   396.0       36.53999999999997                     nan                     nan                     nan
                   397.0       36.66599999999997                     nan                     nan                     nan
                   398.0      36.791999999999966                     nan                     nan                     nan
                   399.0      36.917999999999964                     nan                     nan                     nan
                   400.0       37.04399999999996                     nan                     nan                     nan
                   401.0       37.16999999999996                     nan                     nan                     nan
                   402.0       37.29599999999996                     nan                     nan                     nan
                   403.0      37.421999999999954                     nan                     nan                     nan
                   404.0       37.54799999999995                     nan                     nan                     nan
                   405.0       37.67399999999995                     nan                     nan                     nan
                   406.0       37.79999999999995                     nan                     nan                     nan
                   407.0      37.925999999999945                     nan                     nan                     nan
                   408.0       38.05199999999994                     nan                     nan                     nan
                   409.0       38.17799999999994                     nan                     nan                     nan
                   410.0       38.30399999999994                     nan                     nan                     nan
                   411.0      38.429999999999936                     nan                     nan                     nan
#-----------------------------------------------------------------------------------------------------------------------
# experiment: raw_data/
# path: /Users/andreapicco/Google Drive/RESEARCH/EvoCellBio/Protein_tracking/Data/Sla1/24_degree/Um/raw_data/
# file: 47.data.txt
# protein: Sla1-GFP
# date: 02/02/21
# notes: strain MKUM0001; first strain for tracking in Ustilago Madis
# t_unit: s
# delta_t: 0.126
# coord_unit: pxl
# intensity_normalisation: None
# l_cm: (170.13030103557364, 126.54904703726064)
# r_cm: (100.62115968246495, 125.17406486287372)
# m_angle: -0.49956486903109687
# m_lag: -106
# trajalign_version: 1.83
# lie_down_angle: 2.91470190802424
# lie_down_translation: (-100.72768857344808, -125.19462442331695)
