#                frames                  t (s)                x (pxl)                y (pxl)                      f
                 -255.0    -14.993999999999962                    nan                    nan                    nan
                 -254.0    -14.867999999999963                    nan                    nan                    nan
                 -253.0    -14.741999999999964                    nan                    nan                    nan
                 -252.0    -14.615999999999964                    nan                    nan                    nan
                 -251.0    -14.489999999999965                    nan                    nan                    nan
                 -250.0    -14.363999999999965                    nan                    nan                    nan
                 -249.0    -14.237999999999966                    nan                    nan                    nan
                 -248.0    -14.111999999999966                    nan                    nan                    nan
                 -247.0    -13.985999999999967                    nan                    nan                    nan
                 -246.0    -13.859999999999967                    nan                    nan                    nan
                 -245.0    -13.733999999999968                    nan                    nan                    nan
                 -244.0    -13.607999999999969                    nan                    nan                    nan
                 -243.0     -13.48199999999997                    nan                    nan                    nan
                 -242.0     -13.35599999999997                    nan                    nan                    nan
                 -241.0     -13.22999999999997                    nan                    nan                    nan
                 -240.0     -13.10399999999997                    nan                    nan                    nan
                 -239.0    -12.977999999999971                    nan                    nan                    nan
                 -238.0    -12.851999999999972                    nan                    nan                    nan
                 -237.0    -12.725999999999972                    nan                    nan                    nan
                 -236.0    -12.599999999999973                    nan                    nan                    nan
                 -235.0    -12.473999999999974                    nan                    nan                    nan
                 -234.0    -12.347999999999974                    nan                    nan                    nan
                 -233.0    -12.221999999999975                    nan                    nan                    nan
                 -232.0    -12.095999999999975                    nan                    nan                    nan
                 -231.0    -11.969999999999976                    nan                    nan                    nan
                 -230.0    -11.843999999999976                    nan                    nan                    nan
                 -229.0    -11.717999999999977                    nan                    nan                    nan
                 -228.0    -11.591999999999977                    nan                    nan                    nan
                 -227.0    -11.465999999999978                    nan                    nan                    nan
                 -226.0    -11.339999999999979                    nan                    nan                    nan
                 -225.0    -11.213999999999979                    nan                    nan                    nan
                 -224.0     -11.08799999999998                    nan                    nan                    nan
                 -223.0     -10.96199999999998                    nan                    nan                    nan
                 -222.0     -10.83599999999998                    nan                    nan                    nan
                 -221.0    -10.709999999999981                    nan                    nan                    nan
                 -220.0    -10.583999999999982                    nan                    nan                    nan
                 -219.0    -10.457999999999982                    nan                    nan                    nan
                 -218.0    -10.331999999999983                    nan                    nan                    nan
                 -217.0    -10.205999999999984                    nan                    nan                    nan
                 -216.0    -10.079999999999984                    nan                    nan                    nan
                 -215.0     -9.953999999999985                    nan                    nan                    nan
                 -214.0     -9.827999999999985                    nan                    nan                    nan
                 -213.0     -9.701999999999986                    nan                    nan                    nan
                 -212.0     -9.575999999999986                    nan                    nan                    nan
                 -211.0     -9.449999999999987                    nan                    nan                    nan
                 -210.0     -9.323999999999987                    nan                    nan                    nan
                 -209.0     -9.197999999999988                    nan                    nan                    nan
                 -208.0     -9.071999999999989                    nan                    nan                    nan
                 -207.0     -8.945999999999989                    nan                    nan                    nan
                 -206.0      -8.81999999999999                    nan                    nan                    nan
                 -205.0      -8.69399999999999                    nan                    nan                    nan
                 -204.0      -8.56799999999999                    nan                    nan                    nan
                 -203.0     -8.441999999999991                    nan                    nan                    nan
                 -202.0     -8.315999999999992                    nan                    nan                    nan
                 -201.0     -8.189999999999992                    nan                    nan                    nan
                 -200.0     -8.063999999999993                    nan                    nan                    nan
                 -199.0     -7.937999999999993                    nan                    nan                    nan
                 -198.0     -7.811999999999992                    nan                    nan                    nan
                 -197.0     -7.685999999999992                    nan                    nan                    nan
                 -196.0     -7.559999999999992                    nan                    nan                    nan
                 -195.0     -7.433999999999991                    nan                    nan                    nan
                 -194.0     -7.307999999999991                    nan                    nan                    nan
                 -193.0     -7.181999999999991                    nan                    nan                    nan
                 -192.0      -7.05599999999999                    nan                    nan                    nan
                 -191.0      -6.92999999999999                    nan                    nan                    nan
                 -190.0      -6.80399999999999                    nan                    nan                    nan
                 -189.0     -6.677999999999989                    nan                    nan                    nan
                 -188.0     -6.551999999999989                    nan                    nan                    nan
                 -187.0     -6.425999999999989                    nan                    nan                    nan
                 -186.0     -6.299999999999988                    nan                    nan                    nan
                 -185.0     -6.173999999999988                    nan                    nan                    nan
                 -184.0     -6.047999999999988                    nan                    nan                    nan
                 -183.0     -5.921999999999987                    nan                    nan                    nan
                 -182.0     -5.795999999999987                    nan                    nan                    nan
                 -181.0     -5.669999999999987                    nan                    nan                    nan
                 -180.0     -5.543999999999986                    nan                    nan                    nan
                 -179.0     -5.417999999999986                    nan                    nan                    nan
                 -178.0     -5.291999999999986                    nan                    nan                    nan
                 -177.0     -5.165999999999985                    nan                    nan                    nan
                 -176.0     -5.039999999999985                    nan                    nan                    nan
                 -175.0     -4.913999999999985                    nan                    nan                    nan
                 -174.0     -4.787999999999984                    nan                    nan                    nan
                 -173.0     -4.661999999999984                    nan                    nan                    nan
                 -172.0     -4.535999999999984                    nan                    nan                    nan
                 -171.0     -4.409999999999983                    nan                    nan                    nan
                 -170.0     -4.283999999999983                    nan                    nan                    nan
                 -169.0     -4.157999999999983                    nan                    nan                    nan
                 -168.0     -4.031999999999982                    nan                    nan                    nan
                 -167.0    -3.9059999999999824                    nan                    nan                    nan
                 -166.0    -3.7799999999999825                    nan                    nan                    nan
                 -165.0    -3.6539999999999826                    nan                    nan                    nan
                 -164.0    -3.5279999999999827                    nan                    nan                    nan
                 -163.0     -3.401999999999983                    nan                    nan                    nan
                 -162.0     -3.275999999999983                    nan                    nan                    nan
                 -161.0     -3.149999999999983                    nan                    nan                    nan
                 -160.0     -3.023999999999983                    nan                    nan                    nan
                 -159.0    -2.8979999999999833                    nan                    nan                    nan
                 -158.0    -2.7719999999999834                    nan                    nan                    nan
                 -157.0    -2.6459999999999835                    nan                    nan                    nan
                 -156.0    -2.5199999999999836                    nan                    nan                    nan
                 -155.0    -2.3939999999999837                    nan                    nan                    nan
                 -154.0     -2.267999999999984                    nan                    nan                    nan
                 -153.0     -2.141999999999984                    nan                    nan                    nan
                 -152.0     -2.015999999999984                    nan                    nan                    nan
                 -151.0    -1.8899999999999841                    nan                    nan                    nan
                 -150.0    -1.7639999999999842                    nan                    nan                    nan
                 -149.0    -1.6379999999999844                    nan                    nan                    nan
                 -148.0    -1.5119999999999845                    nan                    nan                    nan
                 -147.0    -1.3859999999999846                    nan                    nan                    nan
                 -146.0    -1.2599999999999847                    nan                    nan                    nan
                 -145.0    -1.1339999999999848                    nan                    nan                    nan
                 -144.0     -1.007999999999985                    nan                    nan                    nan
                 -143.0    -0.8819999999999849                    nan                    nan                    nan
                 -142.0    -0.7559999999999849                    nan                    nan                    nan
                 -141.0    -0.6299999999999849                    nan                    nan                    nan
                 -140.0    -0.5039999999999849                    nan                    nan                    nan
                 -139.0    -0.3779999999999849                    nan                    nan                    nan
                 -138.0    -0.2519999999999849                    nan                    nan                    nan
                 -137.0    -0.1259999999999849                    nan                    nan                    nan
                 -136.0  1.509903313490213e-14                    nan                    nan                    nan
                 -135.0     0.1260000000000151                    nan                    nan                    nan
                 -134.0     0.2520000000000151                    nan                    nan                    nan
                 -133.0     0.3780000000000151                    nan                    nan                    nan
                 -132.0     0.5040000000000151                    nan                    nan                    nan
                 -131.0     0.6300000000000151                    nan                    nan                    nan
                 -130.0     0.7560000000000151                    nan                    nan                    nan
                 -129.0     0.8820000000000151                    nan                    nan                    nan
                 -128.0      1.008000000000015                    nan                    nan                    nan
                 -127.0      1.134000000000015                    nan                    nan                    nan
                 -126.0     1.2600000000000149                    nan                    nan                    nan
                 -125.0     1.3860000000000148                    nan                    nan                    nan
                 -124.0     1.5120000000000147                    nan                    nan                    nan
                 -123.0     1.6380000000000146                    nan                    nan                    nan
                 -122.0     1.7640000000000144                    nan                    nan                    nan
                 -121.0     1.8900000000000143                    nan                    nan                    nan
                 -120.0     2.0160000000000142                    nan                    nan                    nan
                 -119.0      2.142000000000014                    nan                    nan                    nan
                 -118.0      2.268000000000014                    nan                    nan                    nan
                 -117.0      2.394000000000014                    nan                    nan                    nan
                 -116.0      2.520000000000014                    nan                    nan                    nan
                 -115.0     2.6460000000000137                    nan                    nan                    nan
                 -114.0     2.7720000000000136                    nan                    nan                    nan
                 -113.0     2.8980000000000135                    nan                    nan                    nan
                 -112.0     3.0240000000000133                    nan                    nan                    nan
                 -111.0     3.1500000000000132                    nan                    nan                    nan
                 -110.0      3.276000000000013                    nan                    nan                    nan
                 -109.0      3.402000000000013                    nan                    nan                    nan
                 -108.0      3.528000000000013                    nan                    nan                    nan
                 -107.0      3.654000000000013                    nan                    nan                    nan
                 -106.0     3.7800000000000127                    nan                    nan                    nan
                 -105.0     3.9060000000000126                    nan                    nan                    nan
                 -104.0     4.0320000000000125                    nan                    nan                    nan
                 -103.0      4.158000000000013                    nan                    nan                    nan
                 -102.0      4.284000000000013                    nan                    nan                    nan
                 -101.0     4.4100000000000135                    nan                    nan                    nan
                 -100.0      4.536000000000014                    nan                    nan                    nan
                  -99.0      4.662000000000014                    nan                    nan                    nan
                  -98.0     4.7880000000000145                    nan                    nan                    nan
                  -97.0      4.914000000000015                    nan                    nan                    nan
                  -96.0      5.040000000000015                    nan                    nan                    nan
                  -95.0     5.1660000000000155                    nan                    nan                    nan
                  -94.0      5.292000000000016                    nan                    nan                    nan
                  -93.0      5.418000000000016                    nan                    nan                    nan
                  -92.0     5.5440000000000165                    nan                    nan                    nan
                  -91.0      5.670000000000017                    nan                    nan                    nan
                  -90.0      5.796000000000017                    nan                    nan                    nan
                  -89.0     5.9220000000000175                    nan                    nan                    nan
                  -88.0      6.048000000000018                    nan                    nan                    nan
                  -87.0      6.174000000000018                    nan                    nan                    nan
                  -86.0     6.3000000000000185                    nan                    nan                    nan
                  -85.0      6.426000000000019                    nan                    nan                    nan
                  -84.0      6.552000000000019                    nan                    nan                    nan
                  -83.0     6.6780000000000195                    nan                    nan                    nan
                  -82.0       6.80400000000002                    nan                    nan                    nan
                  -81.0       6.93000000000002                    nan                    nan                    nan
                  -80.0     7.0560000000000205                    nan                    nan                    nan
                  -79.0      7.182000000000021                    nan                    nan                    nan
                  -78.0      7.308000000000021                    nan                    nan                    nan
                  -77.0     7.4340000000000215                    nan                    nan                    nan
                  -76.0      7.560000000000022                    nan                    nan                    nan
                  -75.0      7.686000000000022                    nan                    nan                    nan
                  -74.0     7.8120000000000225                    nan                    nan                    nan
                  -73.0      7.938000000000023                    nan                    nan                    nan
                  -72.0      8.064000000000023                    nan                    nan                    nan
                  -71.0      8.190000000000023                    nan                    nan                    nan
                  -70.0      8.316000000000022                    nan                    nan                    nan
                  -69.0      8.442000000000021                    nan                    nan                    nan
                  -68.0      8.568000000000021                    nan                    nan                    nan
                  -67.0       8.69400000000002                    nan                    nan                    nan
                  -66.0       8.82000000000002                    nan                    nan                    nan
                  -65.0       8.94600000000002                    nan                    nan                    nan
                  -64.0      9.072000000000019                    nan                    nan                    nan
                  -63.0      9.198000000000018                    nan                    nan                    nan
                  -62.0      9.324000000000018                    nan                    nan                    nan
                  -61.0      9.450000000000017                    nan                    nan                    nan
                  -60.0      9.576000000000016                    nan                    nan                    nan
                  -59.0      9.702000000000016                    nan                    nan                    nan
                  -58.0      9.828000000000015                    nan                    nan                    nan
                  -57.0      9.954000000000015                    nan                    nan                    nan
                  -56.0     10.080000000000014                    nan                    nan                    nan
                  -55.0     10.206000000000014                    nan                    nan                    nan
                  -54.0     10.332000000000013                    nan                    nan                    nan
                  -53.0     10.458000000000013                    nan                    nan                    nan
                  -52.0     10.584000000000012                    nan                    nan                    nan
                  -51.0     10.710000000000012                    nan                    nan                    nan
                  -50.0     10.836000000000011                    nan                    nan                    nan
                  -49.0      10.96200000000001                    nan                    nan                    nan
                  -48.0      11.08800000000001                    nan                    nan                    nan
                  -47.0      11.21400000000001                    nan                    nan                    nan
                  -46.0     11.340000000000009                    nan                    nan                    nan
                  -45.0     11.466000000000008                    nan                    nan                    nan
                  -44.0     11.592000000000008                    nan                    nan                    nan
                  -43.0     11.718000000000007                    nan                    nan                    nan
                  -42.0     11.844000000000007                    nan                    nan                    nan
                  -41.0     11.970000000000006                    nan                    nan                    nan
                  -40.0     12.096000000000005                    nan                    nan                    nan
                  -39.0     12.222000000000005                    nan                    nan                    nan
                  -38.0     12.348000000000004                    nan                    nan                    nan
                  -37.0     12.474000000000004                    nan                    nan                    nan
                  -36.0     12.600000000000003                    nan                    nan                    nan
                  -35.0     12.726000000000003                    nan                    nan                    nan
                  -34.0     12.852000000000002                    nan                    nan                    nan
                  -33.0     12.978000000000002                    nan                    nan                    nan
                  -32.0     13.104000000000001                    nan                    nan                    nan
                  -31.0                  13.23                    nan                    nan                    nan
                  -30.0                 13.356                    nan                    nan                    nan
                  -29.0                 13.482                    nan                    nan                    nan
                  -28.0     13.607999999999999                    nan                    nan                    nan
                  -27.0     13.733999999999998                    nan                    nan                    nan
                  -26.0     13.859999999999998                    nan                    nan                    nan
                  -25.0     13.985999999999997                    nan                    nan                    nan
                  -24.0     14.111999999999997                    nan                    nan                    nan
                  -23.0     14.237999999999996                    nan                    nan                    nan
                  -22.0     14.363999999999995                    nan                    nan                    nan
                  -21.0     14.489999999999995                    nan                    nan                    nan
                  -20.0     14.615999999999994                    nan                    nan                    nan
                  -19.0     14.741999999999994                    nan                    nan                    nan
                  -18.0     14.867999999999993                    nan                    nan                    nan
                  -17.0     14.993999999999993                    nan                    nan                    nan
                  -16.0     15.119999999999992                    nan                    nan                    nan
                  -15.0     15.245999999999992                    nan                    nan                    nan
                  -14.0     15.371999999999991                    nan                    nan                    nan
                  -13.0      15.49799999999999                    nan                    nan                    nan
                  -12.0      15.62399999999999                    nan                    nan                    nan
                  -11.0      15.74999999999999                    nan                    nan                    nan
                  -10.0     15.875999999999989                    nan                    nan                    nan
                   -9.0      16.00199999999999                    nan                    nan                    nan
                   -8.0      16.12799999999999                    nan                    nan                    nan
                   -7.0      16.25399999999999                    nan                    nan                    nan
                   -6.0     16.379999999999992                    nan                    nan                    nan
                   -5.0     16.505999999999993                    nan                    nan                    nan
                   -4.0     16.631999999999994                    nan                    nan                    nan
                   -3.0     16.757999999999996                    nan                    nan                    nan
                   -2.0     16.883999999999997                    nan                    nan                    nan
                   -1.0     17.009999999999998                    nan                    nan                    nan
                    0.0                 17.136  -0.034365504842647984     0.1373676123877466               1.729748
                    1.0                 17.262  -0.030067004240716615    0.18528021759321547               1.570753
                    2.0     17.387999999999998   -0.08353153777825248    0.24504920960089366               1.146006
                    3.0                 17.514     0.0860672143366724   -0.05793392130585787               0.973553
                    4.0                  17.64                    nan                    nan                    nan
                    5.0                 17.766    0.09629031963833953    0.07635275903880193               1.519518
                    6.0                 17.892   -0.07327855349339307   -0.09228949825702085               1.770769
                    7.0                 18.018    0.15049862722686705     0.1235975981473002               1.433903
                    8.0                 18.144    -0.1826171736142431   -0.35379411222792045               1.243725
                    9.0                  18.27    -0.1607278494622938  -0.051232967831989155               1.331189
                   10.0                 18.396    -0.1405809816471576    -0.0666558951235028               1.623629
                   11.0                 18.522    -0.2877671800641142    -0.3017577890239175               1.468773
                   12.0                 18.648   0.048461464393313905    0.14683900046896506                1.56711
                   13.0                 18.774   -0.30109419394269776     0.1072527849605232               1.384352
                   14.0                   18.9   -0.20925222876114663   -0.07700994577087314               1.289047
                   15.0                 19.026    0.06981717889998715  -0.028511864812371553               0.934275
                   16.0                 19.152   -0.35127756222882633   -0.08102108319026918               1.384289
                   17.0                 19.278    0.03144151372785832   0.015082836099536787               1.166476
                   18.0                 19.404   -0.11790521966266634   -0.04732708226749352               1.435429
                   19.0                  19.53    -0.1222229662746602    -0.2539811347058413               1.158789
                   20.0                 19.656   -0.16696065867674378  -0.030920551277180512               1.496318
                   21.0                 19.782   -0.22199019468495762    -0.4347598131868188               1.357274
                   22.0                 19.908    0.16440486260155923    0.07824029762463978                1.28698
                   23.0                 20.034    0.14396853780748034   -0.02580027631608134               1.545613
                   24.0                  20.16    0.09672689092344686   -0.29881873672615444               1.435384
                   25.0     20.285999999999998    -0.2493500203370556    0.07024168665382198               1.260222
                   26.0                 20.412  -0.027936716253681406     0.0939119854876713               1.485998
                   27.0                 20.538   -0.05106988855389404   -0.05857749241924905               1.546638
                   28.0     20.663999999999998     0.1321945331167761    0.15685741023048977               1.299759
                   29.0                  20.79   -0.21641759851183673   -0.09261880086457144               1.638651
                   30.0                 20.916   -0.07436768606035657   -0.06732577387040029               1.111699
                   31.0     21.041999999999998   -0.20235186183465542    0.02115753642806813               1.476899
                   32.0                 21.168    -0.4158078296007093    -0.2075443953304091               1.237831
                   33.0                 21.294   -0.23656527821389492   -0.17594985407177158               1.679661
                   34.0     21.419999999999998   -0.06402938286333547   -0.08778760313873515                1.21498
                   35.0                 21.546   -0.18325612755392534   -0.08953181140756714                 1.6011
                   36.0     21.671999999999997   -0.33259797893611526     0.2487554040037283               1.423235
                   37.0                 21.798    -0.1274091863574826  -0.015446582866389124               2.032013
                   38.0                 21.924     0.0802970745282597    0.09580163571200517                1.36276
                   39.0     22.049999999999997   -0.20147160579043438  -0.015657658061391147               1.523032
                   40.0                 22.176   0.020767304584331146    0.26524255619882836               1.754828
                   41.0                 22.302   -0.30710413508106493   -0.08133872453159292               1.885934
                   42.0     22.427999999999997   -0.05802236245534506   -0.06292795063075214               1.283256
                   43.0                 22.554    -0.1919958349269286     0.0751038303108456               1.563931
                   44.0                  22.68  -0.015767049242725595    0.14736730729797284               1.503424
                   45.0     22.805999999999997   0.013452646892064019   -0.10944768148536847               2.125844
                   46.0                 22.932    0.14377389524433198    0.17586218880638654               1.939291
                   47.0                 23.058   -0.07018121991575432    0.04222766492191295               1.512355
                   48.0     23.183999999999997    -0.4276219799391862    -0.3929903421445094               1.321502
                   49.0                  23.31    -0.2168996167809918   -0.25649846362780426               1.758148
                   50.0                 23.436    -0.1638871168917112     0.1658439248634458               1.399315
                   51.0     23.561999999999998   -0.24677752992030683   0.008668391735840046               1.742733
                   52.0                 23.688    0.04754963050536018    0.07652380243211587               1.921228
                   53.0                 23.814   -0.05935238875080729    -0.3062510594696942               1.499461
                   54.0     23.939999999999998    0.09570390744493934   0.013449526039697846               1.947232
                   55.0                 24.066  -0.007496442009838351    0.03952394916684978                1.34308
                   56.0                 24.192     0.1058506078434405     0.0610131453723805               1.244068
                   57.0     24.317999999999998    0.04993870475355831    -0.0781200060253696                1.94589
                   58.0                 24.444   -0.07536500236488358     -0.337222833752841               1.471833
                   59.0                  24.57   -0.03597254997484545     0.1384482492106811               1.548334
                   60.0     24.695999999999998    0.08902105579252281   -0.06496750400983256               1.621245
                   61.0                 24.822   -0.24890468249222372   -0.19588547362713282               1.507687
                   62.0                 24.948    0.14781911104049625   -0.08651937142443639               1.726673
                   63.0     25.073999999999998    0.12331827764470087     0.1678431860244099               1.923765
                   64.0                   25.2     0.3404440013020127  -0.049985399607249834               1.910696
                   65.0                 25.326     0.5443253380605442     0.0277930500980096               1.617032
                   66.0     25.451999999999998     0.6425729828019481    0.20776372766734902               1.808142
                   67.0                 25.578     0.6613683956417656    0.03725605073408722               1.533036
                   68.0                 25.704     1.1342808537763927     -0.225191554400866               1.895302
                   69.0                  25.83     0.9694026888591559    0.16598250768086284               1.859238
                   70.0                 25.956     1.1688273085664898    0.05840292202177394               1.503752
                   71.0                 26.082     0.9597936580409652   0.008682237513461255               1.258438
                   72.0                 26.208                    nan                    nan                    nan
                   73.0                 26.334                    nan                    nan                    nan
                   74.0                  26.46     0.7532901332152802    0.10773229889943806                1.28876
                   75.0                 26.586      1.100700943051261    -0.3466209026190572               1.428764
                   76.0                 26.712      1.069792660688647    -0.3475184249824367               1.546204
                   77.0                 26.838                    nan                    nan                    nan
                   78.0                 26.964     1.2609280206585416    -0.1241485427933253               1.353162
                   79.0                  27.09     0.9393649918904345     0.4075288660529404               1.689318
                   80.0                 27.216                    nan                    nan                    nan
                   81.0                 27.342      1.093633029298864      0.831255132685257               1.259337
                   82.0                 27.468                    nan                    nan                    nan
                   83.0                 27.594                    nan                    nan                    nan
                   84.0     27.720000000000002                    nan                    nan                    nan
                   85.0     27.846000000000004                    nan                    nan                    nan
                   86.0     27.972000000000005                    nan                    nan                    nan
                   87.0     28.098000000000006                    nan                    nan                    nan
                   88.0     28.224000000000007                    nan                    nan                    nan
                   89.0      28.35000000000001                    nan                    nan                    nan
                   90.0      28.47600000000001                    nan                    nan                    nan
                   91.0      28.60200000000001                    nan                    nan                    nan
                   92.0     28.728000000000012                    nan                    nan                    nan
                   93.0     28.854000000000013                    nan                    nan                    nan
                   94.0     28.980000000000015                    nan                    nan                    nan
                   95.0     29.106000000000016                    nan                    nan                    nan
                   96.0     29.232000000000017                    nan                    nan                    nan
                   97.0      29.35800000000002                    nan                    nan                    nan
                   98.0      29.48400000000002                    nan                    nan                    nan
                   99.0      29.61000000000002                    nan                    nan                    nan
                  100.0     29.736000000000022                    nan                    nan                    nan
                  101.0     29.862000000000023                    nan                    nan                    nan
                  102.0     29.988000000000024                    nan                    nan                    nan
                  103.0     30.114000000000026                    nan                    nan                    nan
                  104.0     30.240000000000027                    nan                    nan                    nan
                  105.0     30.366000000000028                    nan                    nan                    nan
                  106.0      30.49200000000003                    nan                    nan                    nan
                  107.0      30.61800000000003                    nan                    nan                    nan
                  108.0      30.74400000000003                    nan                    nan                    nan
                  109.0     30.870000000000033                    nan                    nan                    nan
                  110.0     30.996000000000034                    nan                    nan                    nan
                  111.0     31.122000000000035                    nan                    nan                    nan
                  112.0     31.248000000000037                    nan                    nan                    nan
                  113.0     31.374000000000038                    nan                    nan                    nan
                  114.0      31.50000000000004                    nan                    nan                    nan
                  115.0      31.62600000000004                    nan                    nan                    nan
                  116.0      31.75200000000004                    nan                    nan                    nan
                  117.0     31.878000000000043                    nan                    nan                    nan
                  118.0      32.00400000000004                    nan                    nan                    nan
                  119.0      32.13000000000004                    nan                    nan                    nan
                  120.0     32.256000000000036                    nan                    nan                    nan
                  121.0      32.38200000000003                    nan                    nan                    nan
                  122.0      32.50800000000003                    nan                    nan                    nan
                  123.0      32.63400000000003                    nan                    nan                    nan
                  124.0     32.760000000000026                    nan                    nan                    nan
                  125.0     32.886000000000024                    nan                    nan                    nan
                  126.0      33.01200000000002                    nan                    nan                    nan
                  127.0      33.13800000000002                    nan                    nan                    nan
                  128.0      33.26400000000002                    nan                    nan                    nan
                  129.0     33.390000000000015                    nan                    nan                    nan
                  130.0      33.51600000000001                    nan                    nan                    nan
                  131.0      33.64200000000001                    nan                    nan                    nan
                  132.0      33.76800000000001                    nan                    nan                    nan
                  133.0     33.894000000000005                    nan                    nan                    nan
                  134.0                  34.02                    nan                    nan                    nan
                  135.0                 34.146                    nan                    nan                    nan
                  136.0                 34.272                    nan                    nan                    nan
                  137.0     34.397999999999996                    nan                    nan                    nan
                  138.0     34.523999999999994                    nan                    nan                    nan
                  139.0      34.64999999999999                    nan                    nan                    nan
                  140.0      34.77599999999999                    nan                    nan                    nan
                  141.0      34.90199999999999                    nan                    nan                    nan
                  142.0     35.027999999999984                    nan                    nan                    nan
                  143.0      35.15399999999998                    nan                    nan                    nan
                  144.0      35.27999999999998                    nan                    nan                    nan
                  145.0      35.40599999999998                    nan                    nan                    nan
                  146.0     35.531999999999975                    nan                    nan                    nan
                  147.0      35.65799999999997                    nan                    nan                    nan
                  148.0      35.78399999999997                    nan                    nan                    nan
                  149.0      35.90999999999997                    nan                    nan                    nan
                  150.0     36.035999999999966                    nan                    nan                    nan
                  151.0      36.16199999999996                    nan                    nan                    nan
                  152.0      36.28799999999996                    nan                    nan                    nan
                  153.0      36.41399999999996                    nan                    nan                    nan
                  154.0      36.53999999999996                    nan                    nan                    nan
                  155.0     36.665999999999954                    nan                    nan                    nan
                  156.0      36.79199999999995                    nan                    nan                    nan
                  157.0      36.91799999999995                    nan                    nan                    nan
                  158.0      37.04399999999995                    nan                    nan                    nan
                  159.0     37.169999999999945                    nan                    nan                    nan
                  160.0      37.29599999999994                    nan                    nan                    nan
                  161.0      37.42199999999994                    nan                    nan                    nan
                  162.0      37.54799999999994                    nan                    nan                    nan
                  163.0     37.673999999999936                    nan                    nan                    nan
                  164.0      37.79999999999993                    nan                    nan                    nan
                  165.0      37.92599999999993                    nan                    nan                    nan
                  166.0      38.05199999999993                    nan                    nan                    nan
                  167.0     38.177999999999926                    nan                    nan                    nan
                  168.0     38.303999999999924                    nan                    nan                    nan
                  169.0      38.42999999999992                    nan                    nan                    nan
#------------------------------------------------------------------------------------------------------------------
# experiment: raw_data/
# path: /Users/andreapicco/Google Drive/RESEARCH/EvoCellBio/Protein_tracking/Data/Sla1/24_degree/Um/raw_data/
# file: 53.data.txt
# protein: Sla1-GFP
# date: 02/02/21
# notes: strain MKUM0001; first strain for tracking in Ustilago Madis
# t_unit: s
# delta_t: 0.126
# coord_unit: pxl
# intensity_normalisation: None
# l_cm: (123.46426582477639, 99.84236530294122)
# r_cm: (100.62115968246495, 125.17406486287372)
# m_angle: 1.324226746661397
# m_lag: 136
# trajalign_version: 1.83
# lie_down_angle: 2.91470190802424
# lie_down_translation: (-100.72768857344808, -125.19462442331695)
