%% Trajectory 58
42 155.232101 82.881554 0.830616 2.189876 79.372498
43 155.241425 82.646507 0.920269 2.242002 80.389336
44 155.405533 83.284607 0.843990 2.232067 58.598862
45 155.000717 82.937309 0.930064 2.092205 119.313538
46 155.366913 82.812576 0.939024 2.173197 131.007950
47 155.155426 82.557999 0.982208 2.272396 139.527100
48 155.111664 82.741493 1.244581 2.272482 175.859314
49 155.359924 82.621490 1.130739 2.563004 102.984283
50 155.269547 82.807434 0.925182 1.998308 67.271553
51 155.309937 82.562592 1.326059 2.367180 142.318573
52 155.445435 82.761833 1.505351 2.372042 128.073334
53 155.489365 82.861359 1.276275 2.267723 165.405518
54 155.379761 82.772316 1.408223 2.138640 135.153992
55 155.321442 82.436722 1.392786 2.425502 96.930779
56 155.196411 82.367340 1.323891 2.194472 115.505783
57 155.299332 82.546394 1.167157 2.322859 168.110947
58 155.240326 82.731812 1.353580 2.213426 155.690887
59 155.548462 82.692558 1.222081 2.355726 121.183411
60 155.061127 82.337753 1.287736 2.131038 121.055527
61 155.276779 82.633614 1.299084 2.430391 114.698433
62 155.441269 82.650642 1.573183 2.330991 106.005920
63 155.237701 82.698112 1.339410 2.356271 117.447281
64 155.063904 82.680428 1.497203 2.216557 105.286133
65 155.285828 82.869186 1.318361 2.266946 130.089691
66 155.200684 82.625366 1.241532 2.408620 138.482651
67 155.083069 82.588684 1.278390 2.344040 129.100845
68 155.392197 82.659378 1.407930 2.472342 103.886559
69 155.041168 82.547287 1.347680 2.466996 118.619881
70 155.209076 82.912209 1.172122 2.286228 160.893982
71 155.109482 82.758118 1.123215 2.337433 139.863312
72 155.501785 82.819466 0.986109 2.366671 133.425247
73 155.426559 82.635002 0.915631 2.342426 151.567902
74 155.272400 82.747330 1.180058 2.269423 150.761063
75 155.448593 82.767471 1.487662 2.505853 116.127037
76 155.078796 82.569397 1.369993 2.382899 118.823616
77 155.204788 82.493912 1.080929 2.280669 134.225571
78 155.326004 82.554047 1.236055 2.670850 88.799278
79 155.346085 82.370834 1.339800 2.403949 138.758514
80 155.304276 82.455528 1.806006 2.507825 62.956749
81 155.468475 82.625366 1.528013 2.499070 96.766533
82 155.290314 82.616333 1.359908 2.636886 122.840042
83 155.404373 82.546288 1.770173 2.449701 93.044907
84 155.419907 82.538910 1.452134 2.530627 124.574699
85 155.471222 82.379257 1.600744 2.482808 106.458481
86 155.301010 82.677963 1.283699 2.419914 123.057571
87 155.421082 82.666191 1.523645 2.476020 90.013191
88 155.347076 82.498512 1.513743 2.489965 95.891357
89 155.351929 82.411621 1.607470 2.411490 89.441345
90 155.322800 82.757179 1.601645 2.380899 120.567184
91 155.519135 82.137863 1.682462 2.449985 86.660110
92 155.189545 82.099602 1.613629 2.455132 133.691971
93 155.291779 82.381172 1.694839 2.358049 120.229225
94 155.463928 82.251442 1.718729 2.642880 68.441872
95 155.263046 82.316887 1.792430 2.402144 96.419586
96 155.243912 82.033279 1.768264 2.369118 125.585007
97 155.304550 82.275612 2.003742 2.424266 100.124428
98 155.407410 82.259766 1.966179 2.351945 97.435699
99 155.170807 82.142677 1.774438 2.314435 116.783401
100 155.246109 82.322205 1.725317 2.549654 122.053818
101 155.178345 82.188560 1.673773 2.400253 122.541153
102 155.224884 82.239838 1.713980 2.302096 103.064247
103 155.206528 82.336952 1.851188 2.325747 65.450935
104 155.306274 82.186996 1.477056 2.308628 109.305244
105 155.195663 82.300629 1.478103 2.189309 82.667007
106 155.223587 82.283829 1.377909 2.515360 129.478195
107 155.108994 82.279335 1.457358 2.424242 136.415955
108 154.958923 82.177689 1.343944 2.278201 138.958328
109 155.131775 82.195595 1.500730 2.305410 93.713623
110 154.832626 82.054703 1.553214 2.172350 73.822197
111 155.003952 82.069946 1.383931 2.311087 123.914986
112 154.941086 82.155983 1.702234 2.234947 59.679531
113 154.929123 82.196083 1.445523 2.583407 95.090187
114 154.819092 82.381439 1.348920 2.538748 105.335396
115 154.690948 82.090988 1.392143 2.249797 131.532776
116 154.705750 82.127884 1.304191 2.189527 116.579590
117 154.653671 82.349045 1.361437 2.208815 96.787964
118 154.743378 82.213043 1.436491 2.192405 82.518501
119 154.777802 82.375710 1.084900 2.469379 125.635979
120 154.577484 82.272751 1.448928 2.367425 112.555237
121 154.409195 82.192184 1.202177 2.298358 126.210251
122 154.857635 82.155144 1.152300 2.202065 107.234360
123 154.846741 81.979752 1.057534 2.240232 101.453590
124 154.328964 82.052803 1.346631 2.361647 95.878593
125 154.723450 82.127228 1.136919 2.854906 105.004494
126 154.705917 82.098351 0.893879 2.569284 156.697296
127 154.546341 82.075020 1.346257 2.405454 135.367462
128 154.566025 82.140793 1.075182 2.331612 129.298706
129 154.316422 82.408073 1.442698 2.333951 99.020332
130 154.547256 81.988602 0.997651 2.418492 100.555649
131 154.503494 81.957832 1.119761 2.622460 117.004761
132 154.170319 82.349045 1.119673 2.294639 140.172577
133 154.053085 82.265068 1.167232 2.430859 133.351273
134 153.853088 82.731094 0.919674 2.384311 120.046516
135 153.772141 82.517303 0.951509 2.682083 137.803772
136 153.661682 81.771896 0.959384 2.374432 67.813965
137 153.754303 82.081703 1.092060 2.470789 111.559631
138 153.649338 82.005424 0.772774 2.713170 65.086304
139 153.691956 82.053886 1.556670 2.370103 126.530472
140 153.928360 81.804840 1.547935 2.049117 93.128159
141 154.004120 81.939049 1.988738 2.026540 48.862408
142 153.704041 81.800056 1.665957 2.216800 103.019157
143 153.851318 81.624138 1.616975 2.245111 76.947945
144 153.750137 81.523643 1.691051 2.505428 78.330772
145 154.033142 81.697479 1.628207 2.092690 72.209114
146 154.074890 81.354233 1.775053 2.338574 100.587875
147 153.826675 81.728096 1.677259 2.146349 74.966187
148 153.699387 81.695747 1.739437 2.411484 82.238945
149 153.688370 81.856758 1.442711 2.518684 118.722328
150 153.912659 81.658867 2.036781 2.269151 84.230759
151 153.967346 81.211983 1.978298 2.158812 68.648376
152 153.933853 81.437698 1.902463 2.115929 66.816223
153 153.805145 81.321815 1.871413 2.127947 71.761093
154 154.074936 81.470078 1.536888 2.203847 131.561188
155 153.820328 81.400009 1.526670 2.248007 94.328918
156 154.039703 81.657990 1.513965 2.304910 121.647308
157 153.757065 82.036171 1.653360 2.157942 106.589653
158 153.549469 82.136322 1.388684 2.394573 129.744812
159 154.113190 81.662788 1.441738 2.261765 111.562744
160 153.732071 81.481140 1.324320 2.443381 101.181175
161 153.813095 81.857086 1.716802 2.272831 92.207687
162 153.840973 81.475204 1.111230 2.390993 127.769272
163 153.829193 81.694916 1.177423 2.486673 152.754745
164 153.899002 82.032005 1.290723 2.385206 115.705872
166 153.967941 81.039932 0.803495 2.398134 152.761078
167 153.810287 80.675453 0.843800 2.368765 103.967598
