%% Trajectory 1
0 37.133202 116.216965 0.318961 1.885960 62.882130
1 36.981102 116.216240 0.344022 1.802468 41.016254
2 37.134445 116.210487 0.372434 1.864727 62.428070
3 37.143227 115.861580 0.338704 2.122455 82.800995
4 36.981739 116.390633 0.423926 2.125468 103.953224
5 37.203266 115.862053 0.460003 2.056017 101.627876
6 37.372158 116.077187 0.447900 2.144185 80.468391
7 37.390488 116.117851 0.491091 2.007843 96.021301
8 37.433018 115.999306 0.438439 2.056519 96.920372
9 37.175972 116.294304 0.431880 1.988901 80.214790
10 37.469120 116.298561 0.356912 2.211194 99.264435
11 37.415245 115.932465 0.455202 2.196779 126.403709
12 37.354427 115.923515 0.366297 1.964439 59.693367
13 37.387432 115.848289 0.503131 2.055562 118.546463
14 37.125408 116.359108 0.415684 1.813640 49.374481
15 37.293922 115.994629 0.411319 2.018630 62.208988
16 37.205620 115.846497 0.416231 1.917473 63.747662
17 37.017979 115.667381 0.544681 2.001062 98.035370
18 37.272400 115.976425 0.458741 1.936220 69.314713
19 37.164413 116.067894 0.500800 1.853366 48.526100
20 37.346928 116.045418 0.483239 2.041909 90.574265
21 37.155849 116.228432 0.560449 1.993537 85.272987
22 37.069088 115.896744 0.597281 2.016083 99.363632
23 37.147991 115.892174 0.646126 2.139750 104.733505
24 37.307758 115.941872 0.666122 2.124906 105.538246
25 37.207981 116.153946 0.651500 2.058148 102.504410
26 37.221104 115.923218 0.580358 2.116882 99.704376
27 37.329666 116.116119 0.586894 2.077059 94.244392
28 37.243538 115.828323 0.734866 2.260497 124.723129
29 37.094307 116.085419 0.709257 2.162026 108.588593
30 37.367569 116.055603 0.557757 2.102591 96.777512
31 37.237835 116.247643 0.553831 2.139051 93.948181
32 37.274700 115.942642 0.711988 2.195613 116.820663
33 37.182209 115.971840 0.672341 2.143869 118.038284
34 37.244678 115.815010 0.631211 2.153331 117.115440
35 37.153389 116.027924 0.603042 1.955693 97.598862
36 37.286694 116.078247 0.481166 2.021987 84.994331
37 37.389797 116.006104 0.549893 2.236429 115.983444
38 37.193676 116.028656 0.599832 2.068384 81.631004
39 37.304054 116.118279 0.613018 2.125164 106.002365
40 37.251526 116.076370 0.668569 2.063559 103.300133
41 37.179298 116.218369 0.504399 2.121093 123.364388
42 37.601566 115.985062 0.592195 2.105072 132.115128
43 37.305500 116.071304 0.507604 2.059347 110.424858
44 37.255402 116.101593 0.646401 1.978613 95.396988
45 37.305740 115.991394 0.785313 1.978399 79.069832
46 37.245796 116.211372 0.631897 2.121069 135.966934
47 37.334625 115.855499 0.458544 1.983771 73.142632
48 37.285488 116.079384 0.475470 2.048355 97.404747
49 37.242691 116.183861 0.693999 2.095358 142.329025
50 37.321648 116.374161 0.614384 2.173821 144.618790
51 37.223103 116.097816 0.657162 1.993402 88.271545
52 37.380451 116.088463 0.574248 2.093614 87.880455
53 37.436714 116.338814 0.624381 2.402371 104.338425
54 37.060883 116.162888 0.585783 2.031652 95.538567
55 37.403206 115.988991 0.588389 1.998731 71.314651
56 37.056595 116.063896 0.591326 1.912133 48.995110
57 37.348946 116.212616 0.560662 1.980067 51.757256
58 37.268349 116.089920 0.659332 1.996256 74.158096
59 37.479130 116.028954 0.445807 1.996974 56.519024
60 37.289963 116.173737 0.562213 2.021837 60.147247
61 37.268013 116.257759 0.610793 2.101860 103.702072
62 37.436050 116.067581 0.629663 2.086376 95.619415
63 37.420868 116.383125 0.599403 2.345204 109.109116
64 37.185474 116.103279 0.673907 2.028111 80.988739
65 37.289017 116.266663 0.520663 1.985956 69.128883
66 37.366493 116.258720 0.638141 2.156436 111.373932
67 37.197308 116.206238 0.578668 1.849727 40.632496
68 37.362350 116.048973 0.664123 1.939221 57.901230
69 37.438572 116.229874 0.608258 2.064023 63.452785
70 37.150017 115.920784 0.498304 1.775603 21.226412
71 37.247814 116.259377 0.584355 2.013601 79.708694
72 37.318916 116.214653 0.808006 2.084938 87.355202
73 37.498451 116.161201 0.683262 2.173047 94.243111
74 37.464478 116.205574 0.866013 2.060124 89.720840
75 37.286003 116.231674 0.590349 2.018489 67.530487
76 37.416664 116.254982 0.712391 2.222398 104.180473
77 37.453274 115.974358 0.811159 2.007998 78.978859
78 37.461285 116.179077 0.683049 2.334347 109.718369
79 37.456837 116.105728 0.832501 2.067866 75.735115
80 37.402485 115.998230 0.836932 2.198213 96.957756
81 37.589134 116.190216 0.784554 2.104490 85.876518
82 37.443954 115.908524 0.792517 2.029519 90.792961
83 37.596466 115.927330 0.902994 2.218472 88.358849
84 37.541981 115.971344 0.868484 2.113810 67.384369
85 37.581833 115.821907 0.959697 2.127165 77.593903
86 37.619614 115.762100 0.880195 2.135200 76.702774
87 37.590164 115.763512 0.914606 2.222612 85.705620
88 37.562599 115.876221 0.938269 2.053544 62.682171
89 37.694946 115.908409 0.903270 1.967180 52.790012
90 37.791405 115.935356 0.854904 2.008874 58.740894
91 37.733704 115.763512 0.770929 2.022064 77.634460
92 37.719933 115.800941 1.017853 2.130662 61.845509
93 37.793343 115.886284 0.912036 2.141395 83.338295
94 37.841061 116.074883 0.811015 1.954582 74.059982
95 37.913139 115.917160 0.837713 2.081782 82.955704
96 37.873734 115.898201 0.860843 2.028925 72.599541
97 37.944046 115.642036 0.751606 1.987020 63.281101
98 37.895382 115.913673 0.713324 2.069979 85.372520
99 38.031727 115.671844 0.877745 2.067165 80.686760
100 38.163368 115.955215 0.910315 2.139544 78.928635
101 38.056297 115.764359 0.922459 2.092557 84.256989
102 38.003914 115.382942 0.733173 2.101069 114.595535
103 38.202927 115.624901 0.815282 2.098341 109.875320
104 38.204956 115.677040 0.723727 2.119606 117.873505
105 38.187153 115.579369 0.818604 2.139281 139.896103
106 38.365471 115.544258 1.001685 2.416025 115.542053
107 38.330650 115.444344 1.056502 2.373995 94.651657
108 38.320251 115.553154 0.928642 2.346485 120.088120
109 38.455746 115.474747 1.007252 2.393828 104.776100
110 38.587139 115.209480 0.930152 2.327647 120.125755
111 38.506016 115.493721 0.874808 2.460803 123.495399
112 38.598652 115.498482 0.886669 2.346914 135.476913
113 38.406235 115.383934 1.000597 2.344091 101.510590
114 38.579872 115.557129 0.931997 2.340379 130.521606
115 38.617081 115.579765 0.894171 2.273100 120.075897
116 38.701454 115.435623 1.004562 2.239137 93.924286
117 38.726883 115.405937 0.896180 2.258511 129.236877
118 38.837143 115.647179 0.905972 2.220422 121.956787
119 38.743431 115.358391 1.120555 2.188993 79.012718
120 38.927258 115.319916 1.225280 2.136760 53.303253
121 38.795292 115.454033 1.089472 2.208467 71.772072
122 38.747318 115.423485 0.971852 2.391218 105.804314
123 38.868134 115.340981 1.126084 2.152082 74.269028
124 38.766174 115.312370 0.934017 2.202969 96.361816
125 38.719940 115.232849 0.912946 2.047668 57.965485
126 38.774323 115.152031 1.123391 2.120176 54.813477
127 38.794144 115.199409 1.138680 2.140360 52.374813
128 38.772842 115.045197 1.002300 2.130665 73.017395
129 38.728748 114.884796 0.893933 2.124113 71.644455
130 38.848610 114.960373 0.840992 2.092960 78.001549
131 38.947247 114.975288 0.993531 2.142785 66.096413
132 38.853603 114.969391 1.164917 2.147888 47.896416
133 39.087040 114.884750 1.051988 2.116619 56.446918
134 38.986168 114.725304 1.106996 2.206331 60.802513
135 38.728325 114.890121 0.858554 2.013818 73.970367
136 39.064323 114.819679 0.819838 2.069845 77.027046
137 39.137291 114.710106 0.818220 2.185942 82.224442
138 39.030014 114.795418 0.862900 2.184878 74.084785
139 39.072441 114.677231 1.106330 2.228190 73.577576
140 39.145096 114.689255 1.101910 2.140740 51.642441
141 39.117264 114.858505 0.786934 2.146056 106.180656
142 39.159073 114.556290 0.918962 2.232258 75.131935
143 39.381550 114.837730 0.790026 2.230121 95.968933
144 39.450947 114.438644 0.937680 2.556718 59.662022
145 39.367260 114.353432 0.710061 2.578927 87.943008
146 39.502399 114.661469 0.612930 2.450544 85.786491
147 39.639832 114.369431 0.625185 2.663756 52.188633
148 39.185654 114.153831 0.529720 2.343858 98.036865
149 39.723690 114.280540 0.699671 2.489486 102.053757
150 39.451202 114.334190 0.617265 2.663696 72.780540
151 39.611462 113.929939 0.689931 2.626847 75.652908
152 39.214073 113.802483 0.664663 3.102973 29.717518
153 39.435448 113.480461 0.767787 2.671667 77.265930
154 39.283726 113.174095 0.625335 2.423570 132.516449
155 39.385754 112.981934 0.626676 2.258104 135.832550
156 39.631863 112.841217 0.723581 2.478137 102.512772
157 40.169430 112.272148 0.450646 2.388339 131.244553
158 39.519154 111.963371 0.430894 2.940944 29.039505
160 40.103905 111.178886 0.300760 2.443212 80.608063
161 40.076145 111.327934 0.445739 3.116107 34.019661
163 39.568535 112.282516 0.439291 3.077729 12.916159
165 39.770962 111.380531 0.594085 2.840143 55.226776
