%% Trajectory 166
228 170.043427 135.227859 1.275714 2.296686 90.972023
229 170.629959 135.175064 1.205403 2.267934 81.059204
232 170.905945 134.981873 1.221233 2.434595 72.837372
233 170.538895 135.568069 1.028092 2.446517 91.922104
235 170.202164 135.384109 1.105731 2.270535 109.055756
236 171.056168 135.226196 1.370975 2.466941 83.414482
237 170.650284 135.054153 1.227604 2.225378 65.514359
238 169.988190 135.497025 0.941797 2.059826 48.602058
239 170.467407 135.238937 1.088252 2.207023 103.502281
242 170.347351 135.203430 1.243240 2.312309 78.788910
243 170.313766 135.392960 1.291861 2.167130 72.953621
244 170.209747 135.161255 1.371117 2.173417 94.947998
245 170.081879 135.575470 1.138678 2.170802 94.599693
246 170.606552 135.101440 1.232098 2.508852 96.019997
247 170.563751 135.449615 1.216219 2.331043 118.063553
248 170.385773 135.364548 1.493418 2.244723 115.277237
249 170.300308 135.493240 1.375393 2.334929 93.561806
250 170.519989 135.632187 0.991670 2.195014 54.920708
251 170.454025 135.531570 1.450055 2.674695 58.251087
252 170.540833 135.400406 1.426083 2.418028 88.128677
253 170.477325 135.939911 1.460812 2.415079 108.930557
255 171.033600 135.655075 1.276217 2.479589 77.345779
257 170.372147 135.156509 1.186327 2.691076 73.452026
258 170.335770 135.417236 1.557587 2.277182 88.623055
259 170.631485 135.659042 1.403404 2.287434 108.844788
260 170.154922 135.158813 1.614457 2.247239 103.461174
261 170.494431 135.801575 1.536155 2.275413 103.132011
262 170.414856 135.042297 1.216202 2.431418 87.424088
263 170.440292 135.166885 1.332564 2.318162 71.800957
264 170.424515 135.526108 1.503522 2.555412 98.983994
265 170.707153 135.340347 1.425280 2.455006 99.320702
266 170.307220 134.812302 1.335417 2.457156 81.083084
267 170.280701 135.762177 1.292310 2.199659 64.977333
268 170.372070 135.410751 1.399541 2.666571 50.575859
269 170.330231 135.847443 1.525903 2.337116 72.333900
270 170.540985 135.417450 1.262728 2.531621 71.320328
271 170.705597 135.190369 1.513395 2.675661 55.196251
272 170.387283 135.695450 2.070885 2.287414 76.845161
273 170.443268 135.473740 2.063915 2.241287 55.302490
274 170.413986 135.678757 1.362776 2.364528 78.829605
275 170.316788 135.861511 1.533119 2.239768 108.854340
276 170.311432 134.951218 1.385822 2.200961 69.606346
277 170.435135 135.641235 1.707861 2.354634 71.310432
278 170.319550 135.108978 1.847299 2.088159 57.822090
279 170.562637 135.307404 1.868956 2.463002 79.263290
280 170.260681 135.269958 1.720617 2.163202 65.023247
281 170.465302 135.479706 1.456517 2.454781 92.334274
282 170.500000 135.824783 2.121181 2.612614 43.373905
283 170.535934 135.321045 1.880643 2.365798 38.722633
284 170.471069 134.869354 1.729359 2.361956 62.824474
285 170.449402 135.387619 1.380692 2.291439 84.628944
286 170.563187 135.615906 1.523166 2.464172 51.397736
287 170.076279 135.341278 1.400498 2.283099 87.088234
288 170.581345 134.980652 1.553435 2.184345 49.874409
289 170.391159 134.975830 1.817763 2.425022 51.589283
290 170.322937 135.239624 1.927163 2.083952 22.525984
291 170.422882 135.308701 1.954146 2.616138 30.123457
292 170.909515 135.586731 1.185872 2.531588 53.998577
293 170.333908 135.302475 1.413699 2.068869 32.736717
294 170.294891 135.521820 1.613087 2.224050 73.334961
295 170.567062 135.409302 1.634173 2.437888 41.927013
296 170.099319 135.341095 2.122983 2.196176 19.969584
297 170.401947 135.351501 2.146438 2.379506 36.604053
298 170.603500 135.480316 1.479369 2.355110 85.614975
299 170.334564 135.437119 1.909028 2.636726 44.404007
300 170.505722 135.061737 1.879730 2.348781 37.320457
301 170.135147 135.345764 2.168050 2.181760 41.987850
302 170.182648 135.131866 1.812186 2.117204 59.253990
303 170.414322 135.282578 1.637050 2.458717 62.701359
304 170.216141 135.081375 1.872744 2.372898 84.541039
305 170.204895 135.613541 2.135688 2.710191 21.894577
306 170.037064 135.220749 2.142204 2.024516 18.777039
307 170.225266 135.206665 1.855787 2.154153 76.191269
308 170.278442 135.042252 2.168771 2.568017 15.487355
309 170.270187 135.367615 2.069068 2.439806 54.049717
310 170.091049 135.526077 2.473885 2.222430 34.045647
312 170.562012 135.405273 1.552315 2.340446 91.076393
313 170.122818 134.831818 1.598785 2.229013 70.654999
314 170.543549 135.152695 1.704932 2.314359 46.146587
315 170.082214 135.462387 1.691452 2.483472 69.490311
316 170.562561 135.196838 1.782814 2.863973 40.347740
317 170.265869 135.244781 1.444911 2.675953 70.786163
318 170.211533 135.239319 1.932722 2.213581 71.935959
319 170.345352 135.601074 1.595854 2.401510 75.491920
320 170.307632 135.131226 2.085723 2.284117 66.198944
321 170.167480 135.196976 2.450079 2.249591 39.623959
322 170.079636 135.583496 2.202537 2.366628 65.468468
323 170.114471 135.102295 2.007135 2.716719 72.151115
324 170.228973 135.140228 2.115058 2.304206 36.785690
325 170.311920 135.531616 1.994415 2.297477 48.117599
326 170.502472 135.089645 2.151717 2.304503 72.505493
327 170.048706 135.098404 1.655296 2.117346 59.380348
328 170.144836 135.440063 1.710905 2.198813 74.645630
329 170.076218 135.288696 1.981263 2.040958 43.094002
330 170.216095 135.066589 2.168381 2.318660 53.218140
331 170.333130 134.762054 1.869831 2.163594 61.552139
332 170.125168 134.966507 2.009063 2.156306 102.577583
333 170.243240 135.120483 2.056524 2.260843 66.695656
334 170.359207 135.072174 2.522050 2.182228 59.244724
335 170.193878 135.128220 2.395472 2.318598 57.814041
336 170.366608 134.956299 2.128587 2.369995 68.724899
337 170.066910 135.373947 2.111640 2.243464 80.177170
338 170.308334 135.180618 2.721482 2.419246 17.804169
339 170.298340 135.415802 2.586407 2.336021 36.997677
340 170.347519 135.354065 1.609372 2.353042 76.834412
341 170.292160 135.575470 2.322079 2.387606 53.571888
342 170.092926 135.203629 1.816422 2.182243 94.471771
343 170.395721 135.253693 2.309127 2.196353 54.105656
344 170.451492 135.191254 2.000157 2.328461 86.586349
345 170.219727 134.842834 2.164584 2.116618 30.618341
346 170.413147 135.175964 1.650771 2.186251 104.699165
347 170.288879 135.224442 1.872597 2.239997 113.870171
348 169.906647 135.236420 1.791264 2.359247 60.437534
349 169.996887 135.558456 2.440910 2.445974 50.386654
350 170.176880 135.435089 2.267572 2.180135 64.852234
351 170.077332 134.820282 1.852553 2.199279 60.139599
352 169.964996 135.247269 2.099331 1.956969 64.674446
353 170.323456 134.967865 2.028359 2.181140 54.631340
354 169.640915 134.970001 1.647441 2.173044 65.206154
355 170.452789 135.051025 1.664490 2.396700 77.522949
356 170.271591 135.319046 1.735492 2.523080 56.708248
357 170.656418 135.275787 2.311666 2.233313 48.279507
358 169.910156 134.998764 1.939300 2.444486 47.654339
359 170.389114 135.113770 2.065262 2.310574 106.436783
360 170.459915 135.442993 1.673223 2.549171 71.713745
361 170.072220 135.043137 2.140396 2.074365 78.240410
362 170.243973 134.950623 1.821580 2.494170 75.688004
363 169.906693 134.932678 2.085232 2.321768 53.408436
364 170.219238 134.863449 2.091365 2.228220 85.346565
365 169.898834 135.011368 2.008830 1.958390 61.068001
366 169.764252 134.989761 2.275141 2.268601 76.814079
367 170.012711 135.034210 1.754676 2.053439 74.128006
368 169.635742 134.799088 1.782673 2.296407 64.026817
369 169.775467 135.113876 2.015018 2.226019 66.411438
370 170.063965 134.868820 1.708092 2.218560 85.597733
371 169.602280 134.836655 1.723163 2.233713 94.531731
372 169.747757 134.561554 1.545182 2.416826 121.871574
373 170.312866 134.734070 1.723747 2.291304 91.686562
375 169.272461 134.358276 1.178535 2.302032 51.823803
376 169.323944 134.942276 1.582639 2.759345 69.466751
377 170.004623 134.663696 1.580033 2.483878 132.795624
378 169.354111 134.187057 1.622602 2.282405 118.173347
379 169.498825 134.146713 1.659126 2.243970 106.787270
380 169.148331 133.910263 1.206406 2.023691 54.849937
383 169.490875 134.066666 1.513689 2.183634 96.008926
384 169.369354 134.615067 1.549737 2.626918 95.939255
385 169.245407 134.087189 1.921789 1.981810 50.028595
386 169.392014 134.162277 1.505455 2.398402 92.731133
