%% Trajectory 319
387 100.569450 131.662109 1.294538 2.628094 34.965763
388 100.336067 131.656616 1.319890 2.205958 50.605808
389 100.032745 131.764481 1.773724 2.076453 93.594666
391 99.924294 131.771530 1.207489 2.345749 57.025116
393 99.953186 131.726379 1.386842 2.334703 96.310646
395 100.096893 131.442078 1.469018 2.268668 115.598618
396 100.063698 131.795425 1.245094 2.257305 139.473694
397 100.350021 132.045197 1.247030 2.292292 73.472641
400 100.525879 132.042969 1.478585 2.293315 148.729782
401 100.486122 132.163528 1.282608 2.371457 35.529129
402 100.537987 132.014359 1.732973 2.178852 83.587372
403 100.808601 131.749924 1.506032 1.940392 99.503548
405 100.773994 131.970734 1.839672 2.204625 84.554955
406 100.906914 132.024567 1.248914 2.092212 92.870522
407 100.697411 132.098740 1.064117 1.917938 51.489498
408 100.913116 131.936722 1.252363 1.978617 52.810505
409 100.546249 131.998062 1.659161 2.002867 87.441078
411 100.720795 132.268417 1.909539 2.075615 85.620979
412 100.862892 132.599655 1.682572 2.904469 37.687660
413 100.890427 132.324768 1.461769 2.366808 90.368370
414 100.505730 132.114807 1.016687 2.158166 39.046967
415 100.481270 132.081314 1.444360 2.312772 102.165230
416 100.543533 132.560410 1.403717 2.392799 98.625290
417 100.273651 132.431503 1.483093 2.255224 79.177475
418 100.444283 132.526138 1.293118 2.299535 55.343243
420 100.776955 132.291107 1.369598 2.614168 86.256737
421 100.374825 131.973938 1.538052 2.185332 76.974792
422 100.791107 132.864471 1.564857 2.226568 46.752151
423 101.159348 132.293579 1.509370 2.197701 57.673199
424 100.733582 132.382217 1.762585 2.386534 89.072060
425 100.279060 132.029465 1.331682 1.956327 51.277580
426 100.742340 131.888657 1.388795 2.312771 97.761131
428 100.752350 132.298447 2.185987 2.205632 84.622795
431 100.468269 132.654037 1.133921 2.767460 23.688276
433 100.461395 132.494461 2.131730 2.382312 84.599983
434 100.382538 132.406982 1.883906 2.491777 63.949375
435 100.857216 133.070740 1.836713 2.271919 82.181725
436 100.723122 132.641479 2.419980 2.126679 47.877712
437 100.738335 132.943954 1.989776 2.087371 61.320122
438 100.710724 132.841400 2.021122 2.017819 64.463921
439 100.753502 133.146133 1.979922 2.285065 80.419205
440 100.668457 132.642685 2.154509 2.159254 68.881561
441 100.726898 132.821808 2.055347 2.247818 60.477024
442 100.841309 132.782791 1.927630 2.398043 91.016273
443 100.916832 133.354416 2.206487 2.415496 69.483612
444 100.917320 133.576294 1.993694 2.493590 73.308670
445 101.364876 133.208313 2.065476 2.328749 80.994507
447 101.513680 132.970947 2.601055 2.261824 33.549168
448 101.147423 132.967575 3.085911 2.247557 12.358589
449 101.539940 133.058044 2.776658 2.360575 27.750261
450 101.925438 133.341339 2.032179 2.057885 83.814095
451 101.917633 133.042709 1.958568 2.122202 68.864746
452 101.976967 133.131622 2.822276 1.955439 8.534670
454 101.297874 132.971878 2.163384 2.180694 60.098053
455 101.754517 132.881287 2.674708 2.448383 14.735168
456 101.492355 133.377319 2.588079 2.387695 51.031998
457 100.833145 133.356094 2.867204 2.090584 9.750832
458 101.346870 132.871048 2.406181 2.191684 40.790359
459 101.218849 133.051743 2.413424 2.296262 70.183372
460 101.245766 133.090347 2.036483 2.170392 66.475937
461 101.236015 133.313583 1.960323 2.352718 89.836067
462 100.701988 133.433289 1.450624 2.401805 115.133286
463 101.351166 133.203552 1.879722 2.484863 94.931114
464 100.644386 132.838409 1.509704 2.094157 85.974358
465 100.790131 133.230408 1.645826 2.212172 120.040077
466 100.977661 132.949341 2.169322 1.935247 51.729019
467 101.402184 133.001419 2.740924 2.366143 34.688297
468 101.680679 133.314026 2.463586 2.250437 50.579998
469 101.390671 133.226608 1.984519 2.186420 45.917892
470 101.114227 133.537338 2.083457 2.053118 34.464348
471 101.197144 133.938538 1.319494 2.499313 88.233620
472 101.605659 133.885361 1.385820 2.729830 50.973274
