%% Trajectory 8
0 80.301773 39.809376 4.272044 2.213025 1.187702
1 80.262245 39.732964 4.241012 2.181798 18.270878
2 80.274750 39.618706 4.202835 2.278158 14.165048
3 80.265594 39.856884 4.478651 2.092654 1.539381
4 80.486107 39.741150 4.789536 2.288268 2.700012
5 80.416168 39.797298 4.693310 2.261837 12.655151
6 80.518539 39.810307 4.624267 2.210414 11.508755
7 80.488831 39.707409 4.530278 2.304562 13.345514
8 80.495743 39.842968 5.085251 2.297609 6.256533
9 80.527428 39.968403 4.594487 2.257584 11.013162
10 80.509834 39.859097 4.826746 2.256756 11.593782
11 80.611671 39.975903 4.545969 2.179615 13.300570
12 80.588585 39.862576 5.203310 2.274229 13.217185
13 80.631760 40.020267 5.279112 2.215173 0.233369
14 80.652863 40.111774 5.130163 2.172516 9.974887
15 80.677567 40.197231 5.194831 2.196796 1.424205
16 80.839195 40.311455 5.813768 2.222077 11.777645
17 80.681747 40.255646 5.654693 2.218651 0.701209
18 80.732544 40.349636 5.493745 2.238831 5.389457
19 80.799454 40.505318 5.289898 2.328902 3.538430
21 81.015717 40.533607 5.318717 2.371043 13.236532
22 80.909706 40.540272 5.388733 2.243093 15.876542
23 81.013847 40.617416 5.531334 2.168572 0.518064
24 81.095779 40.510647 5.213858 2.298343 4.630543
25 81.131165 40.566444 5.082258 2.289181 1.920352
26 81.103088 40.756042 5.830266 2.167118 0.456368
27 81.116951 40.475655 5.668806 2.281395 1.514174
28 81.239326 40.718822 5.761767 2.349237 0.033581
29 81.112709 40.705357 5.961480 2.226784 0.000011
30 81.294533 40.817406 6.196148 2.265254 0.000900
31 81.271973 40.853298 6.113062 2.233734 0.081011
32 81.262550 40.725559 5.976016 2.179620 1.290640
33 81.232300 40.710377 5.324841 2.195174 0.903102
34 81.264549 40.819733 5.540352 2.139982 6.879940
35 81.300285 40.860035 5.819275 2.263584 0.064380
36 81.296959 40.884460 5.469364 2.272832 0.016790
37 81.371597 40.867435 5.954105 2.250717 0.000033
38 81.360046 40.967976 5.921505 2.330755 0.002165
39 81.489075 40.978962 6.041764 2.316415 0.000000
40 81.566956 40.950104 5.478041 2.222034 1.147335
41 81.429733 41.088047 6.053136 2.289004 0.000069
42 81.524719 41.293015 5.865141 2.467830 0.090744
43 81.765549 41.266846 5.053642 2.389165 2.879350
44 81.961464 41.254253 4.847048 2.220501 1.870327
45 82.310997 41.372715 4.172180 2.513047 35.660751
46 82.688042 41.434483 3.524528 2.760631 16.170395
47 82.234276 41.917488 3.964122 2.376050 67.812454
48 82.506218 42.055382 4.341442 2.732580 5.823091
49 82.473221 42.082253 4.089745 2.619917 22.496662
50 82.336227 42.107944 3.774777 2.172014 39.477303
51 82.126839 42.186199 3.801357 2.196751 18.320690
52 82.093811 42.368015 4.214876 2.229412 20.372736
53 81.879120 42.409405 4.126692 2.255360 20.050163
54 81.686493 42.311661 4.446921 2.207636 16.580164
55 81.500771 42.249836 5.059462 2.255305 1.833573
56 81.036995 42.052368 5.730385 2.018844 0.000016
57 80.989861 41.796806 5.172427 1.939368 0.038687
58 81.103928 41.802967 4.446253 2.062911 15.817550
59 81.130508 41.826649 4.209698 2.058450 11.553740
60 81.313301 41.718758 3.505380 2.037153 20.078194
61 81.022926 41.851982 4.286769 1.931281 4.000003
62 80.816063 41.849171 3.772851 2.000057 31.741636
63 80.938904 41.691689 3.919907 2.069102 9.982455
64 80.933571 41.648834 3.877620 1.958915 5.381846
65 80.659042 41.559158 3.267136 2.077519 50.865444
66 80.811325 41.587955 3.538207 2.038905 18.871910
67 80.923027 41.738789 4.183796 1.982579 1.271122
68 81.012962 41.851089 3.800411 2.024996 28.366997
69 80.549545 41.948532 3.204390 2.060816 56.635597
70 79.611839 42.107487 3.239331 1.975970 32.939899
71 79.881027 42.119957 3.551149 1.920689 27.422583
72 79.867622 42.391136 3.011693 1.874781 32.821224
73 80.237061 42.335506 2.992894 2.062818 57.336750
74 80.149811 42.109585 2.935887 1.987085 45.640236
75 80.380806 42.441334 2.716066 2.162551 51.418930
76 80.078926 42.443134 2.227207 1.988884 71.164070
77 80.153458 42.554016 2.299944 1.988503 75.230751
78 79.832916 42.566357 2.480296 2.022468 58.641975
79 79.860016 42.092854 2.539981 1.826715 32.355156
81 80.467278 42.350864 1.575899 1.991132 119.664909
82 80.358231 41.828987 1.747373 2.028529 109.100212
83 79.698128 41.751480 1.709762 1.800603 71.891212
84 79.732323 41.955303 2.096952 1.782916 60.639862
85 79.703552 41.848186 1.347349 1.884299 122.937157
86 79.925613 42.318554 1.135213 1.711995 77.460129
87 80.300819 41.776276 1.686898 1.925381 105.744507
88 80.175659 41.813881 1.735101 1.890433 95.656593
89 79.678795 41.338181 1.742591 2.081689 173.504303
90 79.907433 41.799225 0.983542 1.770779 38.926758
91 79.801704 41.754532 1.646694 2.100787 151.979584
93 79.808258 42.506966 0.989462 1.900557 76.563774
95 79.969658 42.279068 1.074732 1.717803 79.265327
96 79.623352 42.526428 1.296313 2.182769 161.308426
