%% Trajectory 12
0 75.378014 52.898964 1.984265 1.976916 40.421951
1 75.488441 52.877457 2.207079 2.067447 39.431454
2 75.439461 52.947098 2.199976 2.047069 40.437359
3 75.569077 52.874645 2.751504 2.088758 2.533294
4 75.517982 52.862846 2.667955 2.166687 8.102829
5 75.622711 52.781410 2.633710 2.090478 4.235122
6 75.622665 52.890411 2.908057 2.029337 0.316153
7 75.631966 52.828602 2.651278 2.057466 11.691738
8 75.722755 52.852940 2.767259 2.006699 1.998316
9 75.861038 52.857620 2.912135 2.018423 0.828893
10 75.884834 52.862480 2.810044 2.012439 1.112443
11 75.877831 53.033443 3.026302 1.976237 0.579677
12 76.017319 52.923042 2.734339 1.994738 3.108771
13 76.014992 52.772667 3.000585 1.988575 5.740231
14 76.032829 52.843845 3.007394 2.044290 1.809492
15 76.089851 53.040287 3.181944 2.001595 1.694397
16 76.156631 52.938965 2.999691 1.984862 2.864268
17 76.075928 52.965115 2.869647 2.008800 7.706261
18 76.202209 52.988014 2.465068 1.961136 22.804993
19 76.223274 52.937881 2.787524 1.970159 8.325306
20 76.257561 53.019016 2.742223 1.975761 11.253195
21 76.434029 52.850548 2.971885 2.161411 7.151293
22 76.655327 52.834831 2.890436 2.102684 18.000963
23 76.744728 53.282104 3.434202 2.137715 0.823297
24 76.938637 53.555023 3.010528 2.172687 18.332434
25 76.900742 53.788891 3.323169 2.180162 8.782868
26 76.812492 54.128124 3.279852 2.078693 11.351775
27 76.981308 54.062691 3.402192 2.053977 6.259447
28 76.842461 54.267712 3.104819 2.036990 11.604115
29 77.070549 54.065636 3.311204 2.052993 7.369435
30 76.885963 54.058403 3.059061 2.073278 10.037078
31 76.634018 54.103226 2.740924 2.134993 12.231517
32 76.668922 53.708103 3.293834 2.282403 2.382811
33 76.744713 53.743320 2.638811 2.114441 18.490602
34 76.806717 54.107689 3.382632 2.049580 1.083639
35 77.259682 54.106777 3.491306 2.157264 2.009005
36 77.602890 53.692863 2.852864 2.166611 18.068903
38 77.550568 52.704136 2.491056 2.314761 41.014641
39 77.575424 52.976105 2.435781 2.488763 33.434219
40 77.823387 52.743576 2.397909 2.233780 35.542637
41 77.413033 52.896660 1.981384 2.114555 26.463182
42 77.537010 52.402798 2.452392 2.515807 45.187363
43 77.549911 53.123417 2.377813 2.460432 34.486580
44 77.026031 53.362080 2.419125 2.235566 9.687076
46 77.269363 52.253448 0.994023 2.376327 49.162891
47 77.450966 52.060375 1.402701 2.137524 40.504452
48 77.906532 52.263226 1.306534 2.382562 40.764523
50 77.482849 51.372997 2.120331 2.526664 13.293411
51 77.092773 50.733704 2.593353 2.073404 18.532162
%% Trajectory 48
52 77.311325 52.130718 2.113762 2.381989 20.568501
55 79.080978 53.098961 1.788352 2.413910 20.698734
57 78.584511 54.601360 1.923348 2.378193 32.591831
58 77.680946 54.628716 1.932459 2.296491 16.553534
59 77.405708 54.226250 1.757855 2.316788 22.380716
61 77.218010 52.608707 1.965870 2.188175 19.579088
62 77.390160 52.283840 1.629227 2.276457 27.306826
63 76.903435 52.564159 1.279234 2.088984 14.996497
64 76.657074 51.872643 1.707527 2.084390 21.826115
65 77.158577 51.881870 1.498759 2.108083 23.176727
66 77.328491 51.859108 1.408002 2.187020 19.173597
68 76.683189 50.877888 1.422343 1.926483 1.707355
70 76.602989 50.824448 1.132557 2.280373 59.094315
