%% Trajectory 123
106 61.585354 117.170364 0.954625 2.309932 139.583420
108 60.847408 116.721451 1.035243 2.539133 124.529106
109 60.967606 116.996704 1.199396 2.576732 106.969803
110 61.229424 116.674164 1.022013 2.392549 125.652092
111 61.094688 116.650467 0.911880 2.388976 87.585907
112 61.401043 116.768822 0.847879 2.186377 110.386314
114 61.276405 116.901161 1.210660 2.128457 124.744019
115 61.520229 117.263832 1.050818 2.210754 128.092499
116 61.407177 116.707558 1.111062 2.247325 121.792366
117 61.569309 117.110146 1.071501 2.023811 71.160255
118 61.406597 116.817116 1.057512 2.175294 96.883606
119 61.419006 117.061081 1.086028 2.175987 103.848206
120 61.499573 117.128136 0.930377 2.239414 73.387741
121 61.264576 117.259109 1.098959 2.130250 70.262146
122 61.366276 117.168556 0.978909 2.084690 99.774231
123 61.318554 117.232979 1.068493 2.270757 109.934700
124 60.807137 116.846924 1.060490 2.459550 79.277702
125 61.140884 116.996185 0.997569 2.454573 84.580849
126 61.035545 116.612091 1.054071 2.503576 76.713676
127 61.226707 116.925598 1.233303 2.330745 85.239594
128 60.953445 116.850281 1.151141 2.286989 138.365799
129 61.053181 117.053329 0.899627 2.076115 78.779152
130 61.434696 117.239708 0.979747 2.193878 152.150131
131 61.152485 116.689316 1.054373 2.330721 142.013809
132 61.073235 116.531921 1.049768 2.516021 143.133636
133 61.056667 116.505455 1.009260 2.486591 153.683075
135 61.467781 116.929649 0.894272 2.050929 111.449409
136 61.362766 116.876793 1.096111 2.083883 125.461021
137 61.357471 116.869118 0.959918 2.178855 99.386978
138 61.343578 117.033356 1.050943 1.998202 84.212723
139 61.075771 117.036530 1.006614 2.152386 142.188400
140 61.200577 117.123367 1.088730 2.019294 104.632324
141 61.297127 117.041977 0.995221 2.000300 131.015823
142 61.410793 116.865883 1.263867 2.272479 117.157776
143 60.874447 117.018181 1.134294 2.513783 145.833069
144 61.204796 117.215416 0.857634 2.172846 115.341812
145 61.273769 117.182487 0.985614 2.318593 131.073624
146 61.435356 116.933655 1.029271 2.108244 139.798203
147 61.565365 117.138474 1.001374 2.025003 98.897675
148 61.368668 117.025856 0.842575 1.995199 79.208832
149 61.303024 116.846123 0.972456 2.095628 127.523354
150 61.416279 117.128731 0.899266 1.962845 60.226604
151 61.488239 117.063126 0.868575 2.064383 140.393341
152 61.173882 117.178627 0.917552 2.184200 112.019112
153 61.497574 117.095078 1.037613 2.070469 154.109573
154 61.289703 117.177574 1.226298 2.228400 151.516098
155 61.456749 116.983971 1.174018 2.169055 137.488220
156 61.382389 117.055031 1.055425 2.028956 127.303490
157 61.283749 117.001236 1.022570 2.057591 104.651436
158 61.375881 117.192535 1.196274 2.037223 116.509384
159 61.258377 116.902321 1.496522 2.031890 96.477165
160 61.506485 116.876289 1.067453 2.176160 136.571884
161 61.427620 116.852516 0.915478 2.347928 93.938538
162 61.386490 117.072319 1.047008 2.160486 78.403015
163 61.382721 116.908745 1.304983 2.084818 113.527611
164 61.325104 116.977005 0.881559 1.919655 79.414650
165 61.244190 116.929649 1.142564 2.016292 123.213310
166 61.527584 117.029480 1.340192 2.114836 113.670082
167 61.398216 117.142685 1.219965 2.064986 104.865082
168 61.151009 116.924088 1.059312 2.018045 93.094025
169 61.410545 116.844971 1.168562 2.022306 88.394379
170 61.335487 116.962631 1.292956 2.042402 94.921684
171 61.015678 116.742462 1.091704 2.004397 70.020462
172 61.627048 116.660759 1.012609 2.206900 130.331268
173 61.486111 117.039795 0.835486 2.099941 128.675690
174 61.374683 116.734116 0.863572 2.159694 105.591843
175 61.124348 116.835625 0.889243 1.946941 97.997246
176 61.202724 117.164902 1.002356 1.986349 96.918709
177 61.278736 116.801781 1.172771 2.149608 100.435555
178 61.241348 116.862679 1.113928 2.149249 159.096497
179 61.194134 116.971619 1.222651 2.041232 115.855301
180 60.903606 116.686569 0.968082 2.316793 120.227997
181 61.285084 116.797722 0.878604 2.186342 127.249039
182 61.476959 116.813698 0.930607 2.262727 137.469254
183 61.232422 116.839859 1.352548 2.088186 121.204453
184 61.311634 116.989014 1.133542 2.116905 130.609070
185 61.427486 116.588379 1.208699 2.315074 161.084610
186 61.252308 116.795792 1.202353 2.125412 101.525574
187 61.299892 116.604523 1.427051 2.176581 90.419319
188 61.324211 116.651855 1.343655 2.145656 89.143288
189 60.830711 116.697945 1.411585 2.083188 98.380096
190 61.223713 116.679039 1.419696 2.151082 122.954285
191 60.969212 116.473061 1.353465 2.288057 123.272079
192 60.798084 116.553230 1.304014 2.344401 155.739731
193 60.715111 116.681236 1.261127 2.264904 140.140396
194 60.864105 116.398941 1.472828 2.127803 92.092743
195 60.982162 116.304710 1.368962 2.161386 105.651413
196 60.854702 116.321587 1.666658 2.149060 81.950951
197 60.652664 116.525589 1.536987 2.316601 90.526031
198 60.589867 116.283119 1.458161 2.200469 111.715988
199 60.754787 116.341187 1.429159 2.111753 124.372116
200 60.657108 116.557373 1.758508 2.179677 81.518982
201 60.540966 116.418716 1.521108 2.352978 123.683868
202 60.614613 116.443253 1.525574 2.280838 90.813950
203 60.435951 116.419106 1.683805 2.251736 87.968513
204 60.502502 116.157639 1.986482 2.158997 46.463642
205 60.643036 116.246857 1.541642 2.227498 144.643600
206 60.334457 116.404129 1.690428 2.240567 125.108002
207 60.420753 116.215248 1.710193 2.231248 111.285545
208 60.326115 116.284325 1.452119 2.137522 127.658676
209 60.494366 116.062920 1.634067 2.059790 93.235611
210 60.305161 116.149307 1.957122 2.087406 52.765579
211 60.061382 115.925613 2.000822 2.031668 35.199203
212 60.101032 115.738365 1.833683 2.130892 67.059624
213 60.074688 115.734886 1.508178 2.069954 102.403938
214 60.116886 115.572746 1.574983 2.143231 90.384666
215 60.242226 115.242493 1.123052 1.973805 74.830635
216 60.189236 115.197327 1.241488 2.142218 143.160843
217 59.904240 115.537865 1.482955 2.298303 100.042007
218 60.080643 115.310204 1.742666 2.012751 43.462711
219 59.867455 115.140945 1.606804 2.082819 89.384361
220 59.662800 115.644081 1.719841 2.145344 84.183929
221 59.678810 115.665817 1.969310 2.227714 59.330826
222 59.647694 115.398438 1.681532 2.168869 87.899391
223 59.784870 115.611946 1.916178 2.182350 60.761040
224 59.527634 115.821068 1.872249 2.341932 66.975983
225 59.670891 115.750687 2.159393 2.233002 37.284874
226 59.531898 115.572960 1.842826 2.386760 57.754021
227 59.531742 115.486076 1.957225 2.393120 65.470642
228 59.760723 115.167915 1.556998 2.194367 103.841446
229 59.385399 115.397446 1.524785 2.145393 96.709427
230 59.537399 115.377853 1.664299 2.418012 81.862564
231 59.241951 115.069626 2.155164 2.075278 37.948826
232 59.323494 114.971306 1.820293 2.053167 74.343689
233 59.447266 114.424263 1.708913 2.321491 95.649757
234 59.345173 113.919319 1.540374 2.349107 132.737106
235 59.281143 114.025345 1.910591 2.107917 66.722092
236 59.146729 114.002235 1.843679 2.031725 58.178474
237 58.895756 114.313354 1.911843 2.225731 59.421696
238 58.985363 114.234528 2.049364 2.160276 47.043983
239 59.312546 114.125603 1.868346 2.085986 68.750290
240 59.323479 114.783501 1.687590 2.273023 115.145317
241 59.260048 115.098396 1.642542 2.166202 96.511185
242 59.063202 115.300735 2.000324 2.146410 64.446716
243 58.630112 115.227608 2.153906 2.185992 37.169109
244 58.331375 115.078529 1.913239 2.417768 74.682350
245 58.236015 115.101662 1.699158 2.209169 94.443909
246 58.360928 115.120079 1.945245 2.230964 77.422523
247 58.466656 114.958717 1.674491 2.307287 144.388794
248 59.005035 114.890038 1.313029 2.020245 100.947800
249 59.344780 114.416168 1.109141 2.399678 152.251495
250 58.990135 114.556885 1.517325 2.176332 133.624115
251 58.707626 114.375061 1.225478 2.311726 124.688736
253 59.870419 114.057343 1.170308 2.162956 136.826950
254 59.456177 113.549965 0.986832 2.367154 139.609833
255 59.708298 112.704689 1.065189 2.006285 93.278030
256 59.711605 112.664330 0.780014 2.103743 64.583565
257 59.504150 112.968300 0.783528 2.035980 85.396240
259 59.971355 112.968918 0.769911 1.890621 81.680260
