%% Trajectory 66
38 43.896286 65.408524 0.498717 2.420219 214.901550
39 43.831841 65.243980 0.446147 2.080361 169.218063
41 43.624527 65.826759 0.492095 2.498082 196.679398
42 43.793449 65.207664 0.488054 2.251391 215.700378
43 43.737762 65.614815 0.510075 2.104479 192.881088
44 43.589840 65.226326 0.545748 2.087396 177.021835
45 43.605495 65.687416 0.654116 2.570248 233.291168
46 43.629936 65.460358 0.499663 2.413048 211.037796
47 43.629246 65.482773 0.575328 2.401990 202.132355
48 43.545822 65.294746 0.522196 2.300734 187.408310
49 43.523281 65.302124 0.503748 2.514683 145.128815
50 43.253033 65.421410 0.512171 2.446907 186.156754
51 43.503635 65.030640 0.567764 2.400489 186.730270
52 43.341465 65.396805 0.511909 2.259392 220.043106
53 43.260170 65.345398 0.585499 2.457212 220.748520
54 43.330509 65.236465 0.538177 1.995968 133.824203
55 43.358749 65.116959 0.596334 2.119758 202.618378
56 43.340118 65.355598 0.589401 2.291335 213.578735
57 43.244598 65.669090 0.666326 2.158576 214.383484
58 43.301701 65.487831 0.696393 2.326290 210.244415
59 43.102814 65.182205 0.719692 2.237429 289.373993
60 42.963036 65.453957 0.543991 2.273196 246.887543
61 43.129494 65.615334 0.516723 2.172764 167.527008
62 43.050392 65.684929 0.567326 2.527306 188.418839
63 43.030834 65.301163 0.516107 2.075606 166.373291
64 43.007786 65.397957 0.656930 2.332716 186.189224
65 42.914253 65.337456 0.616384 2.106210 164.545273
66 42.834755 65.563431 0.641704 2.251429 240.812546
67 42.627579 65.831085 0.694936 2.555756 203.185623
68 42.866711 65.926193 0.637052 2.082948 172.725952
69 42.654125 66.148178 0.647130 2.370508 208.348801
70 42.718967 66.068962 0.815524 2.379727 247.259796
71 42.754700 66.260338 0.826253 2.248466 205.377045
72 42.629768 66.305397 0.947196 2.332080 231.353745
73 42.582569 66.064293 1.044043 2.266634 176.132965
74 42.483910 65.995567 1.173245 2.312537 208.095734
75 42.323177 65.793114 1.117496 2.108647 197.290375
76 42.073128 65.694244 1.023703 2.267843 233.796692
77 42.019203 65.909729 0.879134 1.975934 146.435837
78 42.206669 66.098938 0.884682 2.119721 206.371658
79 42.313927 66.571907 0.975711 2.299751 224.254456
80 42.367641 66.329445 1.076300 2.404822 196.971512
81 42.189842 66.670250 1.000339 2.133953 176.422775
82 42.146221 66.096344 0.882878 2.174964 209.197098
83 42.148235 65.836769 0.807324 2.152335 216.483551
84 42.174358 66.309486 0.788805 2.228362 190.172668
85 42.507481 66.103508 0.755385 2.249582 233.967743
86 41.924915 65.716507 0.747364 2.286977 211.379379
87 41.970081 66.157425 0.805302 2.212615 174.374496
88 41.857216 65.958099 0.853411 2.298496 223.282455
89 42.203026 65.934090 0.819817 2.488019 193.854172
90 42.161549 65.677612 0.635710 2.250278 178.923798
91 42.189270 66.140541 0.569857 2.291327 115.175652
92 42.053982 65.898720 0.561181 2.126356 149.936356
93 42.022362 65.840721 0.610517 2.374082 146.324188
94 41.917934 66.128342 0.704979 2.277740 180.861618
95 42.139057 66.244293 0.672446 2.118922 138.817932
96 41.714642 66.352470 0.660879 2.228114 174.613220
97 41.570011 66.602379 0.732736 2.429522 226.842392
98 41.202084 66.639961 0.699630 2.235350 189.186020
99 41.239841 66.557175 0.526983 2.238705 132.119217
