%% Trajectory 79
138 36.619427 104.511124 0.954327 2.143700 46.231350
139 36.816299 104.365715 1.083343 1.799959 18.579155
140 37.108105 104.429070 0.789119 1.807496 9.967868
141 36.756065 104.713158 0.833062 1.713567 5.964931
142 36.820763 104.583984 0.996509 1.756825 28.164091
143 36.559551 104.449295 1.073277 2.016882 25.076647
144 36.642223 104.511620 1.363713 2.092751 85.526428
145 36.723892 104.680901 1.129098 1.870858 34.637280
146 36.645153 104.535530 1.018975 1.895859 42.353928
147 36.874138 104.600342 1.335197 1.786228 31.156326
148 36.756699 104.508080 1.078427 1.927256 39.345158
149 36.704155 104.602905 1.139991 1.851162 42.208881
150 36.482113 104.508904 1.412077 2.205091 55.044094
151 36.745033 104.548706 1.221440 1.973654 50.421104
152 36.723251 104.596703 1.164703 1.797008 23.569677
153 36.467155 104.417030 1.857639 2.165647 52.345352
154 36.704521 104.562889 1.616088 1.940079 52.604465
155 36.602539 104.282562 1.851169 2.019276 61.725979
156 36.583542 104.607590 1.456281 2.053033 61.330917
157 36.788349 104.630043 1.704502 2.003372 61.003365
158 36.629780 104.690361 1.586568 1.906006 65.589996
159 36.633152 104.403053 1.684473 2.094173 68.636078
160 36.629871 104.747185 2.006261 2.049920 45.440048
161 36.389317 104.799568 2.190751 2.057601 52.290436
162 36.453682 104.981110 2.343400 2.340279 63.661060
163 36.391148 104.994560 2.371080 2.413773 67.036720
164 36.503433 104.859497 2.299378 2.473202 67.012695
165 36.499756 104.933189 2.059472 2.267046 64.142715
166 36.392418 104.916351 2.584444 2.360193 46.618046
167 36.532955 104.656845 2.287853 2.453654 64.202278
168 36.421566 104.677322 2.025337 2.528804 74.391312
169 36.346222 104.841347 2.012506 2.454836 50.436333
170 36.611584 104.807808 2.207036 2.148162 72.342529
171 36.516762 104.687302 1.994295 2.287774 86.639549
172 36.597260 104.897209 2.089576 2.040105 47.200596
173 36.473804 104.829163 2.816492 2.272814 27.379253
174 36.437927 104.713799 2.597638 2.347554 36.296825
175 36.534294 104.875099 3.035440 2.198490 45.270515
176 36.462440 104.812370 2.705625 2.439898 12.250015
177 36.671364 104.465607 2.643314 2.138735 31.742022
178 36.621655 104.523682 3.533799 2.163898 43.366638
179 36.598877 104.826897 3.179805 2.028789 32.415272
180 36.633156 104.680595 3.543368 2.083635 23.065966
181 36.559799 104.738953 2.973174 2.106544 25.001431
182 36.614624 104.709267 3.511238 2.016049 26.877630
183 36.596413 104.810966 3.766866 2.011202 24.651001
184 36.600624 104.782555 3.291969 1.936130 25.694105
185 36.546539 104.848694 3.407920 1.961702 23.225279
186 36.618240 104.925636 3.768492 1.905328 20.804605
187 36.867584 104.892448 3.287434 1.912522 5.065650
188 36.705559 104.797661 3.506699 1.891015 24.662554
189 36.722969 104.955582 3.304328 1.931537 32.644615
190 36.847664 105.026711 3.830625 1.940855 24.701748
191 36.906261 105.121307 4.025708 1.959235 17.981476
192 36.820278 105.104591 3.354195 1.976667 10.153163
194 36.854420 105.212898 3.981071 2.023184 23.972187
195 36.865528 105.307739 3.842483 1.949066 15.676615
196 36.880920 105.210060 4.619783 1.985591 2.850736
197 36.970425 105.245125 4.511509 2.040021 27.843801
198 37.091106 105.262329 3.943205 1.978073 14.685790
199 36.895725 105.366104 4.083596 2.025109 11.984730
200 36.982765 105.424767 4.329432 2.078551 13.499185
201 37.001270 105.546074 4.121380 2.046077 13.118226
202 37.040649 105.585678 4.634558 2.020247 9.570997
203 36.956894 105.618698 3.879761 1.984855 13.844890
204 36.936203 105.656624 4.268732 2.095697 1.799124
205 37.161312 105.851440 4.239424 2.082983 6.583174
206 37.474991 105.736282 4.188756 2.200022 12.070971
208 38.237206 104.955353 3.610833 2.024246 13.471226
209 38.295509 104.666702 3.861459 2.162399 14.546926
211 38.404106 104.745049 3.216561 2.208218 14.713718
212 38.412205 104.422874 3.485882 2.378199 11.558928
213 38.512939 104.264732 3.131589 2.253311 2.454988
214 38.647717 104.199936 3.566787 2.200301 12.931879
215 38.692993 104.222404 3.651848 2.187242 4.276668
216 38.537189 104.275558 3.610519 2.280964 5.251723
217 38.307148 104.491379 3.518594 2.276103 21.161070
218 38.313171 104.083534 3.034540 2.047261 23.437086
219 38.531330 104.253632 3.262915 2.275686 5.226339
221 38.712215 103.895157 3.664392 2.077373 0.165479
222 38.660686 103.678864 3.462273 2.238542 0.127029
223 38.845604 103.532715 3.986609 2.211615 0.000290
224 38.755596 103.678001 3.989378 2.180908 0.025813
225 38.588413 103.836121 3.565565 2.144584 2.035049
226 38.737694 104.118263 2.889210 2.012841 22.351191
229 39.157299 103.760643 4.877367 2.124798 0.000000
230 39.398598 103.410255 4.707493 2.285986 0.000000
231 39.255680 103.505463 4.648448 2.327113 0.000049
232 39.531895 103.389603 4.873603 2.316674 0.000088
234 39.882065 103.136169 4.060990 2.055614 1.304020
235 39.714939 103.016739 4.351559 2.090901 0.000712
237 39.245094 103.211861 3.186090 2.208033 15.314398
238 39.580681 103.053230 2.691239 2.312619 52.344654
239 39.069767 103.293701 3.401004 2.029019 11.729534
240 39.369255 103.319275 4.295190 2.189591 0.000313
241 39.653160 102.887070 3.956690 2.044033 0.050362
242 40.182430 102.722923 4.194260 2.060786 0.000027
244 41.433681 102.025421 3.528976 2.282910 8.457376
245 41.841530 101.941170 3.189089 2.218810 10.146911
247 40.358429 102.177200 3.030132 2.109178 16.815943
249 39.276295 102.062874 2.750549 2.019394 30.237112
250 39.457104 102.480690 2.846916 2.380430 44.808376
251 40.094700 102.424301 2.643952 2.135641 32.883183
254 42.111816 101.416008 2.280452 2.408192 38.696667
255 42.215786 101.689430 1.701104 2.483611 67.295815
256 41.902649 101.251671 1.461850 2.552436 71.147560
258 42.574844 99.572693 1.222608 2.657999 77.376503
260 43.083347 98.826340 1.875955 2.869631 34.170628
