%% Trajectory 1551
200 170.611969 223.559067 0.482349 4.663336 74.367805
201 170.499863 223.267990 0.698529 3.977998 261.074127
202 170.116302 223.070755 0.891921 4.312006 156.017517
203 170.334152 223.006775 1.628676 3.914830 164.918396
204 170.518173 223.073639 1.637233 3.832808 139.808365
205 170.214935 222.696075 1.700359 3.651427 146.968155
206 170.482193 222.867264 1.956868 3.841170 115.565781
207 170.373886 222.974777 2.383420 3.666334 52.656384
208 170.337814 222.919830 2.205386 3.548671 44.071560
209 170.530090 222.887589 1.779115 3.753579 124.257271
210 171.020569 222.730423 1.033282 3.362552 212.107590
