%% Trajectory 1170
206 185.759171 159.311859 1.835020 4.884653 48.288757
207 185.897644 159.367630 1.862539 4.617956 60.430305
208 185.158920 159.475067 1.747206 3.106304 52.239265
209 185.814133 159.532349 2.117728 5.053183 21.680035
210 185.806610 159.348083 2.358503 4.830146 39.967186
211 185.791687 159.382111 2.470538 4.683735 49.385403
212 185.870132 159.395004 2.765493 4.778900 54.897320
213 185.852310 159.440262 3.124979 4.583291 42.977650
214 185.707840 159.357162 3.415604 3.938995 62.254906
215 185.735046 159.373901 3.097181 4.252869 69.475433
216 185.722214 159.574753 3.585328 3.899684 53.067539
217 185.766739 159.619217 4.246713 3.571051 39.215504
218 185.872787 159.603394 5.515322 3.790121 13.919827
219 185.910950 159.634293 5.229658 3.635349 21.456858
220 186.131561 159.631256 5.502537 3.618152 17.353718
221 186.247116 159.637222 6.929822 3.628346 2.138377
222 186.205215 159.566025 6.408449 3.650319 26.199402
223 186.283188 159.466965 5.468106 3.785853 46.577412
224 186.222717 159.500977 5.545582 3.692300 44.136536
225 186.181595 159.525467 4.787903 3.790798 25.434044
226 186.057999 159.629807 3.794357 3.574289 57.680702
227 186.150330 159.433838 2.103466 3.916543 152.554535
