%% Trajectory 955
167 168.064255 218.598114 1.359699 4.693130 69.584122
168 168.493301 218.928711 1.299024 4.690195 46.291805
171 166.567978 222.794830 1.426974 6.024116 28.777901
173 166.784943 222.854507 1.336759 5.034684 17.386791
174 166.223267 223.531784 1.626141 3.292550 113.074089
175 166.449509 223.364883 2.416234 3.690652 114.085815
176 166.397278 223.597717 3.129227 3.517782 69.669083
177 166.389923 223.495911 2.941839 3.584399 91.644691
178 166.408920 223.700882 2.733142 3.388571 75.762161
179 166.468277 223.709229 3.596990 3.661553 20.700846
180 166.609741 223.744232 4.233346 3.622225 28.329227
181 166.689651 223.826279 4.479040 3.552668 23.021807
182 166.843704 223.871902 4.427160 3.431375 17.398333
183 166.794861 224.043777 5.345261 3.498025 28.627350
184 166.864319 224.029175 5.662383 3.374846 11.392817
185 166.809525 223.995071 6.252070 3.434608 10.627276
186 167.029083 223.992279 6.547840 3.560395 10.112988
187 166.921234 224.134415 5.991116 3.489173 17.779081
188 166.912582 224.200226 5.458751 3.583037 11.571056
189 166.942261 224.125839 5.569857 3.721215 11.740797
190 166.911362 224.046173 5.148290 3.683641 14.324923
191 167.198547 224.199219 3.998738 3.968173 60.492489
192 167.716705 223.945801 3.290909 5.075325 22.611387
193 168.538773 223.562668 2.970045 4.973568 37.425377
194 169.407059 223.446182 2.539814 4.801802 33.793449
195 170.186218 223.138916 2.155912 3.694508 140.433517
196 170.182205 223.091751 2.249758 3.532554 120.049049
