%% Trajectory 1732
224 335.160217 290.947052 1.168132 3.810578 225.072433
225 335.359131 290.701477 2.379268 3.712559 77.786194
226 335.216003 290.503998 2.922719 4.030474 82.361343
227 334.735382 290.500488 2.967082 4.123390 34.851871
228 334.878387 290.587952 3.095156 3.872134 34.617294
229 334.719910 290.933167 2.444107 3.859884 47.891830
230 335.095123 290.976593 1.757809 3.737531 128.774109
231 335.142365 290.719818 0.904105 5.236551 33.746391
234 338.217010 293.431946 1.054302 3.925519 224.481659
235 338.058746 293.539001 1.272921 3.725342 216.983093
236 337.843964 293.639893 1.361184 3.700646 194.421127
237 337.208496 293.184937 1.145298 3.526742 162.609573
238 337.849701 294.213898 0.585315 3.460214 151.952957
