#                 frames                   t (s)                 x (pxl)                 y (pxl)                       f
                    13.0       26.20440000000005                     nan                     nan                     nan
                    14.0      26.308800000000048                     nan                     nan                     nan
                    15.0      26.413200000000046                     nan                     nan                     nan
                    16.0      26.517600000000044                     nan                     nan                     nan
                    17.0      26.622000000000043                     nan                     nan                     nan
                    18.0       26.72640000000004                     nan                     nan                     nan
                    19.0       26.83080000000004                     nan                     nan                     nan
                    20.0      26.935200000000037                     nan                     nan                     nan
                    21.0      27.039600000000036                     nan                     nan                     nan
                    22.0      27.144000000000034                     nan                     nan                     nan
                    23.0      27.248400000000032                     nan                     nan                     nan
                    24.0       27.35280000000003                     nan                     nan                     nan
                    25.0       27.45720000000003                     nan                     nan                     nan
                    26.0      27.561600000000027                     nan                     nan                     nan
                    27.0      27.666000000000025                     nan                     nan                     nan
                    28.0      27.770400000000024                     nan                     nan                     nan
                    29.0      27.874800000000022                     nan                     nan                     nan
                    30.0       27.97920000000002                     nan                     nan                     nan
                    31.0       28.08360000000002                     nan                     nan                     nan
                    32.0      28.188000000000017                     nan                     nan                     nan
                    33.0      28.292400000000015                     nan                     nan                     nan
                    34.0      28.396800000000013                     nan                     nan                     nan
                    35.0       28.50120000000001                     nan                     nan                     nan
                    36.0       28.60560000000001                     nan                     nan                     nan
                    37.0      28.710000000000008                     nan                     nan                     nan
                    38.0      28.814400000000006                     nan                     nan                     nan
                    39.0      28.918800000000005                     nan                     nan                     nan
                    40.0      29.023200000000003                     nan                     nan                     nan
                    41.0                 29.1276                     nan                     nan                     nan
                    42.0                  29.232     0.45097960406935833    -0.11933063597587806                 1.33828
                    43.0                 29.3364    -0.08189658260005493      0.4995708673876803                1.581979
                    44.0      29.440800000000003     0.18775493936290233     -0.0868111175573354                1.771356
                    45.0                 29.5452     0.37017654202169037    -0.06345660543646321                1.267859
                    46.0                 29.6496       0.272586792145578    -0.23060816241730747                1.876837
                    47.0                  29.754     -0.1824002274277142    -0.04879854042548602                1.574222
                    48.0      29.858400000000003    -0.03814306675975973     0.09229945104149251                 1.69195
                    49.0                 29.9628    -0.21407866212131443   -0.034406213290378955                1.463073
                    50.0      30.067200000000003                     nan                     nan                     nan
                    51.0                 30.1716     0.07881564725470541    -0.03909534755448536                2.020848
                    52.0      30.276000000000003     0.10421402162758248     0.29944465936377657                1.922533
                    53.0                 30.3804      0.4262486350324206    -0.13490624869236817                1.710662
                    54.0                 30.4848    -0.05724940401098204    -0.14376479548016022                 1.80025
                    55.0                 30.5892    -0.17673955227860352   -0.008094268452445586                1.474593
                    56.0                 30.6936    -0.08325020688622552    -0.10530699592217949                1.664955
                    57.0      30.798000000000002    -0.27676030280021796     -0.1295024404594801                1.852787
                    58.0                 30.9024      0.2346105485871817    -0.07910103524770656                 1.80754
                    59.0      31.006800000000002     0.33222660806154714    0.013390686320757322                1.799394
                    60.0                 31.1112     0.17253707462350693   -0.016152312686523777                1.588672
                    61.0      31.215600000000002     0.30140955433414907    -0.22335488289556082                1.870169
                    62.0                   31.32      0.3077620634197036    -0.10444469713202614                1.611491
                    63.0      31.424400000000002     0.33859391631891345    -0.14940117660720287                1.732757
                    64.0                 31.5288     0.47108629969825233      0.0940693407998535                 1.89573
                    65.0      31.633200000000002      0.1339482176214742    -0.06694987569182013                1.416809
                    66.0                 31.7376     0.11641315472550749   -0.039942706972487446                1.853387
                    67.0      31.842000000000002     0.22863697800075733     -0.1450253863135103                1.426232
                    68.0                 31.9464     0.23330511175676122   -0.038015386966557485                2.250364
                    69.0                 32.0508    -0.04172020772783694     0.07396309820092192                2.116573
                    70.0                 32.1552      0.3852183364379279    -0.06357114250161389                2.703706
                    71.0                 32.2596     0.30375042838313865     0.13228181995536642                1.939041
                    72.0      32.364000000000004     0.05524080835498138    0.023567187630839176                1.915319
                    73.0                 32.4684     0.18523230620250541    -0.13877312111704995                2.089537
                    74.0                 32.5728     0.15850650914045838    -0.15693729369381026                2.567342
                    75.0                 32.6772      0.3919696949278387    -0.12929847325938673                2.121047
                    76.0                 32.7816     0.28560543713855263     0.04582705551907448                2.039827
                    77.0                  32.886     0.21803439033149896     0.04895356689717742                1.816969
                    78.0                 32.9904      0.0414799378742522  -0.0033545756957558534                2.014419
                    79.0                 33.0948      0.1852480618430026    0.037871479312053216                2.266197
                    80.0      33.199200000000005     0.06173717270498931    0.016185123201952208                2.183488
                    81.0                 33.3036      0.1809369000925255    -0.05800217287852687                2.448443
                    82.0                  33.408     0.12566839383630693   -0.039485562573034205                2.231287
                    83.0                 33.5124      0.1250316707905962     -0.0047802133345796                2.450341
                    84.0                 33.6168      0.3931683082103491    -0.11511438727547889                2.599595
                    85.0                 33.7212      0.3542804433911582   -0.015239014275901679                2.182869
                    86.0                 33.8256      0.4467581952895795    -0.20790832041679902                1.691215
                    87.0                   33.93      0.3515582569973346    -0.11423117096639221                2.373297
                    88.0      34.034400000000005  -0.0013272936940189155    -0.03807546516392146                1.932743
                    89.0                 34.1388    -0.12614152144566768    -0.10861363596352744                1.921906
                    90.0                 34.2432     0.16359228875688092   -0.020611498912749326                2.377355
                    91.0                 34.3476     0.14801344475769174      0.1139081109872596                2.346904
                    92.0                  34.452    -0.02592573665499462   -0.021881266205828486                2.170434
                    93.0      34.556400000000004    -0.06011460668641361    -0.20459620054883834                2.092765
                    94.0                 34.6608     0.03716557873571099    -0.10980579465648113                 2.38952
                    95.0                 34.7652    -0.09838520921447552    -0.17137144852360142                 2.23666
                    96.0      34.869600000000005     0.07439196798204314    -0.07721830083322666                 3.15068
                    97.0      34.974000000000004     0.24126939237403192    -0.23351620807542525                2.391769
                    98.0                 35.0784     0.08185449829439057    -0.07359076084899628                2.471664
                    99.0                 35.1828    -0.08783556900547006    -0.08468672181548823                2.813637
                   100.0                 35.2872     0.19057699023528019   -0.029907004930264297                 2.60243
                   101.0      35.391600000000004     0.04237663578944012    -0.18826423163034128                2.927733
                   102.0                  35.496     0.03573260477237748   -0.003488008135965835                2.779979
                   103.0                 35.6004     0.09788277333371385    -0.11115972602323021                2.553833
                   104.0      35.704800000000006    -0.10912520734594848    -0.06760654882657259                2.453331
                   105.0      35.809200000000004    0.033427939255696926    -0.05240117780278009                3.122075
                   106.0                 35.9136      0.1184336537330524    -0.25015486215328775                3.102932
                   107.0                  36.018      0.1336411147618376    -0.04262252002306849                3.311529
                   108.0                 36.1224    -0.09857295592214917    0.043624243842953214                2.752441
                   109.0                 36.2268     0.12451044244455031     0.03337698381105955                3.529859
                   110.0                 36.3312     0.18649172827467814     0.07304103584619416                 3.58636
                   111.0                 36.4356     0.13114887827514624    -0.10604173598554673                3.832408
                   112.0                   36.54     0.07621821140548368     0.01609747530327981                3.738088
                   113.0      36.644400000000005     0.11124164856733915     0.11294311671975833                3.789541
                   114.0                 36.7488      0.1366750064034628    0.029799846870787003                 4.30244
                   115.0                 36.8532     0.23011263897447282    -0.03206240808749823                3.872911
                   116.0                 36.9576      0.4454540283838775   -0.015943985607735994                3.699698
                   117.0                  37.062     0.22051546209210687     0.13413847488517155                3.498668
                   118.0                 37.1664     0.33145138494157245      0.2397103163180523                4.263875
                   119.0                 37.2708      0.3295417380957852      0.1381233300603385                4.038275
                   120.0                 37.3752   -0.005679169377547074    0.029962375983748193                3.840103
                   121.0      37.479600000000005     0.15881936482041498    0.008465476120724121                3.495103
                   122.0                  37.584     0.19297816663405998    0.007533143746003352                3.998796
                   123.0                 37.6884    0.044825881246920905    -0.08203147080446702                3.957479
                   124.0                 37.7928     0.22130891097916947     0.06139865960588319                4.161892
                   125.0                 37.8972     0.11871476477533571   -0.017023067878930116                3.887571
                   126.0                 38.0016     0.09579130771148121    -0.13655178504865823                3.746976
                   127.0                  38.106     0.16669461934402566    -0.03316802020361342                 3.93552
                   128.0                 38.2104      0.1868593859811405    -0.07871847836234838                4.746444
                   129.0      38.314800000000005     0.14133223915402798   -0.023254275043610925                4.173535
                   130.0      38.419200000000004      0.1010611595964469    -0.08533961499005592                4.672509
                   131.0                 38.5236   -0.016983442424650146    -0.04395106146760927                4.038156
                   132.0                  38.628     0.08780138564095857    -0.05491896337559108                4.675842
                   133.0                 38.7324     0.05149857583810248   -0.001270371926991633                4.206708
                   134.0      38.836800000000004   -0.055080629169971494    0.016236329671156152                4.400567
                   135.0                 38.9412      0.0526553734654548   -0.013998216019765228                4.363742
                   136.0                 39.0456     0.13213051761727226    -0.06364191397880345                 4.53889
                   137.0      39.150000000000006    0.025190628735907987    -0.06543088464526632                4.359488
                   138.0      39.254400000000004    -0.04206271717930568     0.06675703129340199                4.739007
                   139.0                 39.3588      0.1416747153797658    -0.09153934076105222                4.832399
                   140.0                 39.4632      0.1333220677082048      0.0879557761136868                4.179571
                   141.0                 39.5676     0.03857589506909126  -0.0021372304752790257                4.712592
                   142.0      39.672000000000004    -0.00823454599302323    -0.07877818490939496                4.295897
                   143.0                 39.7764    -0.03226327255330862    -0.13275961875371767                4.416824
                   144.0                 39.8808   -0.010821565438670668    -0.06409304918010476                4.877185
                   145.0      39.985200000000006     0.16847157100625812    0.002214251780948296                4.342362
                   146.0      40.089600000000004    0.030306436228114242   0.0008092234064507597                 4.37237
                   147.0                  40.194    -0.02766289266765841    -0.06934272861466953                4.358609
                   148.0                 40.2984    0.009835422558417023   0.0034004185622674428                4.659148
                   149.0                 40.4028     0.11801230456696336     0.02490967201076152                4.504031
                   150.0                 40.5072     0.08136937835330375   -0.008755831037638408                4.367021
                   151.0                 40.6116    -0.03214365240251128     -0.1485706078125828                3.882461
                   152.0                  40.716     0.09275397904188122    -0.03980212969242407                4.114893
                   153.0                 40.8204    -0.06265244811470927      0.0467798665794443                4.245233
                   154.0      40.924800000000005    -0.06298720108751071   -0.026629089614248404                4.093392
                   155.0                 41.0292     0.14317339570895687    0.021821390037903936                3.975304
                   156.0                 41.1336     0.03331373482127427   -0.003406196403196171                3.971825
                   157.0                  41.238     0.07996562690710708    -0.03471753750848509                4.117441
                   158.0                 41.3424     0.10431416192728962   -0.026096772613661758                3.953793
                   159.0                 41.4468    0.013403153745762602    0.027154135748725168                3.876122
                   160.0                 41.5512   -0.015384055258001354    0.021080314564973873                4.047386
                   161.0       41.65560000000001   -0.006175144006863753    0.022091339573791457                4.003596
                   162.0      41.760000000000005     0.06412433630812024   -0.037744081603331814                3.908468
                   163.0                 41.8644   -0.016212477281899434    0.013920948535057282                 4.10561
                   164.0                 41.9688     0.04780374736858997     0.08655261137224794                4.040693
                   165.0                 42.0732     0.10180243738556442   -0.013832089461350472                4.154964
                   166.0                 42.1776      0.0642142356013544    -0.09076117529128747                4.128786
                   167.0      42.282000000000004    -0.07041551820945866  0.00042726100323259644                 4.17656
                   168.0                 42.3864    -0.02086637630767211    0.057303644035190636                3.725859
                   169.0       42.49080000000001      0.1143865453671643    -0.11668591075307563                 4.35235
                   170.0      42.595200000000006   -0.032280129635968505     0.10400678691616205                4.412781
                   171.0      42.699600000000004     0.05909945704663809    -0.00893365959310407                4.320426
                   172.0                  42.804      0.0390349330372809    -0.03132738171064937                5.250272
                   173.0                 42.9084    -0.06139676588760313   -0.031275844705156174                4.642447
                   174.0                 43.0128      0.0809329284940092   -0.007859326982804404                4.914705
                   175.0                 43.1172   -0.032100500243081476    -0.07557326061495917                5.351465
                   176.0                 43.2216    0.016568045438988918    0.011851396857590861                4.612693
                   177.0                  43.326     0.14426882700556568     0.00958067444304279                5.066792
                   178.0      43.430400000000006     0.07482195704047528    -0.03285397202719868                4.757172
                   179.0      43.534800000000004   -0.009791582982807932   -0.051115832138663095                4.724638
                   180.0                 43.6392     0.12443127528350584    -0.14662366607820135                4.017277
                   181.0                 43.7436     0.16378620826402557     0.02141109310898241                3.444081
                   182.0                  43.848     0.18822508811894786    -0.07467907163974392                4.290515
                   183.0                 43.9524     0.06733608684247448     -0.2025396150273536                4.261965
                   184.0                 44.0568  -0.0009953649882058309   -0.055232266274103166                4.766107
                   185.0                 44.1612     0.07192529642532242    -0.17679867191322995                4.573903
                   186.0      44.265600000000006                     nan                     nan                     nan
                   187.0      44.370000000000005     0.15976298164032712     -0.3242736397452957                4.099475
                   188.0                 44.4744    -0.03473188080436259    -0.20872118452420013                4.474549
                   189.0                 44.5788    -0.12276679882479946    -0.15291828196406176                4.360764
                   190.0                 44.6832     0.02719504941596524     -0.2615019921107241                4.867602
                   191.0                 44.7876     0.14462497326030435    -0.22243376754246724                4.420829
                   192.0                  44.892     0.04035761487911317    -0.21304367269672855                4.611164
                   193.0                 44.9964     0.13081820460041502    -0.15324115940277533                 4.95762
                   194.0       45.10080000000001     0.20295571730766643   -0.016719948356996524                4.028088
                   195.0      45.205200000000005      0.1270794594315487      -0.078973246347656                4.582396
                   196.0                 45.3096     0.15242621113066612    -0.06846544979921311                4.897797
                   197.0                  45.414     0.15240622582460298    -0.09703936917662961                4.669729
                   198.0                 45.5184     0.09287419707580805   2.635218627868377e-06                4.464345
                   199.0                 45.6228     0.17996036481898417    -0.23987470296445915                4.672554
                   200.0                 45.7272      0.2805769144269523    -0.08614683282379693                4.217694
                   201.0                 45.8316      0.2743025031808547    -0.13197045368153865                4.548622
                   202.0       45.93600000000001     0.21105095582630715    -0.07355416568532264                5.040911
                   203.0      46.040400000000005     0.34345973824978554    -0.21899442871498334                4.590912
                   204.0      46.144800000000004      0.3163730208082905    -0.22136458867683628                4.455372
                   205.0                 46.2492     0.30594058012450365    -0.06778670579856079                4.357678
                   206.0                 46.3536      0.3796525765395093    -0.08866160696032005                4.147785
                   207.0                  46.458     0.43824988984469393    -0.08152295642848004                3.522697
                   208.0      46.562400000000004      0.6167174771927247     -0.2209706900320713                3.407512
                   209.0                 46.6668      0.5818948050479406    -0.11936986273867758                 4.15354
                   210.0       46.77120000000001      0.6472307107166043    -0.12478719145816503                4.064068
                   211.0      46.875600000000006      0.5620601379268321    -0.15338601415525827                3.827772
                   212.0      46.980000000000004      0.6189641117211552     0.03127793071598682                3.491014
                   213.0                 47.0844      0.6112301686535941    -0.20206008626072025                4.073583
                   214.0                 47.1888       0.572469620051742     -0.3095405906328207                3.843295
                   215.0                 47.2932      0.7997500813165394      -0.263148794501775                3.565689
                   216.0                 47.3976      0.4830310056987378     -0.2384485470371076                 3.30193
                   217.0                  47.502      0.7576799285623735    -0.20232595777705237                3.600288
                   218.0                 47.6064      0.7512495605803189     -0.1816239623994169                3.709449
                   219.0      47.710800000000006      0.7231430969896235    -0.25796668244808174                3.452924
                   220.0      47.815200000000004      1.0107650584352794    -0.24089126095514685                2.773333
                   221.0                 47.9196                     nan                     nan                     nan
                   222.0                  48.024      0.9294340658266604    -0.32180849483831947                3.395392
                   223.0                 48.1284      0.9667699523625137     -0.2561621766659865                3.337767
                   224.0                 48.2328      1.0116610884836559    -0.26192259451135275                3.458423
                   225.0                 48.3372      0.7627286506855964    -0.29913673902544646                3.916559
                   226.0                 48.4416      0.8598572036160341     -0.2618782312904113                3.165049
                   227.0       48.54600000000001      0.8225804358081105     -0.5245787364341863                3.378107
                   228.0      48.650400000000005      1.0892951263223793    -0.18208402991469583                2.597201
                   229.0                 48.7548      0.9414436098810269     -0.1382167320039996                2.811866
                   230.0                 48.8592      1.2044279089456664    -0.36165884428025497                2.536279
                   231.0                 48.9636       1.021954427862081     -0.5579831332774018                3.024052
                   232.0                  49.068      0.9635397744825654     -0.5116188758849686                2.638819
                   233.0                 49.1724      1.1524819674100921      -0.334203944335388                2.702868
                   234.0                 49.2768      1.1831521757664902     -0.5402891113619728                2.589041
                   235.0       49.38120000000001      1.4339707760903155      -0.264754175971545                2.424036
                   236.0      49.485600000000005       1.490572586152939     0.08407937849623784                2.455521
                   237.0                   49.59      1.4173735838414867      0.1353194967006967                 2.45307
                   238.0                 49.6944      1.2778578352320167    -0.05488087543865422                2.609383
                   239.0                 49.7988      1.5178460953230835    -0.11859751937460888                2.019514
                   240.0                 49.9032      1.5380021173205933       0.170509863431924                1.984153
                   241.0      50.007600000000004      1.3356716003845823   -0.019135094374510497                2.259655
                   242.0                  50.112      1.5631413434201258     0.11219871132431355                2.623004
                   243.0       50.21640000000001       1.531576369918191     0.39237495637879816                2.706269
                   244.0      50.320800000000006      1.3806494496941057      0.4035015127497219                2.689186
                   245.0      50.425200000000004      1.3236495634494112     0.29123592756846806                2.445141
                   246.0                 50.5296       1.701183236912018      0.1517883649370771                 2.20425
                   247.0                  50.634       1.559233959290877     0.07919661044776488                2.489773
                   248.0                 50.7384      1.6079583597770752     0.39778023335588675                2.363881
                   249.0      50.842800000000004      1.2842433292725952     0.38012811964403814                2.304432
                   250.0                 50.9472      1.0660019602871034     0.07186292742098674                2.028936
                   251.0       51.05160000000001      1.1373628825653175    0.030327205065388135                2.367995
                   252.0      51.156000000000006       1.632104858253491     0.37514453859454255                1.996268
                   253.0      51.260400000000004      1.6272241415731457    0.003739021444251034                1.807714
                   254.0                 51.3648      1.5823799580686526       0.379339574066073                1.375513
                   255.0                 51.4692      1.2339109796982373       0.590295188154614                1.303178
                   256.0                 51.5736      1.2267221962637838     0.40665255248212945                1.626377
                   257.0                  51.678       0.980236996402601     0.20753553361284244                 1.90221
                   258.0                 51.7824      1.0783405848215346      0.5775293731038923                1.580187
                   259.0                 51.8868      1.2190825848306952     0.24951834814982296                1.628442
                   260.0      51.991200000000006      1.1630735578684255     0.42036172497416824                1.627934
                   261.0      52.095600000000005                     nan                     nan                     nan
                   262.0                    52.2                     nan                     nan                     nan
                   263.0                 52.3044      1.6230143306699434      0.6951543355074788                1.726933
                   264.0                 52.4088                     nan                     nan                     nan
                   265.0                 52.5132      1.7968926131875365      0.7018098323889801                1.494948
                   266.0                 52.6176                     nan                     nan                     nan
                   267.0                  52.722      1.5836512096000073      0.5501696207661179                 1.44396
                   268.0       52.82640000000001                     nan                     nan                     nan
                   269.0      52.930800000000005      2.1339721385254546    -0.15058838319219733                1.649211
                   270.0                 53.0352       1.436856009085533     0.06344610148653657                1.565931
                   271.0                 53.1396      1.5995518342156798      0.1485135159366067                1.474543
                   272.0                  53.244      1.1064640712106475      -0.160938042365687                2.003851
                   273.0                 53.3484      1.4648986715029126    -0.06935131230434427                1.299464
                   274.0                 53.4528      0.8239931934735119    -0.12807024104882633                1.502257
                   275.0       53.55720000000001                     nan                     nan                     nan
                   276.0       53.66160000000001      1.0008236375324218    -0.41517957890973245                1.790285
                   277.0      53.766000000000005                     nan                     nan                     nan
                   278.0      53.870400000000004                     nan                     nan                     nan
                   279.0                 53.9748                     nan                     nan                     nan
                   280.0                 54.0792                     nan                     nan                     nan
                   281.0                 54.1836                     nan                     nan                     nan
                   282.0                  54.288                     nan                     nan                     nan
                   283.0      54.392399999999995                     nan                     nan                     nan
                   284.0       54.49679999999999                     nan                     nan                     nan
                   285.0       54.60119999999999                     nan                     nan                     nan
                   286.0       54.70559999999999                     nan                     nan                     nan
                   287.0       54.80999999999999                     nan                     nan                     nan
                   288.0      54.914399999999986                     nan                     nan                     nan
                   289.0      55.018799999999985                     nan                     nan                     nan
                   290.0       55.12319999999998                     nan                     nan                     nan
                   291.0       55.22759999999998                     nan                     nan                     nan
                   292.0       55.33199999999998                     nan                     nan                     nan
                   293.0       55.43639999999998                     nan                     nan                     nan
                   294.0      55.540799999999976                     nan                     nan                     nan
#-----------------------------------------------------------------------------------------------------------------------
# experiment: raw_data
# path: /Users/andreapicco/Google Drive/RESEARCH/EvoCellBio/Protein_tracking/Data/Sla1/24_degree/Sc/raw_data
# file: 10.sla1.txt
# protein: Sla1-GFP
# date: 15/06/23
# notes: in EMM media
# t_unit: s
# delta_t: 0.1044
# coord_unit: pxl
# intensity_normalisation: None
# l_cm: (80.58019444208271, 142.77796489533864)
# r_cm: (118.06418054618436, 108.47431476684086)
# m_angle: 2.6109347901330624
# m_lag: 238
# trajalign_version: 1.98
# lie_down_angle: 2.9804781998691765
# lie_down_translation: (-118.40910191236213, -108.46504801792061)
