#                frames                  t (s)                x (pxl)                y (pxl)                      f
                  217.0     1.7000000000000068                    nan                    nan                    nan
                  218.0      1.800000000000007                    nan                    nan                    nan
                  219.0      1.900000000000007                    nan                    nan                    nan
                  220.0      2.000000000000007                    nan                    nan                    nan
                  221.0      2.100000000000007                    nan                    nan                    nan
                  222.0     2.2000000000000073                    nan                    nan                    nan
                  223.0     2.3000000000000074                    nan                    nan                    nan
                  224.0     2.4000000000000075                    nan                    nan                    nan
                  225.0     2.5000000000000075                    nan                    nan                    nan
                  226.0     2.6000000000000076                    nan                    nan                    nan
                  227.0     2.7000000000000077                    nan                    nan                    nan
                  228.0      2.800000000000008                    nan                    nan                    nan
                  229.0      2.900000000000008                    nan                    nan                    nan
                  230.0      3.000000000000008                    nan                    nan                    nan
                  231.0      3.100000000000008                    nan                    nan                    nan
                  232.0      3.200000000000008                    nan                    nan                    nan
                  233.0     3.3000000000000083                    nan                    nan                    nan
                  234.0     3.4000000000000083                    nan                    nan                    nan
                  235.0     3.5000000000000084                    nan                    nan                    nan
                  236.0     3.6000000000000085                    nan                    nan                    nan
                  237.0     3.7000000000000086                    nan                    nan                    nan
                  238.0     3.8000000000000087                    nan                    nan                    nan
                  239.0      3.900000000000009                    nan                    nan                    nan
                  240.0      4.000000000000009                    nan                    nan                    nan
                  241.0     4.1000000000000085                    nan                    nan                    nan
                  242.0      4.200000000000008                    nan                    nan                    nan
                  243.0      4.300000000000008                    nan                    nan                    nan
                  244.0     4.4000000000000075                    nan                    nan                    nan
                  245.0      4.500000000000007                    nan                    nan                    nan
                  246.0      4.600000000000007                    nan                    nan                    nan
                  247.0      4.700000000000006                    nan                    nan                    nan
                  248.0      4.800000000000006                    nan                    nan                    nan
                  249.0      4.900000000000006                    nan                    nan                    nan
                  250.0      5.000000000000005                    nan                    nan                    nan
                  251.0      5.100000000000005                    nan                    nan                    nan
                  252.0      5.200000000000005                    nan                    nan                    nan
                  253.0      5.300000000000004                    nan                    nan                    nan
                  254.0      5.400000000000004                    nan                    nan                    nan
                  255.0     5.5000000000000036                    nan                    nan                    nan
                  256.0      5.600000000000003                    nan                    nan                    nan
                  257.0      5.700000000000003                    nan                    nan                    nan
                  258.0     5.8000000000000025                    nan                    nan                    nan
                  259.0      5.900000000000002                    nan                    nan                    nan
                  260.0      6.000000000000002                    nan                    nan                    nan
                  261.0      6.100000000000001    -1.4474477969185453    0.33975324265877904               0.553472
                  262.0      6.200000000000003    -0.7481959403318654     0.8003552253174437               0.332238
                  263.0      6.300000000000011                    nan                    nan                    nan
                  264.0      6.400000000000006                    nan                    nan                    nan
                  265.0                    6.5     0.3457588830929827     0.9981563376386414               0.602765
                  266.0      6.600000000000001     0.0826354808379397     0.6112033488108741               0.703888
                  267.0      6.700000000000006                    nan                    nan                    nan
                  268.0      6.800000000000001  -0.002898950746253348      1.458513844392383               1.136384
                  269.0      6.900000000000013                    nan                    nan                    nan
                  270.0      7.000000000000007                    nan                    nan                    nan
                  271.0      7.100000000000001  -0.019878827719117198      1.401072274018761               1.015386
                  272.0      7.200000000000003   -0.08236702114521921      1.284999839020863               1.052643
                  273.0      7.300000000000011                    nan                    nan                    nan
                  274.0      7.400000000000006                    nan                    nan                    nan
                  275.0                    7.5    0.33637120006913235     0.7585565591737049               1.146125
                  276.0      7.600000000000001    0.03430145887151115      1.480104388162049               0.742418
                  277.0      7.700000000000003    -0.5149497538681391     0.7849912726642818               0.963392
                  278.0      7.800000000000001    -0.9452997760549866     0.1840008009995579               0.461533
                  279.0      7.900000000000006                    nan                    nan                    nan
                  280.0                    8.0    -0.2681633744499325      0.488760188043423               1.007179
                  281.0      8.100000000000001   -0.09836605700357277     0.2584507414611714               1.155354
                  282.0      8.200000000000003   -0.21055604786961973     0.3390969807502893               1.095019
                  283.0                    8.3    -0.4138156018802217   -0.11983089877808349               0.823275
                  284.0      8.400000000000002    -0.4536517801528245     0.1004461645549711               0.964207
                  285.0                    8.5    -0.3654535754405383    -0.3271264308057878               1.178932
                  286.0      8.600000000000001    -0.1356670729965681    0.14397575378750058               1.647338
                  287.0      8.700000000000003    -0.3690140830984213   0.023588313672151945               1.425395
                  288.0                    8.8   -0.03374470132687401  -0.030170348202255524                1.95026
                  289.0      8.900000000000002     0.2756270425790624    0.14620648950780274               1.791804
                  290.0                    9.0   -0.32218615827955654   -0.12525606111965712               1.701585
                  291.0      9.100000000000001    -0.2740110416514027   -0.32235810298340645               1.556319
                  292.0      9.200000000000003  -0.046462378135173475   -0.07732252001435362               2.148179
                  293.0                    9.3   -0.17772523681238633   -0.06732875456345491                1.84098
                  294.0      9.400000000000002   -0.17491729594042194   -0.28232740194074296               1.644218
                  295.0                    9.5     0.1870953961063403   0.023303596955067868               1.427794
                  296.0      9.600000000000001   -0.14053862306742138    0.17662846303047894               1.346091
                  297.0      9.700000000000003   -0.08783275311458115    0.22829917509752012               2.196574
                  298.0                    9.8      -0.20182636712267   0.017441416828171644               1.626421
                  299.0      9.900000000000002   -0.23962441339294155    0.02453123122278035               1.929818
                  300.0                   10.0     -0.418065648400755     0.1314459444239376               1.659469
                  301.0     10.100000000000001     -0.348235519731612    0.09760612251171957               1.728759
                  302.0     10.200000000000003   -0.29497163794075726  -0.007667014130864763               1.815881
                  303.0                   10.3   -0.06173584301269175    -0.4188989813091107               1.521538
                  304.0     10.400000000000002   -0.17654440105380023   -0.18715096457859945               1.622595
                  305.0                   10.5   -0.06525146690251638    -0.0736053660906099               1.875053
                  306.0     10.600000000000001     -0.455345837292364      0.030094645264998               2.218163
                  307.0     10.700000000000003   -0.20322670637387924     0.0260021305239789               2.277333
                  308.0                   10.8    -0.0534237962092603   -0.01874650639616834               2.019697
                  309.0     10.900000000000002   -0.06417731579830228    0.22661367980657166               1.654534
                  310.0                   11.0   -0.06930517181052036    -0.2864995398542681               2.318185
                  311.0     11.100000000000001   -0.33017637751900314    -0.2798455261633766               2.187081
                  312.0     11.200000000000003   0.028160592153462623   -0.06942203931376159               2.294147
                  313.0                   11.3    -0.2068352836776925   -0.46321974071936545               2.173984
                  314.0     11.400000000000002   -0.16384398917837809   -0.17082317822544285               2.028874
                  315.0                   11.5    -0.5154053320173787    0.03123517250087346                2.08577
                  316.0     11.600000000000001    -0.2510114661744866   -0.20006443945221253               2.029747
                  317.0     11.700000000000003   -0.06900564230379906   -0.08475754668706541               2.524958
                  318.0                   11.8   -0.29145766632246745   -0.10640144640486134               2.581985
                  319.0     11.900000000000002    0.12863977403995946   -0.22751219520091132                2.46547
                  320.0                   12.0   -0.11324736426274104   -0.27324759484641437               2.945366
                  321.0     12.100000000000001     -0.113940442326929    -0.2695743343333279               2.223123
                  322.0     12.200000000000003   -0.24698848896345213   -0.23761163172219554               2.731599
                  323.0     12.300000000000004   -0.22399458042596948   -0.09685371602944184               2.632865
                  324.0     12.399999999999999   -0.20095858521142657   -0.04515181078915462               2.798117
                  325.0                   12.5   -0.21992154014475382    -0.2612745337134091               2.531293
                  326.0     12.600000000000001    -0.1024355007528879   -0.08553395706415994               2.621088
                  327.0     12.700000000000003   -0.11225128995199735   -0.16439999532778102               2.534835
                  328.0     12.800000000000004   -0.09682483608904466   -0.06981456324537035               2.488229
                  329.0     12.899999999999999    -0.0992735051364762    -0.4172086493060072               2.456887
                  330.0                   13.0   -0.12003355913350955   -0.20682350204737002               2.923718
                  331.0     13.100000000000001  -0.059953766105162606   -0.06377773309674713               2.781403
                  332.0     13.200000000000003    -0.0315431229578093  -0.024079257849535515               2.818135
                  333.0     13.300000000000004   -0.06282512642388918   -0.11073906574308856               2.953556
                  334.0     13.399999999999999    -0.1232478057869833       -0.2454353988468                3.40821
                  335.0                   13.5   -0.09198578171500991    -0.0954820663332306               2.952646
                  336.0     13.600000000000001   -0.08244594609023789   -0.04997082578486243               2.964715
                  337.0     13.700000000000003   -0.22601111432309415   0.020030252058751905               3.225529
                  338.0     13.800000000000004   -0.07063034201415734    -0.1993348891412049               3.289041
                  339.0     13.899999999999999    -0.2673190923520262    -0.1093837635700052               3.244839
                  340.0                   14.0   -0.07529631486431557    0.07331374250465554               3.069284
                  341.0     14.100000000000001   -0.25244312259776164   -0.19260199723229104                3.12733
                  342.0     14.200000000000003    -0.2028267146532419   -0.12139242006261601               3.448463
                  343.0     14.300000000000004   -0.21221960845511528   -0.06055963933522835               3.271635
                  344.0     14.399999999999999   -0.09472497397123136   -0.15147127628286877               3.932164
                  345.0                   14.5   -0.03096006934271705   -0.09577809581418564               3.166466
                  346.0     14.600000000000001    -0.2265606425286199    -0.1922954055329462               2.949559
                  347.0     14.700000000000003   -0.30966528345828676  -0.058214226540701214               3.512396
                  348.0     14.800000000000004    -0.3407229949343252  -0.028483848021907093               3.488482
                  349.0     14.899999999999999   -0.08744690832677264   -0.11747184956013017               3.440614
                  350.0                   15.0  -0.042043485739331164   -0.11295506449260673               3.419576
                  351.0     15.100000000000001    -0.3743078808670338    0.14893302561159677               3.275634
                  352.0     15.200000000000003  -0.028211666468405505   -0.24712252463349643               3.414657
                  353.0     15.300000000000004   -0.05876777832545574   -0.19659606170386945               3.303833
                  354.0     15.399999999999999   -0.17077667740612662   -0.13695523299787762               3.485826
                  355.0                   15.5   -0.18681696726540337    -0.1088334031991197               3.131424
                  356.0     15.600000000000001    -0.3410390404312283   -0.07610889383022257               2.733201
                  357.0     15.700000000000003    -0.0845381924072196    -0.0682799007300629                3.54984
                  358.0     15.800000000000004   -0.14029273800943393    0.03991485922480598               3.383619
                  359.0     15.899999999999999   -0.09739563322290853     0.1689397461495209               3.523585
                  360.0                   16.0    -0.1996125816826711   0.051511906977641214               3.361292
                  361.0                   16.1  -0.010312026046159606    0.04960865799104181               3.425842
                  362.0     16.200000000000003   -0.24606486904727262    -0.1559560977257231               3.300646
                  363.0     16.300000000000004   -0.03419488974125272    -0.2210853223017018               3.510594
                  364.0                   16.4  -0.023188602087126586   -0.00600460648301572               4.096652
                  365.0                   16.5   -0.08098690518062986    -0.1496654272014986               3.754488
                  366.0                   16.6   0.029444927548063913   -0.02017439568896138                 3.9761
                  367.0     16.700000000000003   -0.17540446970242987   -0.11637059262059228               3.671154
                  368.0     16.800000000000004   -0.13573756710601004    -0.1915780327007167               3.376932
                  369.0                   16.9    -0.1730049965562846   -0.14842550116235723                3.19768
                  370.0                   17.0   -0.17017634055398442   -0.07457853320008799               3.689805
                  371.0                   17.1   -0.03530801308461644   -0.01784508819086152               3.930045
                  372.0     17.200000000000003   -0.20676586154243987   -0.18069048387405304                3.35973
                  373.0     17.300000000000004     -0.162228083956655   -0.05630518774657044               3.506271
                  374.0                   17.4   -0.08111835961966961   -0.15383418357847112               3.189422
                  375.0                   17.5    -0.2869257559803847   -0.06887137001735563               3.890759
                  376.0                   17.6   -0.08448084386006995   -0.15932058346664643               4.192069
                  377.0     17.700000000000003  -0.021698979146766585   -0.09914793399763105               4.302041
                  378.0     17.800000000000004   0.025816549856620706    0.06376096961271766               4.133441
                  379.0                   17.9    -0.1375220017420829   0.012726089161841772               3.812587
                  380.0                   18.0   0.025029174804487905    -0.0736628549648555               4.482596
                  381.0                   18.1   -0.20498350490781791   -0.11434820855260898               4.299994
                  382.0     18.200000000000003   -0.14297962646446033   -0.11639350534801342               3.951442
                  383.0     18.300000000000004    -0.0228745327538702   -0.04006450204147779                4.57255
                  384.0     18.400000000000006  -0.013935160943171144  -0.024312662414627872               4.414294
                  385.0                   18.5   -0.00978306268885679   -0.07111979171227514               4.177656
                  386.0                   18.6  0.0068241773640120434   0.045904920326784907               4.260697
                  387.0     18.700000000000003      0.184297009852435    0.13129512286508854               4.183872
                  388.0     18.800000000000004   0.003943842893726688  -0.007912141636300935               4.607055
                  389.0     18.900000000000006    0.11266192401008786   0.013038805057713952               3.983365
                  390.0                   19.0    0.12028830287408612     0.1552802360805522               4.387438
                  391.0                   19.1   0.005051583050720884   -0.07523765168818264               4.285432
                  392.0     19.200000000000003   0.004082377556371961  0.0035361994726644218                4.47456
                  393.0     19.300000000000004    0.15211836599280726    0.17696394357851877               4.326297
                  394.0     19.400000000000006    0.21496557790532694     0.0370520189551275               4.278696
                  395.0                   19.5     0.0900968549763815    -0.0791554602710027                4.42264
                  396.0                   19.6     0.1570162407136413  0.0064433458044679676               4.843084
                  397.0     19.700000000000003    0.12508233299899046   -0.03797771345882454               4.402996
                  398.0     19.800000000000004    0.17587885015440274     0.0785695551744728               4.332771
                  399.0     19.900000000000006     0.1973309582208176     0.1057325884459398               3.690648
                  400.0                   20.0     0.2757857683769591    0.04554807192079169               4.570358
                  401.0                   20.1     0.3955912737060986   0.019080744612847228               4.264565
                  402.0     20.200000000000003    0.33564209908712705    0.18674462249804516                3.78269
                  403.0     20.300000000000004    0.32469481256130084   -0.03191539938002816               4.704678
                  404.0     20.400000000000006    0.24812651345766493    0.11382362609144742               4.689827
                  405.0                   20.5     0.3985453943108796     0.3181649778924564               4.717431
                  406.0                   20.6     0.4849772125628869     0.3299768232881759               3.982365
                  407.0     20.700000000000003     0.5439253272973203    0.12403728263788602                4.53397
                  408.0     20.800000000000004     0.4411587613260964     0.2496479192236333               4.508916
                  409.0     20.900000000000006    0.47790224368843476    0.31463614991880107               4.966992
                  410.0                   21.0     0.5611247667945373     0.2242910601526504               4.615321
                  411.0                   21.1     0.5124491261502185    0.06292688337271979               3.798631
                  412.0     21.200000000000003    0.39540570002112646    0.32235543667009176               4.439637
                  413.0     21.300000000000004     0.4256849400776468    0.30491186502894957               4.071373
                  414.0     21.400000000000006     0.7287230138496562    0.28233730214168695               4.890181
                  415.0                   21.5     0.6417974924667901     0.2767995843521472               4.973289
                  416.0                   21.6     0.5843734576027287      0.334839354828354               4.352608
                  417.0     21.700000000000003     0.6190273413202986    0.34585494125344457               4.861099
                  418.0     21.800000000000004     0.6392621437495545    0.30791021018773135                4.46999
                  419.0     21.900000000000006     0.6266655264469059    0.24728882100428448               4.954013
                  420.0                   22.0     0.6155448754912302     0.2809675727080322               5.398248
                  421.0                   22.1     0.6769145706790665    0.32765961454121145               4.883164
                  422.0     22.200000000000003     0.6876806397828172    0.41150615720728445               4.427307
                  423.0     22.300000000000004     0.5918819823019533    0.44133398007225855               4.606608
                  424.0     22.400000000000006     0.8845909829662387    0.32891099918705136                4.41751
                  425.0                   22.5     0.7119782918985967     0.3863328513723065               4.724915
                  426.0                   22.6     0.8628392280089798     0.3561201283586951               5.122013
                  427.0     22.700000000000003     0.8357325184731206    0.29904384176663357               4.254852
                  428.0     22.800000000000004     0.8278697521028778    0.34373197551606555                4.85845
                  429.0     22.900000000000006     0.9592801212970024    0.37705341075322446               5.520971
                  430.0     23.000000000000007                    nan                    nan                    nan
                  431.0                   23.1      1.036050557050002    0.39520989618664726               4.692884
                  432.0     23.200000000000003     0.8532044160912091     0.4348597696603191                4.75624
                  433.0     23.300000000000004     0.7502507039594492      0.310870050476481               4.830185
                  434.0     23.400000000000006     0.8080360131722676     0.4148047169366179               4.640532
                  435.0                   23.5     1.0206391852750363     0.4151865714108476               5.093134
                  436.0                   23.6     0.9746751444045983     0.5604870470049159               4.626983
                  437.0     23.700000000000003      1.178936317196813     0.2763800314376404               4.921996
                  438.0     23.800000000000004     1.4498181398327585    0.22214279505500012                5.26792
                  439.0     23.900000000000006      1.354492922063781    0.01135851372145591               4.842803
                  440.0                   24.0     1.4805727105764412   -0.22770660924423647               4.494186
                  441.0                   24.1     1.4199058662213915   -0.19527004980893337               4.439779
                  442.0     24.200000000000003      1.454295277533795   -0.33212172574892707               4.246771
                  443.0     24.300000000000004     1.5782146367449819    -0.3331452367111156               3.361156
                  444.0     24.400000000000006                    nan                    nan                    nan
                  445.0                   24.5      1.458947416716352    -0.6028101587748481               4.588778
                  446.0                   24.6     1.6921052610825458     -0.692002540150784               3.681027
                  447.0     24.700000000000003     1.5129670896175182     -0.670548686110854                3.88395
                  448.0     24.800000000000004     1.5846060267189024    -0.7406138827493066               3.831191
                  449.0     24.900000000000006     1.4448807059236946     -0.822457616343724               3.478377
                  450.0                   25.0      1.140658492910918    -0.7897813863040439                3.60136
                  451.0                   25.1     1.2528258549022158    -0.8297479515293874               3.116742
                  452.0     25.200000000000003     1.5132355635138786     -1.064275448882661               3.257418
                  453.0     25.300000000000004     1.4407907989062783    -0.8636702524471139               2.939255
                  454.0     25.400000000000006     1.6421292773435536    -0.8248986525631519                3.09461
                  455.0                   25.5      1.337092396940833    -0.8616468249554763               2.945098
                  456.0                   25.6     1.2062870972721436    -0.9321333463874791               2.820846
                  457.0     25.700000000000003     1.5306828455061452    -0.5928926525185165               2.832973
                  458.0     25.800000000000004     1.5638168487285444    -0.9389811612593498               3.112329
                  459.0     25.900000000000006     1.2983700894538193     -0.734565580261864               2.775599
                  460.0                   26.0      1.287801519710948    -0.7149061643603036               2.515684
                  461.0                   26.1     1.0867149261886548   -0.17142107205087037               2.211671
                  462.0     26.200000000000003     0.9135988898168586   -0.22439273759876321               3.068553
                  463.0     26.300000000000004     1.0636827889731126   -0.22963285210683732               2.913073
                  464.0     26.400000000000006     1.1200097351035225   -0.40643954874647964               2.684748
                  465.0                   26.5     1.4440273625464297    0.06766717681568502                2.70434
                  466.0                   26.6     1.2973726901842582   -0.02455700146389095               2.898134
                  467.0      26.70000000000001                    nan                    nan                    nan
                  468.0     26.800000000000004     1.0083248275130918    -0.5668195243716003               1.824976
                  469.0     26.900000000000006     0.7193958035120191   -0.46924799464193845                2.32165
                  470.0                   27.0      1.026674799453959    -0.6322892682444139               2.300037
                  471.0                   27.1     1.5323387689192205    -0.5375759257385451               1.454829
                  472.0     27.200000000000017                    nan                    nan                    nan
                  473.0      27.30000000000001                    nan                    nan                    nan
                  474.0     27.400000000000006     1.6331656713358853    -1.5675214458521354               0.864406
                  475.0                   27.5     1.6458579188030942    -1.8877595126887208               0.755891
                  476.0                   27.6     1.4831524468636244    -1.4250141483392216               0.909049
                  477.0     27.700000000000003     1.6584015204445075    -0.9124887627951989               1.181286
                  478.0     27.800000000000004     2.0951029771424547    -0.5770088751448408               0.829702
                  479.0     27.900000000000006                    nan                    nan                    nan
                  480.0                   28.0      0.996210518379512   -0.06690054080405827               1.224303
                  481.0                   28.1     1.4125417414370478    -0.0615130236190532               1.141102
                  482.0     28.200000000000003     1.1126328418513194    0.14793114994344136               0.999586
                  483.0     28.300000000000004      1.846950304446885     0.4585474913152576               1.004233
                  484.0     28.400000000000006                    nan                    nan                    nan
                  485.0                   28.5     0.7065211144965302     0.5097426123833599                1.21143
                  486.0                   28.6     1.3487516092508078     0.3157880095463348               1.254958
                  487.0     28.700000000000003      1.719366282272302     0.6441314787461643               0.879692
                  488.0     28.800000000000004     1.9704978395941048      0.448069366671615               1.295166
                  489.0     28.900000000000006                    nan                    nan                    nan
                  490.0                   29.0     2.7108606737757954      1.402494003702473               1.258159
                  491.0     29.100000000000016                    nan                    nan                    nan
                  492.0      29.20000000000001                    nan                    nan                    nan
                  493.0     29.300000000000004       3.07437705149432     0.9800015670501584               0.772633
                  494.0     29.400000000000006      2.585378102768402     1.1258072569320925               1.085613
                  495.0                   29.5      2.231491049506489     0.4525952173794562               1.102545
                  496.0                   29.6     2.6033986241442655      1.108497954827672               0.849623
                  497.0      29.70000000000001                    nan                    nan                    nan
                  498.0     29.800000000000004     1.9564792676970897     1.5006160743069492               0.829298
                  499.0     29.900000000000006                    nan                    nan                    nan
                  500.0                   30.0      2.176277738132424    -0.2474567516572005               0.770068
                  501.0     30.100000000000016                    nan                    nan                    nan
#------------------------------------------------------------------------------------------------------------------
# experiment: raw_data
# path: /Users/andreapicco/Google Drive/RESEARCH/EvoCellBio/Protein_tracking/Data/Sla1/24_degree/Sc/raw_data
# file: 16.data.txt
# protein: Sla1-GFP
# date: 14/06/22
# notes: in EMM media
# t_unit: s
# delta_t: 0.1
# coord_unit: pxl
# intensity_normalisation: None
# l_cm: (54.684784733863005, 72.80514570879357)
# r_cm: (55.528254693360616, 77.51839135672537)
# m_angle: -0.7545458846660648
# m_lag: -200
# trajalign_version: 1.83
# lie_down_angle: 0.6074410941790668
# lie_down_translation: (-55.24131837216744, -77.71046867401117)
