%% Trajectory 60
106 110.508095 135.847046 1.515846 2.618436 37.321209
107 110.655426 135.976578 1.435860 2.732307 18.956535
108 110.328583 135.663010 1.517999 2.643391 35.219303
109 110.338104 136.158249 1.626758 2.343690 60.549110
110 110.354172 135.974884 1.586472 2.940021 35.439770
111 110.277000 136.071808 1.569877 2.617792 61.318497
112 110.563011 136.170135 1.632777 2.720317 48.445034
113 110.570236 135.727097 1.681090 2.581976 36.993114
114 110.450798 136.098679 1.946789 2.581912 45.443008
115 110.461090 135.978256 2.198494 2.648398 38.953968
116 110.581978 135.860519 2.046175 2.484711 35.039200
117 110.364914 136.000305 2.223978 2.718114 36.746895
118 110.517067 135.925735 1.889561 2.786636 29.099268
119 110.167931 135.716370 1.879745 2.698522 48.251835
120 110.337006 135.658630 2.218660 2.583015 50.442604
121 110.515205 135.870270 2.256850 2.607898 22.873411
122 110.412300 135.872726 2.050370 2.724150 20.614105
123 110.366364 135.915054 1.900452 2.596216 26.943295
124 110.379288 135.807373 1.902779 2.603035 36.654530
125 110.253647 135.995392 2.161302 2.924661 7.694269
126 110.452110 136.215652 1.972149 2.376672 46.590305
127 110.114418 136.113327 1.676726 2.601231 41.360836
128 110.416931 136.190323 1.941997 2.528912 36.863445
129 110.189003 136.198349 2.133116 2.754642 17.969778
130 110.068840 135.908691 2.059439 2.719475 4.621811
131 110.271599 136.142715 2.069724 2.599114 15.252070
132 110.149384 136.011353 1.759337 2.513709 41.023758
133 109.775276 136.216049 2.062695 2.550245 30.559080
134 109.732269 136.051636 1.981236 2.527216 32.635719
135 109.640381 135.996613 1.928625 2.372041 47.092968
136 109.750389 136.394501 2.383796 2.660808 11.733544
137 109.635040 136.053513 1.895216 2.549588 64.352608
138 109.415154 136.157516 1.966309 2.644972 36.210766
139 109.776848 136.571793 2.218162 2.697521 18.015509
140 109.365349 135.803787 2.201092 3.047227 2.671211
141 109.304886 136.005020 1.666584 2.335384 73.194656
142 109.124107 136.206635 2.045365 2.757933 21.200945
143 109.352203 136.901855 1.613166 2.737426 15.721433
144 108.973030 136.905380 1.606302 2.699419 57.070450
145 108.801384 137.036621 2.395377 2.486415 22.308828
146 108.888046 137.310867 2.138725 2.473381 62.304695
147 109.097382 137.549347 1.702027 2.605861 71.812782
148 108.829788 137.729752 1.852223 2.360263 66.286308
149 108.860306 137.522278 1.811834 2.689998 32.585129
150 108.564209 137.579529 1.645129 2.583523 26.052635
151 108.701126 137.844406 2.045504 2.517171 32.319214
153 107.789513 137.750427 1.598105 2.326598 39.416786
154 107.972626 138.331085 1.761744 2.457331 59.830536
155 108.420547 138.075241 1.706880 2.383620 24.267376
156 108.347595 138.357361 1.966436 2.447888 44.737911
157 108.147156 138.448944 1.771479 2.791791 25.033287
