%% Trajectory 117
268 118.775703 105.881996 1.035813 1.976011 2.931052
271 118.693596 105.811966 1.023494 2.108889 8.163303
272 118.657410 105.628708 1.360416 2.209332 10.730893
275 118.525314 106.235603 1.174224 2.351804 9.040610
277 118.389359 105.776718 0.985471 2.170009 13.208488
278 118.808540 105.814621 1.242575 1.938002 26.476721
280 118.915787 106.082397 1.149823 2.071594 28.865345
281 118.675919 105.918640 1.149896 2.168767 12.458155
282 118.658257 105.367790 1.273073 2.259010 45.654503
283 118.461891 105.850876 1.334653 2.202342 27.149553
284 118.680679 105.581863 1.339529 2.384313 13.073728
285 118.667374 105.450203 1.281878 2.364046 58.061668
286 118.689491 105.670319 1.596980 2.120464 40.486824
287 118.700760 105.818443 1.391261 2.091865 58.196270
288 118.609558 105.825790 1.220017 2.154464 57.664520
289 118.345200 106.110809 1.443593 2.176836 32.794891
290 118.729324 105.714539 1.410351 2.109611 44.725014
291 118.749023 105.965332 1.389767 2.015996 43.301613
292 118.150894 105.937874 1.547388 2.059113 35.463810
293 118.388535 105.769836 1.955160 2.131210 10.360450
294 118.428917 105.478470 1.812943 2.425994 27.960304
295 118.409615 105.739441 1.498675 2.173889 43.713017
296 118.188980 105.947205 1.689565 2.134721 38.432095
297 118.250229 105.817963 1.637855 1.980842 25.776474
298 117.981445 105.583809 1.834237 2.081870 28.438372
299 118.179253 105.431709 1.605605 2.320979 27.623720
300 118.056252 105.588043 1.676757 2.236349 29.190584
301 117.919983 105.628334 1.791523 2.062813 14.030002
302 117.938309 105.572014 1.602801 2.045958 19.996498
303 117.891594 105.568146 1.361723 2.102787 44.639194
304 117.822670 105.516388 1.842848 2.273110 26.157146
305 117.724213 105.246391 1.762991 2.254061 26.654593
306 117.866318 105.508499 1.918664 2.164603 27.905273
307 117.755623 105.503525 1.653384 2.248725 33.498749
308 117.510933 105.418709 1.629301 2.537222 37.512264
309 117.360741 105.483299 1.647329 2.399153 18.763706
310 117.393990 105.354431 1.860891 2.169350 34.330807
311 117.586929 105.379982 1.829161 2.480733 11.835058
312 117.544891 105.816879 1.494869 2.082490 14.804657
313 116.941811 105.099899 1.160648 2.041788 17.204315
314 116.990036 105.211601 1.642367 2.001422 4.472281
315 116.492401 105.467003 1.747114 2.316179 21.336945
316 116.544685 105.281288 1.648896 2.255684 31.675650
317 116.682144 104.850754 1.254044 2.192008 30.594814
318 116.511497 104.887978 1.576595 2.045868 21.949995
319 116.704567 104.737282 1.255446 2.308565 25.930155
320 116.676933 105.004898 1.914284 2.088670 28.416262
321 116.288094 104.782074 1.556494 2.096271 23.782785
322 116.203499 104.746346 1.362777 2.037740 8.805750
323 116.669724 104.585037 1.385121 2.276815 17.449703
326 116.894623 104.326447 1.122127 2.059023 4.174581
