%% Trajectory 66
53 162.046021 124.981323 0.804044 2.072517 112.185600
54 161.759171 125.131599 0.731970 2.234406 134.483246
56 162.024918 125.082191 0.857934 2.329378 154.280640
57 161.842712 125.420052 0.722843 2.281498 122.315147
58 161.766449 125.533249 0.754633 2.528799 103.420517
59 161.825455 125.415382 0.940016 2.260579 92.362801
60 162.071716 125.547165 0.957493 2.626665 98.772171
61 161.734833 125.361702 0.809602 2.433223 126.156174
62 161.842087 125.368690 1.098550 2.491230 135.378220
63 161.654022 125.465446 0.865485 2.442954 99.737831
64 161.707626 125.161255 1.061947 2.367979 125.074646
65 161.846207 125.402657 0.879874 2.303642 135.247559
66 161.834854 125.842239 1.372185 2.654044 114.237190
67 161.762085 125.195137 1.060074 2.232711 140.408646
68 161.683960 125.301964 1.241530 2.281206 106.859077
69 161.630722 125.331116 1.320385 2.639906 88.243706
70 161.835297 125.481689 1.373726 2.378313 115.035309
71 161.795837 125.491844 1.107248 2.609851 95.823357
72 161.726288 125.317673 1.311260 2.467737 107.804680
73 161.746979 125.424828 1.139120 2.529432 104.405663
74 161.611328 125.381714 1.279703 2.628525 102.115173
75 161.736450 125.325409 1.210215 2.567439 82.850807
76 161.610565 125.920113 1.404283 2.535628 93.556297
77 161.646408 125.496284 1.415283 2.551883 82.513054
78 161.605667 125.338127 1.491844 2.526775 77.051186
79 161.602417 125.391266 1.342887 2.383051 108.139244
80 161.550598 125.412170 1.431708 2.612046 86.876511
81 161.669510 125.443115 1.455153 2.407694 93.033203
82 161.611298 125.488243 1.384566 2.449148 77.554871
83 161.419006 125.672295 1.427258 2.709542 71.187950
84 161.572235 125.667946 1.495494 2.452508 100.005699
85 161.414719 125.934761 1.522657 2.620704 97.680206
86 161.468918 125.743172 1.825033 2.408093 101.719208
87 161.324020 125.988678 1.483134 2.493172 73.082779
88 161.179321 126.010345 1.984806 2.338932 102.721634
89 161.133224 126.188950 2.126997 2.207025 95.414871
90 161.190262 125.919212 2.150593 2.152536 83.307816
91 161.150101 126.070297 2.056750 2.194822 87.399307
92 161.019928 126.195992 2.168324 2.286288 59.927998
93 160.960556 126.170334 2.703339 2.189223 42.744530
94 161.045853 126.150078 2.574890 2.253163 66.782845
95 160.851151 125.945068 2.902196 2.223991 23.210970
96 160.732941 126.163895 2.397683 2.146844 65.891235
97 160.726288 126.224068 2.643519 2.177235 25.462040
98 160.658707 126.156311 2.596047 2.285673 49.124043
99 160.678085 126.312332 2.903067 2.291392 40.659077
100 160.602554 126.185188 2.649752 2.224995 70.815933
101 160.557404 126.126671 2.763046 2.256651 47.627003
102 160.432648 126.352150 2.845066 2.359839 38.213726
103 160.299225 126.300217 2.929498 2.228582 43.309433
104 160.225952 126.321777 3.157515 2.263129 21.643274
105 160.225342 126.252602 3.357453 2.157268 21.381296
106 160.404572 126.324646 3.001029 2.266315 35.098492
107 160.232574 126.590408 3.186146 2.308346 16.210049
108 160.229630 126.658882 3.017223 2.310018 37.307892
109 160.101685 126.469559 2.930707 2.270853 44.248165
110 160.150925 126.582825 2.448639 2.269683 60.802586
111 159.996414 126.453178 2.361952 2.358568 48.446800
112 159.954559 126.504967 2.764913 2.226871 53.623898
113 159.737045 126.652664 2.773567 2.185478 37.166088
114 159.539719 126.448418 2.487666 2.522732 47.487991
115 159.249451 126.786362 2.330499 2.235587 40.977924
116 159.326843 127.126671 2.349122 2.303607 42.297127
117 159.005783 127.544403 1.931688 2.252546 64.421364
118 159.396225 127.635788 1.721045 2.542309 76.862595
119 159.218887 127.757721 1.625674 2.287832 64.469337
120 159.118454 127.972816 1.930673 2.127818 47.852085
121 159.106491 128.038406 1.808274 2.029588 46.738235
122 159.082535 128.113571 1.852919 2.304513 79.765854
123 159.263550 128.144852 1.644638 2.176425 55.469765
124 159.428970 128.384705 1.265726 2.322753 61.219765
125 159.464386 128.223404 1.665605 2.423697 74.948952
126 159.269577 127.983238 1.704985 2.204918 48.837009
127 159.124939 128.305054 1.561731 2.191861 67.656898
128 159.084595 127.972069 1.610961 2.205908 50.967857
129 159.102341 128.057800 1.607453 2.049115 34.954906
130 159.001831 127.964890 1.632125 2.140552 36.771610
131 158.901001 128.260101 1.289401 2.195365 67.194572
132 158.773163 128.083694 1.257294 2.244706 46.295238
133 158.663086 128.110214 1.404813 2.248507 51.543316
134 158.655563 127.828941 1.220263 2.199628 53.577950
135 157.932861 127.833298 1.044083 2.295616 64.202271
136 157.962708 128.239746 1.355555 2.271174 63.256664
137 158.163956 128.397064 0.843047 2.152328 54.766426
138 158.114304 128.296600 1.026759 2.503657 71.537674
139 157.960938 128.667831 0.829810 2.187173 81.253662
