%% Trajectory 154
154 133.564056 96.127777 0.800576 1.826874 41.242790
156 133.487396 96.294899 0.923313 1.950146 47.556099
157 133.409393 96.001892 0.803082 2.064193 32.816090
158 133.325272 96.183075 0.738536 2.064023 83.627884
159 132.826508 96.644211 0.863804 2.122800 50.519550
160 133.078262 95.973572 0.647591 1.742368 6.608282
162 133.328918 96.005310 0.788618 2.124650 71.644386
163 133.938873 96.091545 0.857750 2.187236 74.604912
166 133.244095 96.259193 1.171412 1.862789 31.650970
167 133.454971 96.306717 1.285888 2.095400 64.214752
168 133.674255 96.303062 1.376852 2.169221 76.234680
169 133.798309 95.746033 0.876003 2.002105 65.327942
170 133.732010 96.082230 1.444585 2.082927 29.976515
171 133.976028 95.833290 2.114236 1.957264 15.928324
172 133.758362 96.169373 1.632338 2.138791 25.554642
173 133.994431 95.948364 1.457450 2.014356 24.855047
174 133.693161 96.426407 1.383314 2.211290 89.427353
175 133.844254 96.562119 1.940403 2.209980 26.022242
176 133.927048 96.053871 1.935322 1.975246 10.081875
177 133.885498 96.129021 2.172313 1.962426 7.404528
178 133.668625 96.073242 1.929334 1.987032 16.923428
179 133.834595 96.297585 1.929849 2.189273 39.206242
180 133.770767 96.260521 1.784831 2.143892 34.504326
181 133.912247 96.144859 1.922776 1.960401 30.645748
182 133.774704 96.215675 1.723034 1.909811 28.825106
183 133.983063 96.128319 1.619917 1.939776 29.719082
184 134.204758 96.356171 1.453652 2.297392 66.758308
185 133.877090 96.277542 2.015292 2.095551 31.292248
186 133.837280 96.482254 1.998662 2.175092 53.663467
187 134.077347 96.740059 2.210108 2.116831 41.453197
188 134.180649 96.795036 2.193278 2.222061 48.627914
189 133.784988 96.956444 2.002265 2.103685 34.101265
190 133.841980 96.905731 2.261797 2.073696 36.666351
191 134.254303 96.891846 2.183268 2.020043 22.383978
192 133.922653 97.179794 1.497020 1.832911 24.911102
193 134.472763 97.002762 1.775391 2.537912 54.369232
194 133.707458 97.096474 1.798517 2.104986 53.151794
195 134.271225 97.595024 1.223024 2.334025 65.284637
196 134.152771 97.365273 1.726292 2.150700 21.853195
197 134.180023 97.477448 1.800362 2.243590 54.981907
198 133.764191 97.676170 1.429999 1.973078 27.731766
199 134.382751 97.572281 0.890851 2.417648 96.198509
200 134.211746 98.179810 1.116538 2.679895 87.472168
201 134.186264 98.157372 1.813249 2.095456 48.703888
202 134.129913 98.927376 1.504877 2.057551 36.992699
203 134.409393 99.091446 1.944941 2.497905 27.270353
204 134.633469 98.857864 1.303192 2.226145 76.722672
205 134.284027 99.067230 1.456137 2.282608 38.986458
206 133.884033 99.280754 1.223751 2.792133 59.627464
208 134.224884 99.699539 0.823356 1.825744 12.239211
209 133.941284 99.515572 0.981219 2.051301 63.769875
210 134.212982 99.447594 1.024036 2.139473 72.808754
211 134.535568 99.703720 1.176560 2.599900 104.836853
214 133.042755 99.293121 1.288595 1.987259 45.283859
215 133.609634 99.115112 1.464279 2.165731 45.863750
216 133.175278 98.996826 1.209598 1.731559 25.494106
217 133.095917 99.066261 1.034268 2.112964 41.517963
218 133.018768 98.500336 1.161381 2.175004 69.627556
221 132.225510 98.146019 0.861178 1.959729 30.548964
223 131.054581 99.005135 0.692804 2.391035 147.218369
