%% Trajectory 120
78 92.820297 98.151169 0.604741 2.135293 92.449936
80 93.013763 98.313660 0.582677 2.300668 97.168861
81 92.724968 98.090988 0.471861 2.170880 83.500443
82 93.000801 98.187256 0.622062 2.149288 73.996628
83 92.892357 98.692284 0.584132 2.284520 83.326324
85 92.674767 98.623772 0.631195 2.464574 139.551437
86 93.141655 98.746078 0.518855 2.145969 109.642662
87 93.054428 98.679367 0.596715 1.922790 71.916504
89 92.968620 98.251831 0.694508 2.163080 68.768906
90 93.100845 98.215019 0.808539 2.068525 97.151741
91 93.120064 98.291397 0.561477 2.252190 86.531372
92 92.930283 98.304359 0.680080 2.174257 128.935730
93 92.997833 98.392174 0.738860 2.277496 132.114532
94 93.056190 98.427437 0.821213 2.157703 148.288956
95 93.071617 98.282486 0.884523 1.882237 64.275497
96 92.930962 98.381660 0.853806 1.976685 74.455589
97 93.028549 98.214828 0.766871 2.045289 84.382545
98 93.016457 98.416107 1.000156 2.088816 97.453384
99 93.227821 98.477051 1.063578 2.130381 103.327049
100 93.142845 98.398888 0.955901 2.100910 132.382111
101 93.144814 98.412514 1.164471 2.084895 91.651665
102 93.140312 98.257263 0.875643 2.004657 58.752193
103 93.198448 98.507622 1.044178 2.221548 127.972542
104 93.134193 98.312469 1.098003 1.939626 61.124985
105 93.090981 98.542488 0.902177 2.020678 126.946236
106 93.121147 98.302643 1.170061 2.017721 87.673065
107 93.099640 98.400505 1.224658 2.149624 96.040840
108 93.088882 98.249153 1.238211 2.122876 95.616333
109 93.028374 98.444313 1.006071 2.155143 115.543816
110 93.252663 98.422546 1.177547 2.147315 99.604866
111 93.281097 98.281120 0.963050 2.022810 85.313995
112 92.937225 98.301369 0.951507 2.061400 104.934509
113 92.934471 98.443970 1.033852 2.078575 109.045975
114 92.831223 98.388084 0.972583 2.165894 137.319733
115 92.742981 98.416588 1.019852 2.126686 137.214325
116 92.700478 98.072868 0.943555 2.099871 139.532303
117 92.608902 98.188889 0.993418 2.010461 106.461006
118 92.540665 97.932907 1.071702 2.197966 112.097023
119 92.268120 98.212540 1.145154 2.174310 110.914986
120 92.158966 98.082779 1.180111 1.981313 73.147423
121 92.134148 98.160553 0.856415 1.970047 110.487083
122 92.096588 98.347366 0.771103 2.017454 83.500221
123 92.171547 98.187828 0.968286 1.948780 75.864082
124 92.074959 98.268524 0.956399 2.075536 68.245163
125 92.185303 98.055611 0.818042 2.076115 145.549026
126 91.808754 98.200195 0.794022 2.059802 94.695076
127 91.895996 98.127434 0.730406 2.021558 91.935036
128 91.830528 98.194511 0.932827 2.165461 112.128090
129 91.766624 98.129211 0.858189 2.025558 104.102356
130 91.631294 97.989944 0.649281 2.170354 85.199203
131 91.153366 98.161644 0.553439 2.219836 99.410866
132 91.280693 97.639175 0.428029 2.203670 93.539177
133 91.083488 97.947075 0.547619 2.378879 89.114487
135 90.253716 97.406898 0.521344 2.066845 65.094849
136 90.434311 97.485092 0.547846 2.547019 78.074615
137 89.843765 97.177116 0.414180 2.129687 76.814667
138 89.629539 97.641411 0.583682 2.015788 64.044792
139 89.783394 97.534447 0.597568 2.153181 129.707901
140 89.320015 97.152153 0.590653 2.183599 121.799065
143 89.320297 97.106644 0.540808 2.030443 73.334579
145 88.900696 97.041061 0.419463 2.075665 81.656860
146 89.126678 96.827759 0.472043 1.834287 38.879681
147 89.315575 96.629189 0.562618 2.209912 129.867966
149 88.847633 96.625877 0.354683 1.929237 34.596424
152 89.540024 97.201523 0.608333 2.550827 105.664680
155 89.821022 96.976349 0.360877 1.726797 58.110180
