%% Trajectory 293
217 15.827226 32.737251 1.215108 2.485480 67.299438
218 16.190218 32.847103 1.092008 2.625510 70.824181
220 15.711859 33.177315 1.230461 2.240583 127.115578
222 15.792682 33.350452 1.076615 2.109884 132.023544
224 16.121555 32.923367 0.991010 2.214414 31.587393
225 15.782299 32.899326 1.086193 2.021116 67.595818
226 16.003958 32.748653 1.670658 2.192423 105.884575
227 15.971130 33.342075 1.186152 2.130528 25.872725
228 15.389909 33.174530 1.477413 2.195295 88.475372
229 16.105085 33.413486 1.742289 2.202811 77.854027
230 15.600605 33.035564 1.934175 2.170774 76.730965
231 15.784172 33.095428 1.537192 2.121415 74.214745
232 15.986988 33.288525 2.110803 2.204372 73.965736
233 16.000841 33.262791 1.954957 2.039410 49.069767
234 15.992149 33.161709 2.121083 2.035297 41.487995
235 15.898836 33.103809 1.913868 2.093126 75.559326
236 15.963518 32.955154 2.495327 1.981684 29.438099
237 16.100361 33.533360 2.405525 2.102036 33.739815
238 15.885736 33.059170 2.019200 2.197143 54.952579
239 15.955836 33.219982 2.194362 2.074207 40.584423
240 15.791795 33.230629 2.081002 2.130131 67.744316
241 15.824189 33.325535 2.095016 2.017316 51.928761
242 15.999605 33.120018 2.165764 2.008112 50.656769
243 15.749392 32.992241 2.006691 2.169146 59.173428
244 15.738651 33.227551 2.211945 2.099276 22.678862
245 15.948342 32.982861 2.653649 2.110452 11.310523
246 16.203482 33.135441 2.627360 2.275618 34.240063
247 15.772293 33.139858 2.463556 2.130121 41.650059
248 15.731641 33.177498 2.032372 2.252503 28.757032
249 15.769093 33.043659 2.643165 2.150819 47.321609
250 15.957416 33.194042 2.844966 2.038980 16.265852
251 15.738404 33.297314 3.316267 2.177967 9.967522
252 15.782523 33.258457 3.310734 2.161932 29.141901
253 15.956655 33.177750 3.602606 2.077351 17.013260
254 15.687397 33.186440 2.920477 2.019686 15.913464
255 15.829355 33.041470 3.089010 2.129258 25.983261
256 15.740484 33.101131 3.197118 1.999174 29.547590
257 15.652783 33.053143 3.509987 2.196587 34.593323
258 15.671704 33.163540 3.079383 2.261851 29.703844
259 15.832027 33.008190 2.922091 2.034603 15.259946
260 15.618751 33.281593 3.358396 2.137625 11.934106
261 15.718472 33.126617 3.996296 2.189830 3.441951
262 15.699853 33.323261 3.538903 2.208552 15.592299
263 15.769272 33.072369 3.092699 2.075558 14.722053
264 15.774924 32.999664 3.423593 1.983730 25.039391
265 15.984869 33.159992 3.844432 1.988528 5.031050
266 15.860518 33.091297 3.627213 1.991749 2.367692
268 15.811931 33.264759 4.163066 2.000598 3.399978
269 15.817919 33.101784 4.023663 2.072754 1.892493
270 15.786023 33.070938 4.409202 1.977584 6.584011
271 15.894020 33.101093 4.701695 2.044475 2.783376
272 15.819297 33.116554 5.686361 2.050977 0.790274
274 15.958206 33.252728 4.811331 2.020127 11.186667
275 15.767867 33.237427 5.212949 2.134895 4.728791
276 15.817324 33.348289 4.970984 2.137154 5.112164
277 15.971814 33.261436 4.684852 2.017720 0.857425
278 15.911326 33.269329 5.659030 2.075772 1.502570
279 15.853068 33.270271 6.021995 2.050759 0.350056
280 15.807999 33.290802 5.846255 2.053367 0.000013
281 15.986280 33.157799 4.875839 2.118309 0.219806
282 15.886609 33.347561 5.512450 2.017010 0.040047
283 15.972081 33.097630 4.930605 2.043348 0.033627
284 15.784567 33.235321 5.205922 2.045404 0.004542
285 16.097868 33.284283 5.680986 2.136831 0.402889
286 16.060463 33.262146 4.760940 2.104723 0.117672
287 15.984587 33.236015 5.196015 2.037359 0.144213
288 15.950135 33.197056 5.199091 2.053757 0.729433
289 15.943865 33.069019 5.796235 2.024270 0.579885
290 15.952720 33.327625 5.213734 2.116649 0.246883
292 16.311672 32.981956 6.640879 2.125234 0.007982
294 16.547531 33.041084 5.291596 2.082005 0.000005
295 16.661335 32.986652 5.240509 1.965049 0.615698
296 16.712688 32.986187 5.252412 2.111050 0.996993
297 16.750772 32.813133 5.826802 2.080692 0.000000
298 16.725504 32.707466 4.862020 2.156869 0.291148
299 17.082615 32.732334 4.475669 2.142132 2.847876
300 16.699493 32.940639 4.357213 2.031472 2.210460
301 16.920469 32.831722 4.621193 2.002836 0.959861
302 16.941748 32.833630 3.942009 1.986775 4.302581
303 16.994539 32.723267 4.705343 2.070658 0.423236
304 17.045721 32.698097 3.781367 2.028015 0.111653
305 17.265093 32.870430 3.546072 2.047809 12.479558
306 17.084850 32.802734 3.813213 2.072442 2.636164
307 17.357395 32.497219 3.524393 2.325723 15.456658
308 17.411814 32.756207 4.203179 2.180643 7.160457
309 17.294672 32.651138 3.721869 2.282155 11.388187
310 17.089891 32.411030 3.304642 2.198740 27.528154
311 17.326818 32.037907 3.430299 2.318454 31.215158
312 17.383955 32.261204 3.175710 2.166207 27.162071
313 17.345552 32.097397 3.494651 2.151315 18.770189
314 17.338793 32.360985 3.044454 2.443068 22.807804
315 17.449112 32.255314 3.101028 2.566780 11.630784
316 17.471930 32.594196 3.018263 2.287803 44.099998
317 17.526800 32.389366 2.892913 2.305980 29.270588
318 17.542526 32.264477 2.306667 2.149177 33.539631
319 17.434147 32.364689 2.519451 2.343849 22.020151
320 17.690763 32.162914 2.036219 1.945612 36.707447
321 17.803679 32.293945 2.423668 2.017561 34.474491
322 17.593748 32.441742 1.527351 2.274192 59.786243
323 18.167427 32.524288 1.398461 1.930089 64.872070
324 18.162910 32.661911 2.205634 1.833621 37.699837
325 18.631094 32.754406 1.745983 1.893690 39.483917
326 18.947742 32.717873 1.451323 2.501958 124.068016
327 19.604044 33.161606 1.451897 2.591668 105.935349
