%% Trajectory 126
102 97.960480 111.543510 1.302498 2.672540 23.753342
105 97.838585 112.273491 1.557592 2.469733 100.682281
106 97.644196 112.226929 1.686931 2.662568 116.998543
107 97.286278 112.023636 1.884570 2.518627 42.743259
108 97.378227 112.167885 2.019103 2.302520 51.636963
109 97.553482 112.196060 2.013934 2.392490 64.301407
110 97.407761 112.352913 2.158776 2.291609 67.594093
111 97.734413 112.590981 2.911962 2.566461 30.133461
112 97.096268 112.334564 2.259826 2.484715 75.817169
113 97.648964 112.614952 2.505948 2.492696 36.173737
114 97.075920 112.273705 2.606981 2.135960 27.910494
115 97.384705 113.070229 2.627785 2.181176 31.114485
116 97.423866 112.696602 2.892008 2.397094 31.731962
117 97.024353 112.472855 2.834178 2.339434 20.170685
118 96.984009 112.429764 2.388769 2.294130 29.853338
119 97.009567 112.472603 2.542762 2.341339 31.074774
120 96.567848 112.383133 1.957646 2.419259 28.340063
121 97.337807 112.539810 2.068480 2.257812 30.661367
123 97.198730 112.264351 2.395118 2.192301 46.524273
124 97.010582 112.124329 2.345111 2.208436 50.001701
125 97.070465 112.633118 2.300007 2.390333 36.191219
126 96.862541 112.828079 1.876272 2.206416 36.344624
127 97.261459 112.544006 1.253921 2.413861 107.179222
128 97.214752 112.455574 1.505877 2.032367 45.352947
129 96.865471 112.155884 1.609673 2.026564 54.395840
130 96.971626 112.410103 1.570454 2.107914 52.650837
131 96.449020 112.573692 2.008200 2.367947 76.109520
132 96.629105 112.628784 1.320645 2.122612 71.787788
133 96.553040 112.298134 1.641737 2.371491 80.648300
134 96.416374 112.238091 1.676286 2.095839 80.199486
135 96.162125 112.788338 1.372720 2.467462 85.935326
137 95.565346 111.692909 1.402112 2.451589 77.523346
138 95.946480 111.442757 1.282855 2.516475 96.454117
139 95.868622 111.587646 1.354501 2.165861 79.555458
141 96.477486 112.514450 1.023646 2.507201 129.124405
143 96.397728 111.990746 1.038224 1.912131 48.975731
144 96.048973 111.665932 1.020872 2.230033 69.742096
