%% Trajectory 256
328 97.977303 106.854637 1.064008 2.148254 131.514847
331 98.233192 106.781403 0.992686 2.235148 144.571808
332 97.935150 107.183487 1.004370 2.298658 145.457855
334 98.321388 106.830116 0.790874 2.141890 114.148651
336 98.125153 107.250351 1.026523 2.486946 146.923126
337 98.396439 107.139038 0.797314 2.463616 87.121788
339 97.847809 106.804977 1.042979 1.833676 48.556244
340 98.564827 107.173149 1.245859 2.303424 137.777649
341 98.021805 106.969177 1.277064 1.944052 102.030518
342 97.722084 106.832352 1.052575 2.037891 147.659592
343 98.113548 106.792152 0.948252 2.359909 149.125717
344 98.021423 106.922791 1.177397 2.436017 139.753448
345 98.027443 106.866669 1.171866 1.898092 71.719933
346 97.959457 106.732391 1.295624 2.154418 134.240128
347 98.044830 106.582558 1.062580 1.967891 105.512222
348 97.945137 106.689453 1.186378 1.907467 93.802940
349 98.295250 106.541985 1.236380 2.353122 167.825790
350 98.108986 106.939453 1.054941 2.019688 119.496338
351 98.198151 106.608940 1.305660 2.096545 109.689377
352 98.112968 106.665070 1.432135 2.051978 62.668697
353 97.835777 106.584564 0.963561 2.204279 129.707153
354 98.141808 106.423645 0.945065 1.923787 73.012383
355 98.218300 106.977264 1.197157 2.108067 158.861557
356 98.258156 106.680290 1.077486 2.217180 138.175232
357 98.343826 106.720306 1.149214 2.203196 120.738960
358 98.205109 106.869263 1.150223 1.873057 70.890854
359 97.977890 106.432838 1.294610 2.130184 101.342598
360 98.164864 106.641273 1.097566 2.078345 103.282867
361 98.229050 106.688606 1.321393 2.174012 110.369934
362 98.113243 106.656311 1.398787 2.127845 71.462654
363 97.994591 106.661629 1.217188 2.222091 143.126328
364 98.129608 106.620872 1.637810 2.252149 50.455685
365 98.160217 106.698112 1.690693 2.094411 63.810432
366 98.335892 106.797127 1.248931 2.098019 93.399910
367 98.310738 106.595482 1.141347 2.142061 145.136536
368 98.042030 106.457428 1.384681 2.222779 97.697784
369 98.197411 106.830139 1.898632 2.017570 30.239609
370 98.150230 106.912430 1.682034 2.061439 66.833755
371 98.145088 106.772682 1.560182 2.063511 48.245052
372 98.292175 106.714767 1.517227 2.416116 67.762962
373 98.041054 106.646889 1.755098 1.979066 26.922016
374 98.033752 106.879974 1.869353 2.160042 41.588982
375 97.988495 106.717041 1.189203 2.043448 93.923431
376 98.162842 106.872276 1.406244 2.026366 55.031971
377 98.117310 106.801109 1.781775 1.988537 34.213242
378 98.276031 106.738747 1.351533 2.024990 83.252060
379 98.170540 106.817909 1.634867 1.916498 41.571861
380 98.166809 106.737930 1.339478 1.953739 63.402515
381 98.412956 106.781181 2.105499 2.162798 21.750322
382 98.093330 106.756989 2.116529 2.078565 27.186625
383 98.077530 106.601021 1.785080 2.085091 34.174927
384 98.193451 106.841957 1.486893 1.956009 59.683857
385 98.291054 106.963348 1.645839 2.011585 41.686413
386 98.274574 106.799026 1.738451 2.128422 37.929253
387 98.317589 106.757027 1.446819 2.002979 82.480797
388 98.488991 107.037636 1.409825 2.165356 70.368813
389 98.541794 107.096222 1.348908 2.181382 101.011337
390 98.354698 106.630196 1.249378 2.157750 106.500290
391 98.215378 106.901573 1.352753 1.995091 93.435608
392 98.159943 106.816833 1.418176 1.901251 61.612827
393 98.340775 106.728065 1.363426 2.176326 118.239349
394 98.228546 107.095757 1.619397 2.002851 44.047741
395 98.297340 106.895294 1.435337 2.032958 68.741875
396 98.176453 106.691154 1.470763 1.975878 50.271496
397 98.187889 106.802826 1.147802 2.112906 114.898918
398 98.068832 106.693459 1.384882 2.047453 113.461327
399 98.307190 106.961235 1.695865 2.057787 77.430061
400 98.196068 106.566185 1.758058 2.118963 50.080788
401 98.177917 106.774567 1.357335 1.853547 52.592224
402 98.149124 106.820396 1.964303 1.947644 29.952696
403 98.502541 106.895584 1.254548 2.102381 140.190796
404 98.184708 106.724159 1.386390 1.976988 94.706573
405 98.190170 106.910515 1.710830 2.077493 51.444466
406 98.311440 106.675911 1.347938 2.097919 104.218918
407 98.382126 106.668793 1.472916 2.148798 110.976547
408 98.389069 106.947433 1.299192 2.147099 149.003784
409 98.426323 106.869186 1.833644 2.117224 68.737267
410 98.289558 106.958145 1.617408 1.994274 44.179283
411 98.177368 106.732170 1.319453 1.898357 64.294479
412 98.256020 106.690849 1.595118 2.149229 66.735847
413 98.472679 106.659370 1.224862 2.359602 107.572777
414 98.568657 106.890450 1.582378 2.156903 73.944717
415 98.137100 106.672356 1.389710 2.072119 89.973862
416 98.095543 106.621063 1.556590 1.910516 39.221207
417 98.695969 106.520439 1.753668 2.520442 57.045593
418 98.327530 106.754822 1.357946 1.917171 76.379402
419 98.240677 106.730774 1.210225 1.869938 68.993973
420 98.296234 106.680344 1.140561 2.169605 117.265144
421 98.330605 106.591118 1.187377 2.033284 98.036484
422 98.529617 106.554047 1.204118 2.397916 64.812447
423 98.482376 106.657486 1.312614 2.240313 93.549553
424 98.301804 106.726768 1.706937 2.132424 64.870560
425 98.317520 106.716179 1.380475 2.137142 113.665298
426 98.625168 106.796532 1.553292 2.289956 78.692451
427 98.558067 106.655968 1.319756 2.196733 107.832191
428 98.285904 106.866173 1.275558 1.972139 95.704231
429 98.824226 106.703621 1.360000 2.254543 127.447899
430 98.276138 106.954369 1.696262 2.001801 80.692108
431 98.804268 106.856400 1.382509 2.093064 120.915489
432 98.286179 106.746437 1.399971 2.117418 114.908371
433 98.540825 106.838249 1.392191 2.123262 95.941223
434 98.652412 106.733192 1.566268 2.372365 123.434586
435 98.692200 106.761162 1.580115 2.360528 104.945648
436 98.575127 106.909538 1.335193 2.080877 122.066574
437 98.547928 106.842949 1.302504 2.350634 102.700722
438 98.512444 106.868111 1.525198 2.223701 135.264008
439 98.476372 106.770363 1.335534 2.467391 129.076279
440 98.644371 106.663040 1.354728 2.248130 129.923340
441 98.706261 106.800621 1.467071 2.091845 108.478058
442 98.240639 106.763618 1.220749 2.108876 153.078262
443 98.312393 106.851799 1.221045 2.100751 142.697067
444 98.620811 106.929581 1.017814 1.919766 88.491951
445 98.760727 106.865860 1.472700 2.241846 137.418762
446 98.506569 106.938278 1.205675 2.096350 108.747131
447 98.579437 107.016724 1.411019 2.130180 123.636276
448 98.518272 106.952873 1.410586 2.270437 132.777069
449 98.524460 106.914268 1.013657 2.137473 109.361946
450 98.754341 107.043114 1.091658 2.158835 144.518524
451 98.809731 106.596222 1.129057 2.260541 117.087769
452 98.865105 106.839432 1.325768 2.253404 157.077499
453 98.776749 107.001678 1.198016 2.094245 117.659447
455 98.350853 107.056000 1.279337 2.143775 160.479172
456 98.603973 107.115654 1.449667 2.116868 111.650139
457 98.707512 107.238548 1.330659 2.123794 114.791908
458 98.567612 107.078445 1.179974 2.374182 121.652107
459 98.872025 106.897552 1.133947 2.331063 121.521095
460 98.956337 107.162453 1.416401 2.109092 127.565956
462 99.355782 107.065369 1.273033 2.435512 132.315201
