%% Trajectory 329
274 140.450638 22.041935 1.089131 2.928686 139.892822
276 141.246185 23.585844 0.901206 2.602586 134.540115
278 140.725906 22.677092 1.264426 2.947602 115.331734
280 140.387314 21.232615 0.862238 2.888571 138.511719
282 140.544113 21.310085 1.197353 2.618426 162.503052
284 141.065887 22.070284 0.940816 2.555995 177.663254
287 140.434967 21.336491 1.119322 2.698639 170.716492
288 140.181778 21.703747 0.912837 2.534026 188.067596
291 140.783279 21.060402 1.375314 2.652108 174.847214
292 140.804443 21.781992 1.164127 2.775601 127.463020
293 140.260117 21.982786 1.087308 2.946299 58.898174
295 141.062668 21.018267 1.103846 3.057041 74.946617
297 140.210037 21.692429 1.455973 2.617861 131.055771
298 140.693039 21.356600 1.000644 2.563222 145.352066
299 140.625000 21.926271 1.804105 2.504972 112.205666
301 140.271622 21.642368 1.411230 2.690047 139.440536
303 140.398834 22.176987 1.355215 2.600485 132.935715
304 140.355728 21.721933 1.252589 2.709442 138.746597
305 140.580780 21.419283 1.072882 2.686824 141.514053
306 140.764374 21.914597 1.517615 2.962801 71.807251
307 140.606369 21.425234 1.684061 2.739620 82.088913
308 140.747589 21.288540 1.469550 2.748838 174.008148
309 140.688950 21.871649 1.670975 2.647738 129.989304
310 140.516846 21.480877 1.078518 2.638807 176.183426
311 140.979416 21.417627 1.578310 2.683638 113.504051
312 140.813934 21.899591 1.597399 2.575002 148.885910
313 140.620255 21.832924 1.370032 2.655881 133.578430
314 140.907349 22.026913 1.476270 2.578430 138.387085
315 140.351135 21.447626 1.713414 2.426045 113.289322
316 140.307785 21.340696 1.346116 2.096401 152.077362
317 140.753540 21.272316 1.272596 2.274774 186.038635
318 140.666138 21.294392 1.336177 2.505286 183.295792
319 140.316010 21.748713 1.376168 2.319211 142.717987
320 140.259903 21.668600 1.015640 2.030969 112.933266
321 140.435379 21.169659 1.462925 2.494308 161.351730
322 140.656662 20.929611 1.858540 2.062301 82.829025
323 140.284363 21.192213 1.787196 2.681184 82.551895
324 140.416962 21.145020 1.562925 2.440366 163.937729
325 140.356445 21.679131 1.110511 2.314517 205.902832
326 140.404144 21.324396 1.353262 2.306351 104.378922
327 140.846573 21.773674 1.180508 2.300787 194.586731
328 140.406235 21.561247 1.240765 2.477069 181.763016
329 140.757660 21.782846 1.431740 2.380692 195.170059
330 140.379639 21.734110 1.371884 2.302467 125.438843
331 140.191162 21.217402 1.144637 2.137673 117.565453
333 140.229813 21.497829 1.663032 2.341318 109.634552
334 140.303757 21.763641 1.990994 2.170738 88.212990
335 140.378510 21.866337 1.846219 2.119685 88.570984
336 140.058609 21.610697 1.594608 1.964421 110.203186
337 140.379562 21.745394 1.530509 2.208787 128.849014
338 140.042572 21.457706 1.683402 2.174468 104.718658
339 140.276016 21.269144 1.613108 1.998472 83.926743
340 140.575790 21.650782 2.301271 2.281526 58.297291
341 140.083740 21.364599 2.082918 1.998218 67.167870
342 140.364426 21.308622 1.796887 2.198976 98.268318
343 140.310287 21.147688 1.898548 2.201328 104.783287
344 140.250092 21.266644 1.639160 2.110375 88.354874
345 140.200989 21.306849 1.615468 2.183840 139.653427
346 140.401306 21.779627 1.679229 2.400827 118.472237
347 140.197800 21.353050 1.955043 2.138829 87.791962
348 140.496017 21.391928 2.361908 2.291825 69.713333
349 140.460419 21.217604 1.772096 2.446685 88.787209
350 140.494492 21.349886 2.036622 2.311554 117.306084
351 140.455811 21.366976 1.767164 2.234229 142.191727
352 140.100647 21.205654 1.942411 1.980726 79.010460
353 140.244110 21.291576 1.864413 2.193742 109.010010
354 140.610031 21.300203 2.008773 2.559491 115.489212
355 140.149811 21.210178 1.688389 2.167413 119.880142
356 140.465454 21.055578 1.671136 2.554527 135.274139
357 140.334167 21.155725 2.525189 2.565233 56.090290
358 140.462051 21.492964 2.196595 2.264007 92.589020
359 140.437637 21.314754 2.124798 2.272924 98.333366
360 140.133499 21.371941 2.238121 2.108514 87.747307
361 140.494614 21.051689 1.941448 2.251098 120.882515
362 140.213608 21.266386 2.102480 2.011621 77.389053
363 140.195435 21.162283 2.005737 2.198439 119.809235
364 140.121597 21.407104 1.563916 2.213031 142.091705
365 140.019257 20.978155 1.766066 2.066549 118.450356
366 140.380737 21.291159 2.208400 2.273051 69.122154
367 140.246902 20.956852 1.499881 2.052976 120.786400
368 140.537933 21.577072 2.056189 2.280461 107.294327
369 140.268707 21.220852 1.573082 2.063040 119.591003
370 140.294159 20.965033 1.793346 2.090958 92.326950
371 140.347015 21.380173 2.364026 2.327714 79.216087
372 140.332199 21.798592 2.174412 2.132718 106.269989
373 140.481537 21.128498 2.241660 2.237282 90.349724
374 140.208038 21.080143 1.700051 1.959378 120.290131
375 140.418152 21.171528 2.091168 2.211951 138.601776
376 140.582642 20.807671 2.092288 2.513592 94.743767
377 140.038910 21.228277 2.262324 1.948576 83.605797
378 140.209595 21.162722 1.956554 2.159888 172.750458
379 140.328415 21.067593 1.409751 2.301206 100.056732
380 140.169632 21.474876 2.020604 2.237326 112.287804
381 140.290527 21.057289 2.080159 2.024328 77.637878
382 140.569626 21.220377 2.038673 2.356520 97.642235
383 140.350006 21.109383 1.901128 2.066977 116.199036
384 140.265320 21.346424 1.695549 2.535829 120.434296
385 140.305847 21.385521 2.062359 2.210180 106.110054
386 140.405762 21.071360 2.207402 2.266091 105.096558
387 140.098389 21.111881 1.886510 2.210657 107.426193
388 140.282089 21.556879 2.079548 2.237481 101.348892
389 140.419739 21.526787 1.889124 2.312331 129.551559
390 139.981750 21.084801 1.580139 2.008926 114.075958
391 140.458527 21.287527 1.815217 2.163340 88.344681
392 140.389954 21.270130 1.768789 2.304769 111.058044
393 140.253708 21.043617 2.646491 2.090231 44.084171
394 140.405579 21.114311 2.386274 2.286294 63.012470
395 140.275772 20.857056 2.255383 2.051628 62.563457
396 140.281281 21.131151 2.068780 2.097727 79.333069
397 140.643250 20.947834 2.309911 2.160839 78.799530
398 140.284302 21.444876 2.083288 2.328393 75.822182
399 140.381241 21.126163 1.969142 2.276278 87.362366
400 140.476151 21.264908 2.244320 2.290948 67.324638
401 140.533997 21.290154 2.235931 2.323591 64.136879
402 140.204376 21.238407 1.842950 2.294549 116.656700
404 140.366348 21.339277 2.696558 2.213475 74.546135
405 140.476746 21.075819 2.444215 2.251758 69.435677
406 140.524734 21.484325 2.470324 2.392387 59.202747
407 140.046677 21.305864 2.398497 2.222594 62.649216
408 140.299530 21.531507 2.089297 2.219348 83.265205
409 140.385590 21.139107 2.377045 2.222682 59.789673
410 140.060196 21.220572 2.375026 2.214937 83.348831
411 140.067978 21.350540 2.039080 2.017219 81.065399
412 140.342834 21.506136 2.627619 2.353015 39.088818
413 140.384506 21.297596 1.961313 2.285993 108.141586
414 140.446548 21.275106 2.331250 2.340417 106.488358
415 140.409348 21.159027 2.694079 2.211900 79.134789
416 140.479080 20.929667 1.979902 2.716732 48.054607
417 140.299911 21.382370 2.064785 2.241780 132.953598
418 140.163483 21.136677 2.426986 2.044986 76.652382
419 140.395096 21.185244 1.923648 2.188675 97.910339
420 140.551529 21.095713 2.063762 2.113336 90.457153
421 140.246368 21.224455 2.416432 2.169554 86.684998
422 140.430786 21.297010 2.483812 2.247499 89.590797
423 140.275970 21.327631 2.943381 2.277774 67.614326
424 140.371353 21.269302 2.715562 2.211026 57.979427
425 140.307098 21.234949 1.759869 2.132038 78.476471
426 140.341812 21.198891 2.646104 2.198168 73.807220
427 140.201736 21.390385 2.113179 2.165983 100.924934
428 140.031555 21.226114 2.953449 2.155058 51.185604
429 140.583847 21.409908 2.535331 2.282762 70.711563
430 140.236954 21.343281 2.511301 2.265981 107.996040
431 140.368439 21.360264 2.815199 2.226049 58.599232
432 140.307007 21.137640 2.665456 1.979637 35.596561
433 140.262497 21.354162 2.132364 2.244937 97.520325
434 140.181610 21.480062 2.572179 2.254685 53.300064
435 140.531311 21.361370 2.608689 2.408489 56.306206
436 140.162781 21.176609 2.305261 2.132050 48.384315
437 140.530975 21.372271 2.212584 2.423719 49.197891
438 140.317169 21.088825 2.777785 2.106542 23.961040
439 140.387115 21.459452 2.632862 2.541959 56.058403
440 140.291641 21.424417 2.969279 2.278942 33.865944
441 140.413147 21.211884 3.653949 2.256459 33.987305
442 140.377380 21.294146 2.881934 2.216718 17.003685
443 140.389221 21.262112 2.401123 2.239428 36.763454
444 140.670639 21.309938 2.870571 2.273918 33.330811
445 140.393753 21.266430 3.246377 2.387583 34.292465
446 140.463730 21.126930 3.028240 2.428255 23.750877
447 140.491302 21.337227 2.528751 2.385487 39.471195
448 140.431000 21.257521 2.730080 2.308346 39.556454
449 140.689804 21.484995 2.439249 2.397950 39.771820
450 140.556305 21.330730 2.313593 2.466711 54.176247
451 140.529282 21.520636 2.381940 2.551930 41.110516
452 140.608459 21.517124 2.368176 2.483258 33.871071
453 140.623032 21.337763 2.135338 2.204759 57.006836
454 140.632233 21.298714 1.780250 2.485443 60.209610
455 140.380325 21.396856 2.028979 2.197364 61.536446
456 140.414505 21.483812 2.251850 2.507542 44.090736
457 140.811981 21.373398 1.938708 2.268302 65.269501
458 140.438141 21.427090 2.337374 2.399491 61.692074
459 140.391220 21.476215 2.460541 2.294413 59.094238
460 140.671753 21.447685 2.395964 2.518925 51.576359
461 140.603912 21.315744 2.445652 2.269546 93.096985
462 140.681564 21.401087 2.976417 2.299053 52.453762
463 140.845871 21.752846 2.407672 2.247664 63.214615
464 140.673782 21.662897 2.273308 2.308847 41.086506
465 140.855545 21.598143 2.181281 2.205733 77.658409
466 140.925217 21.702185 2.503392 2.193802 63.766655
467 141.137192 21.438946 1.873298 2.279545 39.948360
468 141.410263 21.444611 1.709890 2.593671 24.694986
469 141.373199 21.828377 1.610271 2.202969 59.445118
470 141.477966 21.588921 1.107072 2.831570 33.108467
471 142.188126 21.565292 1.347062 2.396982 55.486347
472 141.411346 21.741781 1.462610 2.120470 67.574707
474 141.480667 21.970560 0.829885 2.257279 58.971584
475 142.110184 21.862082 0.897366 2.261050 109.204605
476 141.892456 21.680529 0.909187 2.072144 65.333923
478 141.445084 21.054150 0.887920 2.292584 62.517845
481 141.427902 21.327583 1.194398 2.300523 95.329765
