%% Trajectory 374
151 145.312668 86.070282 0.529207 1.544710 22.910389
152 145.634079 85.722321 0.521406 1.629050 63.521881
153 145.566055 85.548080 0.407606 1.873125 90.636917
154 145.783325 85.479401 0.507161 1.655395 33.259293
155 145.946198 85.750015 0.639775 1.697576 48.777176
156 146.083237 85.501175 0.651485 1.919639 130.797165
157 146.071472 85.831871 0.525298 1.642613 41.261906
159 146.324799 85.773949 0.546144 1.962672 103.819725
160 145.911194 85.299889 0.558204 1.577474 35.007645
161 146.152832 85.646835 0.513646 1.881970 84.760101
162 146.133286 85.620323 0.529037 1.750959 76.780762
163 146.428955 85.281380 0.464919 1.789463 47.419353
165 145.998047 85.554390 0.560135 1.913819 118.104790
166 146.096237 85.687637 0.599566 1.877459 72.939041
167 146.204529 85.542671 0.536775 1.898685 71.957024
168 146.164444 85.469574 0.738965 1.866870 96.696182
169 146.131546 85.361084 0.693671 1.737825 71.143005
170 146.016296 85.636032 0.675815 1.761147 98.544136
171 146.096497 85.202354 0.849144 1.766047 61.361885
172 146.192902 85.394951 0.882231 1.883150 70.214554
173 145.893814 85.932564 0.600847 2.358366 132.606308
174 146.159149 85.637115 0.586932 1.877773 81.936234
175 145.896484 85.599182 0.811395 2.044883 185.635986
176 145.738571 85.851807 0.593197 2.317995 199.928848
177 146.033188 85.544273 0.601416 2.080681 114.479286
178 145.632950 85.381332 0.600553 2.284313 128.285049
179 145.755951 85.628693 0.622334 2.049796 134.281845
180 145.454834 85.204750 0.707157 1.975389 109.052109
181 145.908890 85.494156 0.877869 1.904969 91.665878
182 145.949677 85.318466 0.622450 1.562951 33.556389
183 145.820587 85.524673 0.784414 2.007268 118.734756
184 145.746811 85.446846 0.799988 2.004215 130.645691
185 145.827271 85.682915 0.752896 1.994582 101.371864
186 145.339264 85.278717 0.855031 1.924798 97.077988
187 145.926895 85.474838 0.733726 1.981726 106.405945
188 145.943558 85.551178 0.552801 2.001556 111.143326
189 145.843597 84.945808 0.716580 2.347638 221.568878
191 145.502899 85.435844 0.530754 1.905180 63.277828
192 145.752380 85.459435 0.777226 2.014567 122.667778
193 145.941650 85.793381 0.932341 2.078377 142.354858
194 145.568878 85.423561 0.741244 1.991568 116.297234
195 145.698654 85.133301 0.942912 1.976799 86.928635
196 145.536224 85.752342 1.040386 2.308229 156.479309
197 145.521042 85.186394 1.084642 2.122715 123.707878
198 145.520477 85.228668 0.859979 2.217104 186.574249
199 145.812073 85.518173 0.788969 2.044640 104.335373
200 145.531189 85.514999 0.646436 2.544894 174.138840
201 145.868576 85.377136 0.720301 2.043731 158.155258
202 145.890823 85.456215 0.597521 2.022515 99.471222
203 145.388168 85.777008 0.928716 2.258642 175.054443
204 145.559189 85.259590 0.974167 2.286486 157.251129
205 145.438507 85.286232 1.273923 2.300896 150.114090
206 145.397659 85.637840 0.940215 2.201511 196.380081
207 145.650650 85.311409 1.155832 2.022404 118.765427
208 145.578781 85.408585 0.803287 2.441285 217.421173
209 145.684326 85.496399 0.830688 2.145081 150.268494
210 145.637665 85.580116 0.838361 2.203637 176.151337
211 145.529922 85.687431 1.093387 2.195365 118.051956
212 145.501251 85.731171 1.212821 2.261489 139.750610
213 145.457642 85.493492 1.103584 2.460269 187.134949
214 145.352371 85.567703 1.065420 2.234671 157.226913
215 145.245972 85.432640 1.149253 2.431569 178.306732
216 145.577087 85.204956 1.238031 2.049122 110.583359
217 145.386124 85.389755 1.091742 2.454791 162.275787
218 145.431763 85.689095 0.956705 2.181111 173.875305
219 145.619537 85.614998 0.789880 2.108101 152.328049
220 145.464111 85.629326 0.978071 2.276552 171.183319
221 145.361374 85.335770 1.126891 2.299550 114.761078
222 145.466248 85.456177 0.991077 2.320275 221.550446
223 145.187637 85.079285 0.968469 2.467777 145.921829
224 145.161957 85.172783 1.037954 2.216845 152.796707
225 145.294739 85.570190 1.039528 2.012375 119.436180
226 145.437485 85.307182 0.935649 2.103888 128.472595
227 145.337311 85.389748 0.871526 2.327507 160.009369
228 145.400665 85.535683 1.224332 2.245592 131.558578
229 145.401474 85.423920 1.538702 2.254258 89.610252
230 145.365158 85.079720 1.180212 2.264605 139.091003
231 145.451675 85.328438 1.213827 2.145320 114.992035
232 145.554428 85.689423 1.386348 2.366433 112.980934
233 145.526459 85.314766 1.363363 2.236245 92.737289
234 145.632126 85.215027 1.004199 2.038048 110.394218
235 145.496201 85.083855 1.305542 2.154462 115.000244
236 145.708725 85.356285 1.453459 2.317101 129.876770
237 145.636200 85.510460 0.954636 2.110659 133.732254
238 145.543411 85.332359 1.344796 2.233960 106.715141
239 145.666397 85.258698 1.220720 1.992843 78.498238
240 145.806519 85.344452 1.351393 2.001538 77.880608
241 145.637726 85.352509 1.254844 2.197662 131.399719
242 145.575165 85.629318 1.180619 2.615855 128.931656
243 145.321136 85.344131 1.132172 2.151982 147.889832
244 145.757217 85.453377 1.199640 2.168412 138.256180
245 145.641129 85.785332 0.996402 2.262861 143.093552
246 145.522385 85.795181 1.136887 2.472374 173.022644
247 145.638748 85.291321 0.962873 2.288806 192.097397
248 145.476639 85.386337 1.300640 2.297002 111.305000
249 145.277008 85.312317 0.890113 2.290129 192.527557
250 145.389801 85.665848 0.986070 2.315292 214.646378
251 145.512955 85.501030 0.917846 2.554191 129.622559
252 145.542725 85.682785 0.768302 2.175993 128.208786
253 145.380951 85.244553 0.924549 2.094029 147.953552
254 145.669754 85.576942 0.860640 2.235642 148.991638
255 145.438461 85.756927 0.965471 2.148391 146.369171
256 145.665115 85.416962 0.894673 2.637459 190.549683
257 145.309372 85.474144 0.986914 2.014112 95.264954
258 145.316818 85.289505 0.796946 2.447726 198.255493
259 145.406296 85.960724 0.822177 1.987698 144.917770
260 145.749817 85.497292 0.623292 2.189059 158.834503
261 145.296097 85.724098 1.023021 2.137005 141.279785
262 145.118149 85.451653 0.555966 1.815011 52.943150
263 145.648575 85.722786 0.830067 2.276677 156.421295
264 145.591187 86.011543 0.712804 2.061199 108.200554
265 145.397034 85.707092 0.910195 2.121361 139.235016
266 145.410934 85.216827 0.803995 2.690346 211.076859
267 145.439850 85.444283 1.008070 2.237911 151.820190
268 145.478561 86.028351 1.037553 2.159345 149.013672
269 145.339294 85.740089 0.801928 1.998067 106.019905
270 145.945129 85.667152 0.756989 1.716405 61.067879
271 145.421829 86.299957 0.909156 2.228947 120.281982
272 145.246674 86.381767 0.659972 2.120022 103.500946
273 145.517227 86.428322 0.476514 2.136055 60.519188
274 145.279236 86.438828 0.557958 2.314661 148.644592
277 145.179855 87.382133 0.470038 2.059531 72.759109
