%% Trajectory 111
115 52.093445 108.331650 0.664872 1.926876 56.848995
117 51.316463 108.539330 1.149609 2.454241 110.463165
118 52.014324 108.372993 0.965706 2.147871 134.322235
119 51.901188 108.353958 1.234936 2.242739 125.895042
120 51.635639 108.808403 1.410804 2.264394 111.206566
121 51.562576 108.489517 1.081829 2.590227 120.990875
122 51.849766 108.521538 1.453623 2.201494 109.912460
123 51.714939 108.565102 1.149658 2.291142 129.862595
124 51.431004 108.247269 1.062304 2.598949 129.270844
125 51.853420 108.709381 1.334981 2.205778 94.777611
126 51.890652 108.459999 1.114486 2.298805 161.624023
127 51.820446 108.393715 1.191133 2.153891 149.281509
128 51.948254 108.433998 1.510992 2.274941 88.678192
129 51.686443 108.349617 1.644608 2.201051 70.180428
130 51.836929 108.388947 1.365017 2.198778 92.389938
131 51.807514 108.250259 1.476616 2.171466 89.875870
132 51.630928 108.254219 1.553801 2.195600 90.531479
133 52.062630 108.477844 1.112560 2.143631 76.271301
134 51.701653 108.571022 1.403240 2.264427 125.835289
135 51.842327 108.451645 1.880463 2.181688 61.106789
136 51.608288 108.298965 1.329873 2.151584 90.016289
137 51.629391 108.405891 1.539465 2.350738 103.825439
138 51.950291 108.366310 1.654269 2.227134 66.752396
139 51.762547 108.487183 1.508840 2.266539 117.149918
140 52.127110 108.284729 1.435369 2.203623 95.428482
141 51.646370 108.656197 1.659780 2.441390 56.855259
142 51.853474 108.188507 1.797648 2.121914 28.148979
143 51.890415 108.357101 1.471391 2.291481 89.009079
144 52.005360 108.223633 1.612629 2.311696 50.474812
145 52.004375 108.243896 1.523244 2.112626 65.210884
146 51.654602 108.369865 1.382407 2.552032 70.749214
147 51.770275 108.152458 1.436761 2.081354 65.955162
148 51.786549 108.209831 1.801200 2.231058 27.411867
149 51.476154 107.931580 1.643315 2.490170 61.950188
150 51.927895 108.295502 1.905308 2.491279 30.802080
151 51.761913 108.221992 1.356773 2.345546 83.931969
152 51.778210 108.252914 1.675266 2.055990 41.551689
153 51.915318 108.338852 1.552224 2.230698 64.696556
154 51.872833 108.293510 1.393213 2.021861 62.891788
155 52.062790 108.146286 1.603281 2.174582 76.720512
156 51.951294 108.404762 1.566711 2.393331 61.481823
157 51.442120 108.303726 1.238390 2.173075 94.179924
158 51.912197 108.446198 1.477076 2.305411 84.904335
159 52.119781 108.330147 1.065985 2.123026 120.335922
160 51.984627 108.422882 1.924444 2.226147 39.496742
161 51.904594 108.414680 1.866234 2.056842 26.255512
162 51.953644 108.234711 1.949648 2.164302 37.410515
163 52.013355 108.352333 2.174025 2.208941 15.882039
164 51.996948 108.290169 1.816450 2.131748 47.256275
165 51.991940 108.358070 1.496393 2.048222 67.247917
166 51.837498 108.284760 1.634990 2.187155 82.557297
167 51.869648 108.440865 1.916570 2.089277 26.189398
168 51.711239 108.211578 1.417095 2.088466 79.532677
169 51.763699 108.430496 1.598807 2.346385 82.568604
170 51.737522 108.253830 1.529081 2.139424 65.896660
171 51.961388 108.233414 1.673211 2.103392 42.964615
172 51.682980 108.290398 1.389902 2.103880 85.034248
173 51.964348 108.372345 1.475639 2.252152 77.912125
174 51.769527 108.630119 1.131701 2.090615 109.806419
175 51.922001 108.170624 1.414208 2.021765 53.562313
176 51.764557 108.352844 1.584992 2.185442 45.820889
177 51.914249 108.349037 1.964209 2.283244 17.771027
178 51.969196 108.332047 1.631874 2.185431 51.480633
179 51.946350 108.264282 1.703797 2.010592 33.685501
180 51.765411 108.465683 1.632223 2.326707 42.166271
181 52.035095 108.147537 1.684402 2.227910 46.504402
182 52.038311 108.399872 1.726059 2.386701 62.817123
183 51.909458 108.169067 1.660956 1.984917 32.071735
184 51.964153 108.188484 1.506908 1.904600 50.709080
185 51.651875 108.712837 1.235910 2.322729 96.128792
186 51.720493 108.272995 1.500372 2.266892 78.682678
187 52.105450 108.434280 1.386081 2.068287 93.746231
188 52.003559 108.165916 1.374065 1.868630 59.273479
189 52.015430 107.885124 1.743941 1.969069 52.068123
190 51.698700 108.141861 1.490486 2.168438 93.420357
191 52.098629 108.398514 1.903452 2.141228 11.986657
192 51.933949 108.249359 1.892197 2.202809 20.630472
193 51.904182 108.172592 1.859083 2.099217 17.466021
194 52.030869 108.318748 1.947814 2.088202 33.582600
195 51.940376 108.597488 1.947273 2.044859 14.985581
196 51.889366 108.398567 2.157574 2.180137 18.146212
197 52.218712 108.349648 1.820027 2.116764 33.889225
198 51.773621 108.243004 1.878373 2.194267 40.504230
199 51.877262 108.466721 2.088360 2.202367 10.904783
200 51.882938 108.339561 1.856262 2.018343 29.396961
201 51.971138 108.409546 2.046751 2.340662 22.333273
202 51.999771 108.635185 1.531582 2.105509 66.009201
203 51.654942 108.545128 1.402327 2.322623 91.826920
204 51.880520 108.200760 1.552868 2.012417 69.585411
205 51.779774 108.388130 1.255459 2.396353 94.401970
206 51.706070 108.603401 1.565050 2.194226 79.444199
207 52.031288 108.422012 1.688013 2.233487 63.606392
208 51.740520 108.459549 1.710871 2.106190 45.840576
209 51.943790 108.463753 1.790886 2.138299 58.311695
210 51.803478 108.248421 1.372076 2.108822 122.104019
211 51.896992 108.465279 1.841790 2.109849 39.345444
212 51.665234 108.626472 1.730029 2.184110 63.640675
213 51.798611 108.578270 2.256750 2.290229 14.926742
214 52.026623 108.211365 1.678205 2.033896 29.195160
215 51.894131 108.338860 1.570322 1.976061 72.074951
216 51.849739 108.304306 1.487815 2.161844 98.599091
217 51.918598 108.140121 1.259635 2.083257 91.112907
218 52.022785 108.330345 1.299395 2.124705 95.352196
219 51.853569 108.390564 1.241743 2.477962 94.684036
220 51.978104 108.167801 1.473694 2.055417 101.348000
221 51.805347 108.530182 1.731208 2.279756 117.592285
222 51.932068 108.330269 2.077457 2.014238 34.101707
223 52.044670 108.526733 2.061896 2.248441 48.759789
224 52.008759 108.365051 1.858605 2.221077 70.441574
225 51.829960 108.143181 2.143039 2.135442 24.677858
226 52.044743 108.301834 1.958908 2.161144 75.237045
227 51.931290 108.412682 1.998448 2.141226 24.494179
228 52.063416 108.122330 2.121348 2.043044 14.347123
229 51.870583 108.399033 2.298539 2.217796 14.700507
230 51.920563 108.384529 2.222581 2.164554 24.508581
231 51.990932 108.344086 2.532765 2.071755 9.731729
232 52.049286 108.219238 2.441050 2.005765 11.731782
233 52.150894 108.282127 2.456445 2.264125 23.958355
234 51.870708 108.402412 2.282063 2.207498 22.687967
235 51.813118 108.516357 2.078188 2.172932 14.866467
236 52.085072 108.459427 1.818897 2.263805 54.089844
237 52.052959 108.401329 2.351709 2.171622 29.733982
238 51.947342 108.255791 2.160717 2.086749 32.197590
239 52.077816 108.322762 2.751700 2.290725 6.917984
240 52.288944 108.208176 2.214057 2.219398 33.621838
241 51.865620 108.471786 2.213502 2.197029 36.706329
242 52.167377 108.100090 2.560784 2.132613 21.445631
243 52.060265 108.214516 1.943966 2.256675 36.245140
244 52.166340 108.175591 2.672022 2.101209 26.728880
245 51.938709 108.253105 1.999617 2.139161 38.964161
246 52.024311 108.160194 1.944633 2.209936 34.246307
247 52.207279 108.290962 1.947084 2.153721 36.720757
248 52.092823 108.405243 1.877595 2.188198 35.417557
249 51.953766 108.265350 2.757209 2.107673 15.152478
250 52.034100 108.436485 2.415385 2.268601 29.494837
251 51.983074 108.158035 2.719884 2.159510 21.842091
252 52.124714 108.144463 2.668064 2.065301 12.362300
253 52.086048 108.077332 2.344419 2.078305 7.710211
254 52.187222 108.144409 2.239437 2.114944 22.556623
255 52.091038 108.145874 2.263921 2.116431 32.888290
256 52.153774 108.063904 2.670985 2.167191 13.567891
257 52.161079 108.277954 2.633456 2.150836 2.887943
258 52.175274 108.344421 2.537386 2.488486 26.259914
259 52.022091 108.204590 2.454103 2.176234 9.298603
260 52.089069 108.175148 2.597145 2.145533 6.011199
261 52.128338 108.234726 2.009650 2.109133 23.895433
262 52.349937 108.178429 2.192488 2.373415 15.868032
263 52.216331 108.205612 2.104475 2.172359 25.580910
264 52.239510 108.305153 2.119719 2.252353 17.987978
265 52.002010 108.131821 2.033333 2.265861 23.691198
266 52.056305 108.418747 1.640384 2.309829 64.728683
267 52.118988 108.453178 2.474190 2.267746 23.643524
268 52.295834 108.232971 2.258826 2.270532 30.407381
269 52.174057 108.159431 2.156096 2.129633 7.787425
270 52.219563 108.116814 2.388287 2.249163 16.387651
271 52.189266 108.372795 1.717237 2.227890 39.083534
272 52.381626 108.080284 2.100039 2.203085 25.695026
273 52.228500 108.222389 2.137966 2.186114 16.716024
274 52.413998 108.164093 2.334675 2.314276 20.109499
275 52.212997 108.039131 2.285871 2.142058 18.663130
276 52.171417 108.032982 2.215460 2.091092 20.373144
277 52.304279 107.949188 2.095806 2.221714 33.829517
278 52.179989 108.245369 1.938394 2.391735 34.841164
279 52.165192 108.173363 2.171289 2.135334 17.458881
280 52.356907 108.144257 1.699220 2.419114 73.051910
281 52.356174 108.109276 2.227636 2.124619 14.514084
282 52.387344 108.201286 2.321082 2.217430 15.725336
283 52.379856 107.966560 2.237003 2.247834 23.517469
284 52.450588 108.209785 1.904107 2.355170 31.274427
285 52.594318 108.143684 2.108262 2.315889 24.484276
286 52.439308 108.319229 2.041339 2.333464 48.847240
287 52.657112 108.576790 1.681926 2.423470 62.501770
288 52.564556 108.248039 1.775072 2.515686 38.178627
289 52.850208 108.617332 1.409278 2.309453 94.213570
290 52.797337 108.590454 1.358866 2.498480 105.299660
291 52.985847 108.319267 1.486752 2.364315 88.690437
292 52.791050 107.987831 1.102087 2.178312 109.410843
293 52.665649 107.982185 0.893037 2.093827 119.025459
294 52.622299 108.372208 1.033961 2.395553 138.321655
295 53.129669 107.927208 0.933327 2.296988 107.798897
297 52.359200 108.613113 0.906890 2.339718 93.365120
298 52.467319 108.624908 0.768378 2.345831 68.083214
299 53.101254 108.484474 0.593879 2.328121 82.660835
301 52.733479 107.697418 0.900881 2.569890 120.096870
302 53.219574 107.967888 0.896804 2.073002 132.899734
303 52.788979 108.136917 0.835743 2.475571 140.607971
