%% Trajectory 1
0 12.433585 55.061245 1.944291 2.177082 95.454597
1 12.421248 55.256340 2.050521 2.169013 128.030182
2 12.608959 54.802395 1.618243 2.200464 125.906120
3 12.439151 55.120815 2.254385 2.153462 63.899002
4 12.320770 55.101955 1.661341 2.168824 127.571747
5 12.516691 55.079800 1.771957 2.135647 123.005714
6 12.387704 54.971153 2.157880 2.239438 93.574905
7 12.328977 54.851353 2.038015 2.015250 72.592789
8 12.402514 55.270515 1.677126 2.227739 144.355164
9 12.395019 55.239662 1.878208 2.185440 112.776207
10 12.354448 54.988319 2.239653 2.163051 69.106293
11 12.414489 54.973114 2.823791 2.239150 62.354027
12 12.607744 54.964699 2.389294 2.512953 77.451736
13 12.489123 55.127769 2.459021 2.177948 79.579285
14 12.614458 54.955101 1.998967 2.087143 90.991318
15 12.564949 55.326130 2.199029 2.295467 105.126549
16 12.541371 54.834717 2.458408 2.302230 109.023285
17 12.470861 54.862888 2.440264 2.379467 94.112846
18 12.463265 55.176746 2.359608 2.283265 86.428352
19 12.503372 54.948021 2.218655 2.177454 94.797333
20 12.667686 54.745754 2.357968 2.288911 88.206818
21 12.463176 55.027256 2.609020 2.273929 78.717514
22 12.302171 54.865101 2.723004 2.215814 46.522568
23 12.420864 54.994915 2.477158 2.120608 61.366653
24 12.635257 55.045067 2.894364 2.112201 25.272717
25 12.544897 54.833698 2.702263 2.191428 46.054527
26 12.332099 55.004513 2.416663 2.132886 74.697861
27 12.536615 55.014755 2.476037 2.153376 56.104000
28 12.457488 54.856770 3.068572 2.428667 35.274616
29 12.614139 54.919716 2.558129 2.020812 61.337307
31 12.599541 54.743862 3.190390 2.137954 34.476662
32 12.521315 54.955410 2.700148 2.207787 45.409004
33 12.481742 54.914837 2.734059 2.243681 40.117432
34 12.485284 54.962624 3.564727 2.200284 13.624594
35 12.575241 54.939205 3.123230 2.107769 20.989868
36 12.539275 54.964382 3.534368 2.129196 13.453976
37 12.509663 54.801411 3.952084 2.256423 6.000175
39 12.526445 55.066750 3.248932 2.260311 33.294323
40 12.626060 54.761257 3.417708 2.188863 24.403427
41 12.581943 54.870823 2.960164 2.096940 20.312462
42 12.580177 54.965137 3.157146 2.192967 47.665318
43 12.591684 54.988380 2.972440 2.226010 58.969833
44 12.417564 54.776157 2.580578 2.224626 96.363518
45 12.502681 54.952103 2.797079 2.217830 58.831654
46 12.774733 54.908531 2.735277 2.115256 76.516411
47 12.497113 54.843155 3.015285 2.208759 47.190876
48 12.476970 55.043861 3.267918 2.214685 25.734959
49 12.498997 55.028053 2.861819 2.293311 47.903923
50 12.558715 54.921806 2.783008 2.097106 44.959072
51 12.457856 54.924442 3.515943 2.169970 48.922226
52 12.249247 54.888191 2.881936 2.190168 43.009258
53 12.244157 54.604301 3.057546 2.190983 35.244560
54 12.438627 54.927376 2.699168 2.178983 63.388912
55 12.305281 54.847851 2.101715 1.981632 53.912365
56 12.309617 54.914043 3.056980 2.002868 34.239281
57 12.221025 54.802464 2.717137 2.064529 40.336529
58 12.362907 54.947803 3.234671 2.364922 39.043732
59 12.210507 54.773781 2.795432 2.104429 47.311131
61 11.989622 54.695602 3.559829 2.257100 24.263407
62 12.209062 55.034462 3.723871 2.101133 38.564697
63 12.223306 54.952213 3.070383 2.006105 45.406219
64 12.169843 55.127316 3.434519 2.138297 31.098015
65 12.139162 54.831669 3.718178 2.028852 29.064823
66 12.176141 55.005478 3.553646 2.151708 23.882818
67 12.153790 54.817951 3.687859 2.057834 28.728294
69 12.297402 54.727367 3.186022 2.139577 41.758438
70 12.242173 54.858875 3.540231 2.048173 27.901361
71 12.205822 54.635006 3.134343 2.063392 35.395218
72 12.299862 54.707268 3.344369 2.147437 45.535648
73 12.354445 54.947777 3.952753 2.043634 23.621805
74 12.213457 54.894108 4.199843 2.052782 20.867519
75 12.277034 54.806416 3.936704 1.995228 27.889402
76 12.160840 54.880047 4.235408 1.956563 26.223984
77 12.271912 54.844021 3.965670 2.157141 27.468979
78 12.309731 54.954819 3.653234 1.968043 28.098967
79 12.270784 54.912006 3.317442 2.057415 44.762592
80 12.465510 54.787529 3.727965 2.305947 26.609394
81 12.422127 54.831287 3.795132 2.134793 66.334007
82 12.424705 54.956020 3.586482 2.096112 26.563593
83 12.393929 54.910019 3.233453 2.057875 33.547634
84 12.502714 54.777161 3.379826 2.189312 35.684135
85 12.627626 54.895798 2.916218 2.071117 28.493799
86 12.438124 54.904995 2.876828 2.095075 23.399433
87 12.520216 54.929935 3.328988 2.141822 12.771603
88 12.447128 54.907845 3.704872 2.397025 16.526812
89 12.563277 54.802822 3.282177 2.116654 34.232609
90 12.625166 54.937050 3.173875 1.990745 24.135849
91 12.631336 54.830978 3.046041 2.099394 21.050720
92 12.447314 54.797028 3.575203 2.142752 23.953068
93 12.608797 54.811043 3.459392 2.081933 15.685028
94 12.582464 54.756184 2.959114 2.100979 46.699013
95 12.602119 54.823978 3.073186 2.081677 33.043194
96 12.646105 54.601772 3.145096 2.135706 27.775764
97 12.488971 54.585114 3.274980 2.314810 29.419807
98 12.467958 54.451725 3.214598 2.495842 32.782494
99 12.677361 54.642590 3.540364 2.133965 31.874147
100 12.664117 54.626060 2.951240 2.054173 30.975969
101 12.594101 54.660049 2.784070 2.149193 34.216938
102 12.650481 54.673008 3.112906 2.214937 35.636139
103 12.677042 54.455364 2.728217 2.182772 48.961071
104 12.720329 54.503796 2.645949 2.244320 36.761826
105 12.766366 54.093826 2.706556 1.998034 37.262699
106 12.562567 54.127911 1.797927 1.977641 75.557617
107 12.737785 54.285427 2.351309 2.030592 69.833282
108 12.480774 54.080570 2.777014 2.164413 47.440434
109 12.925597 54.200565 2.738865 1.996672 30.733236
110 13.347361 54.137299 2.650481 2.001754 27.981821
111 13.350453 54.355301 1.809625 2.440939 173.274811
112 13.740604 54.270435 1.912605 2.383527 114.747429
113 13.793062 54.416409 1.263381 2.360316 205.788467
114 13.377432 54.608517 1.630334 2.421899 135.388763
117 13.228563 54.599171 1.007095 2.348111 131.499802
