%% Trajectory 386
293 22.888344 64.725708 0.693797 1.340142 7.509593
295 22.984802 64.823273 0.792096 1.707930 70.336174
296 23.077484 64.839836 0.756703 1.687311 32.785252
297 23.168472 64.471970 0.984726 1.709983 40.426788
298 23.477652 64.851128 0.903716 1.710649 35.384102
299 23.023638 64.654358 1.089839 1.717121 47.603455
300 23.122822 64.610497 0.944848 1.668418 24.504187
301 23.052576 64.368210 1.117642 1.676277 43.798035
302 23.002014 64.584808 1.145571 1.889503 118.675110
303 23.098240 64.729752 1.140848 1.743100 108.152306
304 23.194719 65.176193 1.660127 1.729824 67.009712
305 23.105522 64.892227 0.933481 1.417222 18.232002
306 23.102379 64.818604 1.179237 1.644700 55.498161
307 23.016550 64.729576 1.343224 1.626689 63.282784
308 23.097052 64.371880 1.279191 1.863742 91.231140
309 22.996658 64.740799 1.656510 1.865676 113.609322
310 23.282839 64.528236 1.318328 1.916215 112.470589
311 22.961281 64.627632 1.719695 1.744256 46.476727
312 22.968660 64.599098 1.917712 1.888277 76.368233
313 23.159830 65.043884 1.707389 1.819864 64.603424
314 23.007843 65.042946 1.040116 1.824238 36.490772
315 22.913568 64.608185 1.353407 1.835238 106.662842
316 23.371969 64.969803 1.262835 1.934433 101.141212
317 23.042944 64.510109 2.021861 1.915495 56.174934
319 23.216112 64.349091 1.006583 1.703875 71.449287
320 22.979616 64.631935 1.241216 1.769632 115.918320
321 23.060455 64.853256 2.196113 1.720245 32.883289
322 22.788864 64.775612 1.766607 1.805811 74.472641
323 22.978918 64.586494 1.231259 1.845040 63.780186
324 22.842970 64.778801 1.795823 1.781178 91.720734
325 23.091017 64.697586 1.587432 1.711128 62.880516
326 23.098335 64.928200 1.144079 1.980856 110.688721
327 23.014923 64.527756 1.406959 1.738582 71.259209
328 23.111217 64.654480 1.868065 2.005125 107.174614
329 23.104145 64.508644 1.868114 1.975303 90.267601
330 22.972662 64.513359 1.977446 1.991698 72.740326
331 23.051594 64.611443 2.200407 1.818460 57.737545
332 22.974485 64.904106 1.775964 1.786858 68.645607
333 22.944332 64.601357 2.217057 1.945376 59.354683
334 22.921843 64.504677 1.942397 1.969400 73.733376
335 22.838358 64.372620 1.997189 1.860532 43.175701
336 23.210732 64.711975 1.787980 1.809828 60.044918
337 23.004835 64.677864 2.140499 2.008990 24.657673
338 22.931082 64.651031 1.962938 1.853565 43.793678
339 23.031759 64.705093 1.909127 1.887964 18.823217
340 22.863081 64.641029 1.827748 1.818059 64.608818
341 22.959538 64.478149 2.145668 1.882703 56.984570
342 22.959425 64.555443 2.156506 1.903520 53.816071
343 22.833956 64.732811 1.771996 1.703319 41.821358
344 22.807678 64.625168 2.076943 1.811301 33.914059
346 23.000212 64.595497 1.817505 1.914615 56.586174
347 23.051836 64.727242 1.572788 1.695591 28.039698
348 23.189001 64.435257 1.958064 2.048392 83.680435
349 23.151999 64.681175 1.866809 1.906181 63.264969
350 22.883579 64.657013 1.974428 1.857086 48.715782
351 23.116745 64.738976 2.402899 1.963309 45.031429
352 22.867605 64.684677 1.661619 1.767160 43.884186
353 22.900570 64.523766 1.453882 1.864807 106.422783
354 23.041044 64.534637 1.982762 1.949782 76.384262
355 23.099072 64.549500 2.359936 1.908701 38.914127
356 22.743826 64.821442 2.353474 1.906209 37.739223
357 22.975470 64.433525 2.423257 2.063750 58.140141
358 22.832476 64.705559 2.305788 1.929051 36.275082
359 22.781471 64.497635 2.105692 1.999945 90.101631
360 22.905384 64.580544 2.294775 1.934344 47.844177
361 22.961191 64.558975 2.494060 2.041298 68.722031
362 22.747189 64.633324 2.345011 1.975113 42.253429
363 22.974243 64.582771 2.558285 1.932117 27.541494
364 22.697746 64.628349 2.243157 2.208122 94.989655
365 22.625450 64.616676 2.005135 2.131203 122.528831
366 22.654306 64.620735 1.777781 2.111152 125.334534
368 22.414181 64.502098 2.718105 2.284864 55.554573
369 22.729143 64.814369 2.565523 1.951856 29.501421
370 22.855322 64.533966 3.159959 2.078294 31.466585
371 22.561388 64.427231 2.872174 2.190752 51.216976
372 22.605015 64.565300 2.796948 2.188020 32.258610
373 22.743813 64.471046 2.764915 2.128389 71.529343
374 22.583429 64.580009 2.226309 2.110275 134.403076
375 22.733259 64.645660 2.884685 1.988307 23.678953
376 22.826818 64.553474 2.575160 2.035537 73.678642
377 22.922537 64.681633 2.415394 2.034069 88.850418
378 22.747675 64.563911 2.216671 2.082459 99.902336
379 22.785929 64.607674 2.139318 1.975986 90.114456
380 22.824684 64.749733 2.302824 1.975782 80.720741
381 22.662745 64.746346 1.968207 2.122263 108.900665
382 22.897642 64.503731 2.267900 2.032168 91.483269
383 22.891708 64.511909 2.624181 2.254097 98.159340
384 22.839846 64.768333 1.897245 1.987574 84.404602
385 22.811428 64.682373 1.840799 1.966189 84.906258
386 22.801996 64.564293 2.220181 2.037231 81.617561
387 23.006693 64.635094 2.846772 2.034525 77.598297
389 23.142113 64.598656 2.837851 2.046849 80.125694
390 23.021343 64.525742 1.980809 2.111207 85.762390
391 22.839609 64.651520 2.072407 2.043141 78.063889
392 22.922323 64.650894 1.805823 1.922351 69.109688
393 22.980223 64.710152 2.023053 1.785773 48.152493
394 22.730314 64.537415 2.225676 2.160597 80.922188
395 22.879124 64.464180 2.606241 2.089417 64.532196
396 22.771431 64.647034 2.540203 2.060326 72.662613
397 22.923592 64.622414 3.167344 2.117625 61.506565
398 23.029829 64.799698 2.972488 2.132927 44.837456
399 22.951803 64.839996 2.827480 1.960601 36.130344
400 22.827482 64.883011 2.804197 1.901034 46.276779
401 23.090418 65.002518 2.804962 2.184913 46.283527
402 23.240414 65.146217 2.073126 1.975365 81.101059
403 23.176001 64.965797 2.067044 2.014174 56.266994
404 23.111612 65.003494 1.962489 1.994125 96.873871
405 23.111935 65.165329 1.658034 2.109065 106.233231
406 22.925507 65.149994 1.908255 2.092894 98.529861
407 23.370098 65.255791 1.529258 2.128865 140.314621
408 22.647285 65.129997 1.459667 2.156949 94.088753
410 23.367479 65.483650 1.568071 2.208019 88.870712
411 23.161362 65.236519 1.653032 1.988285 86.916367
412 23.342646 65.272125 1.564302 1.991811 96.678093
413 23.226780 64.955437 2.207265 2.159521 142.109894
415 23.117004 65.311333 1.202503 2.015351 108.196213
416 23.467424 65.575043 1.370105 2.513968 105.716141
417 22.846926 65.131378 1.440395 1.925346 103.517891
418 22.903812 65.186127 1.088400 1.954444 85.767311
419 23.169874 65.290726 1.622172 1.936700 80.390282
420 22.949308 65.682869 1.176158 2.126290 142.104706
