%% Trajectory 246
354 153.002533 127.204338 1.462992 1.948895 36.900246
355 153.221771 127.055428 1.336030 1.970001 20.923903
357 152.973038 127.145035 1.603717 2.049786 56.865524
358 152.876801 127.168205 1.550017 2.132138 97.334282
359 153.173950 127.285919 1.550647 2.263896 64.586807
360 153.312317 127.437614 1.809359 2.221263 51.956646
361 152.837494 126.950188 1.590983 2.060140 47.017979
362 153.235138 126.972534 1.615985 2.150128 30.671022
363 153.112152 127.023918 1.969997 1.939031 74.935242
364 152.999527 127.018150 1.960237 2.039878 73.690704
365 153.212952 127.065582 1.538880 1.978113 51.771149
366 153.127640 127.165710 1.876266 2.002341 66.747398
367 153.192474 127.383644 1.721007 2.243614 73.650139
368 153.174545 127.295494 2.108429 2.014989 26.811152
369 153.055344 127.151154 1.948814 2.072191 49.331715
370 153.054291 126.844673 1.901707 2.251862 69.655365
371 153.294128 126.890686 1.943756 2.166275 45.271450
372 152.849243 126.936554 1.916047 2.644307 32.826416
373 153.310608 127.331833 1.875444 2.164262 61.247677
374 153.395523 127.150352 2.039286 1.989991 56.117851
375 153.106049 127.148949 1.910288 2.148600 73.619606
376 153.073547 127.243912 2.727011 2.105607 11.920112
377 153.044250 127.495255 2.386192 2.339011 17.256811
378 153.096725 127.344704 2.545793 2.263916 13.097313
379 153.116028 127.142029 2.587096 2.080635 32.978115
380 153.025574 127.019760 2.607435 2.151542 25.885738
381 153.240799 127.077003 2.397215 2.105983 37.546913
382 153.041031 126.780525 2.432059 2.318321 29.234304
383 153.143066 127.025429 2.933765 2.153450 11.663536
384 153.064926 127.062309 2.862524 2.473900 37.314930
385 153.045456 127.055016 3.012448 2.155771 18.714275
386 152.898804 126.942688 2.547362 2.167885 23.358948
387 152.940414 126.857437 2.137964 2.184244 76.161682
388 152.638062 126.818680 1.982359 2.774040 34.728584
389 152.699432 126.793068 2.382090 2.544936 61.707787
390 152.945084 126.915901 2.984492 2.249614 24.233034
391 152.939926 126.896370 2.649356 2.223240 40.436844
392 152.991379 126.879440 2.509980 2.171491 34.426182
393 153.020004 126.810959 3.165459 2.247730 12.774618
394 152.975037 127.022911 2.235814 2.097499 50.895027
395 152.968094 126.937958 2.146133 2.273920 65.348450
396 152.858582 126.691238 2.873645 2.433268 39.995831
397 152.828873 126.854454 2.338181 2.355060 91.975594
398 153.080170 126.744026 2.305895 2.218071 75.838554
399 152.924408 127.062592 2.256820 2.184299 92.784653
400 152.978897 127.071327 2.316454 2.388375 63.409035
401 152.525192 127.147011 2.163396 2.367391 94.856773
402 152.695602 126.851532 1.740783 2.644135 71.762482
404 152.788086 126.818787 2.069857 2.242841 92.002106
405 152.971085 127.049950 2.490863 2.314925 47.729015
406 152.949310 126.924362 2.048445 2.274405 73.195534
407 153.003662 127.069519 2.121741 2.169095 94.257233
408 152.747009 127.219025 2.404863 2.334796 74.475281
409 153.252960 127.132172 2.254398 2.247199 64.476273
410 152.963318 126.954178 2.093081 2.245421 101.664398
411 152.690872 126.865074 1.945074 3.051178 29.089342
412 152.875183 127.277931 1.862138 2.479491 81.578804
413 152.936432 127.094826 1.612402 2.305166 107.271973
414 152.795303 127.309868 1.822914 2.279274 125.349419
415 152.459351 127.462807 1.767147 2.808189 78.611076
416 152.730087 127.121399 1.957912 2.489102 130.139755
417 152.675034 126.971603 1.892902 2.394962 111.250389
418 152.504074 126.852089 1.874009 2.581314 71.745590
419 152.942307 127.255814 2.277944 2.356675 87.400314
420 152.685837 127.152908 2.263988 2.760040 62.446281
421 152.430435 126.843094 1.972263 2.486418 88.339775
423 152.485580 127.477036 2.258398 2.681078 57.927956
425 151.528763 127.627991 2.491145 3.217708 18.308500
426 152.125000 127.183243 2.134910 2.782054 67.683723
427 152.134705 127.510559 1.668162 2.525547 71.891266
429 151.559525 127.951416 1.858325 2.563127 110.792885
430 151.890472 127.899330 1.949746 2.484792 116.422867
432 151.463196 127.772240 1.952729 2.883404 62.406113
433 151.567215 127.893181 1.958843 2.298598 96.324883
434 151.827316 127.520271 2.016239 2.612225 99.633224
