%% Trajectory 211
185 39.354958 126.359619 2.067567 3.159857 31.171314
187 39.702438 126.650337 3.376153 2.936459 10.202438
188 39.677181 126.562637 3.015976 3.213039 14.442741
189 39.896858 126.837006 2.427720 2.940834 21.553411
190 40.024025 126.853912 2.634871 2.827220 3.837808
191 39.462322 126.792351 3.355389 3.008176 0.849843
193 40.126942 126.371895 2.212902 2.637682 3.419709
194 39.573143 126.273048 2.431913 2.821990 6.812433
195 39.913311 126.715164 1.965651 3.140130 31.032940
196 39.805805 126.501472 2.223488 2.836914 29.057220
197 39.912815 127.010223 2.682520 2.619278 5.172117
198 39.716751 126.884377 2.778384 2.857211 6.045428
200 39.715317 126.711227 2.288535 2.797705 17.160213
201 39.613049 126.531166 2.228369 2.712879 51.857483
203 39.990509 127.432327 1.976268 3.809580 51.385010
