   1.9000000e+02   1.0784789e+02   1.1932268e+02   2.1794400e+00   2.6346580e+00   1.3367046e+01
   1.9100000e+02   1.0766343e+02   1.1920954e+02   2.4462670e+00   3.0600640e+00   8.8970000e+00
   1.9200000e+02   1.0793496e+02   1.1953458e+02   2.3283490e+00   3.4011970e+00   9.5160520e+00
   1.9300000e+02   1.0762238e+02   1.1992728e+02   2.4131860e+00   3.0795850e+00   2.1281771e+01
   1.9400000e+02   1.0786469e+02   1.2005436e+02   3.0145170e+00   2.7998330e+00   1.7235317e+01
   1.9500000e+02   1.0799318e+02   1.1966406e+02   3.6746580e+00   2.5692090e+00   3.2341080e+00
   1.9700000e+02   1.0750143e+02   1.1992699e+02   3.3592880e+00   3.0876360e+00   2.0166460e+01
   1.9800000e+02   1.0733570e+02   1.2009015e+02   3.9300790e+00   3.1601600e+00   1.9645670e+00
   2.0000000e+02   1.0772654e+02   1.1999161e+02   4.1014210e+00   3.0398030e+00   1.8787937e+01
   2.0200000e+02   1.0808508e+02   1.1977343e+02   3.5541880e+00   3.0522900e+00   5.5234030e+00
   2.0400000e+02   1.0682031e+02   1.1922596e+02   3.7642800e+00   3.0570750e+00   3.5045803e+01
   2.0600000e+02   1.0682407e+02   1.1869308e+02   3.5283810e+00   3.4104130e+00   2.4279390e+01
   2.0800000e+02   1.0663007e+02   1.1892894e+02   3.2566420e+00   2.6129520e+00   1.0227564e+01
   2.1000000e+02   1.0558388e+02   1.1869677e+02   2.3241370e+00   3.4160890e+00   2.1890217e+01
