%% Trajectory 40
30 54.635662 24.561852 0.665437 2.940961 21.494425
31 55.058739 24.075533 0.954470 2.367435 7.420509
32 54.892586 24.227180 1.837780 2.681529 7.156041
33 54.799965 24.047361 2.326442 2.684855 2.188685
34 54.731113 24.409355 2.610948 2.819767 0.006452
35 54.817352 24.886518 2.786955 2.622204 0.002908
36 54.956764 24.565702 2.305431 2.883772 0.141415
37 55.020931 24.596722 2.057406 2.555637 6.140292
38 55.008904 24.377121 2.307469 2.667070 3.112103
39 54.921608 24.684013 2.196701 2.724377 0.025363
40 55.305195 24.787836 1.735689 2.379057 3.695506
41 54.854610 24.258833 1.409880 2.433532 6.765107
42 54.966705 24.427099 0.912436 2.911594 18.883980
43 54.873470 24.159807 1.072981 2.617198 9.668462
44 55.056686 24.600897 1.327453 2.621536 9.291894
45 54.954460 25.072649 1.134673 2.656265 9.131914
46 54.955158 25.116291 1.063884 2.351066 5.444291
47 54.758259 25.455763 1.439978 2.865058 9.976409
48 55.307518 25.861208 1.015766 3.194161 18.994892
51 54.915192 25.454798 0.611272 3.547845 53.568214
53 53.769325 26.857534 0.749202 3.482259 14.261449
