   1.7400000e+02   1.3649099e+02   9.6245906e+01   1.9872580e+00   2.7110360e+00   3.5733734e+01
   1.7700000e+02   1.3590991e+02   9.5668948e+01   2.4755720e+00   3.0111550e+00   5.2081104e+01
   1.7800000e+02   1.3623472e+02   9.6101209e+01   2.7838710e+00   2.5349650e+00   1.9313129e+01
   1.7900000e+02   1.3621063e+02   9.6006741e+01   2.9140990e+00   2.6804940e+00   3.6756046e+01
   1.8100000e+02   1.3596592e+02   9.6206022e+01   3.4633660e+00   2.6200800e+00   2.0316187e+01
   1.8200000e+02   1.3576665e+02   9.6431252e+01   3.9396060e+00   2.4766580e+00   1.2196250e+00
   1.8300000e+02   1.3554889e+02   9.6279265e+01   3.6826440e+00   2.5589340e+00   6.7699710e+00
   1.8500000e+02   1.3615128e+02   9.6704660e+01   2.4838390e+00   2.7315070e+00   1.7287912e+01
   1.8600000e+02   1.3668017e+02   9.6860880e+01   3.1429870e+00   2.8494110e+00   5.3708778e+01
   1.8700000e+02   1.3654040e+02   9.6789244e+01   3.7809970e+00   2.9492320e+00   2.6789648e+01
   1.8800000e+02   1.3655015e+02   9.6449349e+01   2.9667020e+00   2.5313460e+00   2.2922781e+01
   1.8900000e+02   1.3698339e+02   9.6584498e+01   2.6245630e+00   2.5907990e+00   1.5497385e+01
   1.9100000e+02   1.3743287e+02   9.6720133e+01   2.0547610e+00   2.4766670e+00   2.1250040e+00
