%% Trajectory 36
118 36.332901 51.901722 1.481851 3.363216 0.296952
119 36.660603 51.770393 1.769899 2.574195 13.220728
121 36.919106 51.817566 2.769947 2.512058 8.286794
122 36.830814 51.863319 2.551989 2.725955 15.073139
123 36.728958 51.632530 2.446504 2.805146 2.003056
124 36.673344 52.012470 3.530190 2.667512 5.409963
125 36.606586 51.603394 2.572913 2.776634 0.248594
126 36.821888 51.812393 3.652565 2.611661 13.359827
127 36.687302 52.043308 3.570993 2.624059 7.753757
128 36.693310 52.090347 3.721133 2.574931 0.042078
129 36.657169 51.788521 4.004203 2.650954 8.792925
130 36.672478 51.877666 4.130348 2.750154 8.174074
131 36.760708 51.896091 4.500181 2.565430 13.004443
132 36.614578 51.831581 3.738013 2.749237 6.155141
133 36.672428 51.823902 4.554743 2.666134 0.488025
134 36.640366 51.770229 4.426377 2.640647 0.000003
135 36.770020 51.850742 4.071280 2.605953 7.133584
136 36.834625 51.848980 4.249874 2.683009 0.000000
137 36.781296 51.902298 4.047872 2.396158 0.000002
138 36.850464 51.812511 4.437283 2.385605 0.000000
139 36.867580 52.097088 3.681308 2.359077 0.037090
140 37.132198 51.980480 2.804523 2.707732 5.851700
141 37.204605 51.970989 1.846045 2.782140 11.425865
142 36.912231 51.242325 1.168077 2.515540 3.778847
143 37.798733 51.108101 0.763917 2.866837 4.937824
