#                 frames                   t (s)                 x (pxl)                 y (pxl)                       f
                    75.0                 -5.6448    -0.48150730036946254       0.562003873297727                1.849957
                    76.0     -5.5440000000000005    -0.12244925247055748      0.6048224820447112                2.014183
                    77.0      -5.443200000000001     0.02976814559057745      0.6498793132304524                1.682487
                    78.0     -5.3424000000000005    -0.09461671393696863      0.7563466947626021                1.808819
                    79.0                 -5.2416    -0.19805231854432997      0.5045841667892944                1.670693
                    80.0     -5.1408000000000005    -0.11561730830209496       0.665971614539615                2.117302
                    81.0      -5.040000000000001     -0.4573063768332114      0.4753650206391618                 1.91017
                    82.0      -4.939200000000001      -0.354761838401335       0.556574000326092                1.996769
                    83.0                 -4.8384    -0.19196647870106154      0.6187139434227432                2.341948
                    84.0     -4.7376000000000005    -0.47471463243858325      0.4922847393359496                1.968976
                    85.0      -4.636800000000001     -0.2958063674365305      0.5325011574255115                1.767723
                    86.0                  -4.536    -0.17800177434426634      0.5130770112056994                2.002175
                    87.0                 -4.4352    -0.25004938227604206      0.5116683635172631                1.920344
                    88.0     -4.3344000000000005     0.07986681048439395      0.7209187666338637                2.302063
                    89.0      -4.233600000000001     -0.2868854164959333      0.4994626247051239                1.604062
                    90.0      -4.132800000000001    -0.29456577632681974      0.4758211333632373                1.685878
                    91.0                  -4.032     -0.3696354265020502      0.5566496509085341                1.439015
                    92.0     -3.9312000000000005     -0.5599315267017053      0.6731082448327217                2.006611
                    93.0      -3.830400000000001    -0.10582921387451383      0.3803743924514378                2.157125
                    94.0     -3.7295999999999996    0.023373341069954194       0.467219405283624                1.338477
                    95.0                 -3.6288     -0.2733275026357811     0.43235471124657293                2.063747
                    96.0     -3.5280000000000005     -0.3644557590102657      0.5294081788360863                2.002575
                    97.0      -3.427200000000001    -0.19373354423362169      0.5325115683951188                1.783732
                    98.0     -3.3264000000000014     -0.1004370898885011      0.5368694883839309                1.860835
                    99.0                 -3.2256     -0.2475762604142396        0.52151148529122                2.066492
                   100.0     -3.1248000000000005     -0.5603064494626843      0.4016568421490708                1.747495
                   101.0      -3.024000000000001     -0.3062492692714107      0.4464740805876346                1.708217
                   102.0     -2.9231999999999996    -0.21708045801444897       0.764753018960928                2.167706
                   103.0                 -2.8224    -0.13839680523247516      0.4375963274339369                2.401657
                   104.0     -2.7216000000000005    -0.31142127330417113      0.4477170235811114                2.045919
                   105.0      -2.620800000000001     -0.3345878985848595      0.3472415101954918                2.110971
                   106.0     -2.5200000000000014    -0.29328970076258637      0.4369525671541109                2.566203
                   107.0                 -2.4192    -0.10893326846759081     0.46200431969679856                2.608795
                   108.0     -2.3184000000000005     -0.2961816044678565      0.4657910557753738                2.436715
                   109.0      -2.217600000000001   -0.014969831345927791     0.43658076492401887                2.577391
                   110.0     -2.1167999999999996     -0.5816064687885291      0.3318405655316782                2.573871
                   111.0                  -2.016    -0.13730607485490762      0.4461889957763984                2.210322
                   112.0     -1.9152000000000005    -0.20978569966555421      0.5205012970414369                1.866105
                   113.0      -1.814400000000001     -0.1714621729437459     0.47274872386886885                 2.61421
                   114.0     -1.7136000000000013    -0.07159073732108137      0.5013181731402443                2.654884
                   115.0                 -1.6128    -0.12256938320698177      0.5170899639593098                2.744384
                   116.0     -1.5120000000000005     -0.2509865332708523     0.42656311148185044                2.286267
                   117.0      -1.411200000000001     -0.5232539232626509      0.3898333481140743                2.132055
                   118.0     -1.3103999999999996    -0.07965658279821962     0.37728778224858056                2.373153
                   119.0                 -1.2096   -0.055364309539405916     0.43713729477724406                2.326032
                   120.0     -1.1088000000000005     -0.1223237517670372      0.3749556962326377                 2.05659
                   121.0      -1.008000000000001     0.12855433035219163      0.3483547501559908                2.727742
                   122.0     -0.9072000000000013    -0.08941356730987128     0.33427411828886155                2.483739
                   123.0                 -0.8064   -0.009706309401811627       0.389125259250352                 2.83434
                   124.0     -0.7056000000000004     0.13239084715364455      0.2389573326186833                 2.69908
                   125.0     -0.6048000000000009      0.0745292200938847      0.2575277550962895                2.413312
                   126.0     -0.5039999999999996     0.03007994981337675      0.1971377834409622                 2.45189
                   127.0                 -0.4032    -0.12300133191227383     0.34916735564727136                2.461108
                   128.0    -0.30240000000000045     -0.4140719234431968      0.3687639838990381                2.111323
                   129.0     -0.2016000000000009    -0.04217695440881788      0.3711888976954344                2.360447
                   130.0    -0.10080000000000133    0.008926012905449785      0.2623157710310669                2.338361
                   131.0                     0.0     0.19115244662750497     0.21402947051071733                2.564183
                   132.0     0.10079999999999956   -0.003777453530593496      0.3072317210433733                2.748484
                   133.0      0.2015999999999991       0.288139811613646     0.28380672280001434                 2.93214
                   134.0     0.30240000000000045    -0.08364945127990922     0.22302824106462205                2.465377
                   135.0                  0.4032     0.16525376770002995     0.21249468101001082                2.612802
                   136.0      0.5039999999999996     0.10684438268458155     0.17841774660976978                2.536813
                   137.0      0.6047999999999991     0.13697323757286622     0.32128365994505026                2.791824
                   138.0      0.7055999999999987      0.1811233309228208      0.3206179293755582                2.648274
                   139.0                  0.8064     0.11152683258951228     0.30045101972774607                2.714444
                   140.0      0.9071999999999996     0.12864067344071325     0.15157424977581457                 2.04322
                   141.0      1.0079999999999991      0.4403084919603266      0.2539702083495399                2.624379
                   142.0      1.1088000000000005      0.1568726714971392     0.09348462894952697                2.669289
                   143.0                  1.2096     0.35885178732496237     0.32944645756044927                3.197124
                   144.0      1.3103999999999996      0.5561069662276604     0.17821635592368204                 2.46343
                   145.0      1.4111999999999991     0.20893292197506164      0.1686078976029556                2.609474
                   146.0      1.5119999999999987     0.19685199118972233      0.2704746034167775                2.917001
                   147.0                  1.6128      0.4536930293100948     0.42667270498734355                2.875126
                   148.0      1.7135999999999996     0.42011830677576184     0.43286966228445933                3.213909
                   149.0      1.8143999999999991      0.4323350122343153      0.1965319833677413                3.057261
                   150.0      1.9152000000000005      0.4234368579821254     0.21815473554929768                3.012966
                   151.0                   2.016      0.4647684222663623     0.01255372393013482                2.874136
                   152.0      2.1167999999999996      0.1710208663647234       0.321337915383996                 2.43085
                   153.0       2.217599999999999     0.18542077336841475      0.1712992749266682                2.587144
                   154.0      2.3183999999999987      0.3202343231053793     0.26779550728999496                2.826027
                   155.0                  2.4192       0.296017055436205     0.38700834708353676                 3.00756
                   156.0      2.5199999999999996     0.49378441517839944    0.010079452253753065                3.113928
                   157.0       2.620799999999999       0.330764851249545      0.3134447143149357                2.564984
                   158.0      2.7216000000000005       0.770662948393084      0.3402676696796409                2.948207
                   159.0                  2.8224      0.3030447318869938      0.3566625772020056                2.841526
                   160.0      2.9231999999999996      0.2738006110809709     0.21334141711641105                2.930239
                   161.0       3.023999999999999      0.6453034228828941      0.2425966709908624                 2.62392
                   162.0      3.1247999999999987      0.3127820573550274     0.25396465293511133                2.545535
                   163.0      3.2255999999999982      0.5052016409084704      0.1772852602528406                 2.30632
                   164.0       3.326399999999998       1.110975270793581      0.2121836191800778                2.611242
                   165.0       3.427200000000001                     nan                     nan                     nan
                   166.0      3.5280000000000005      0.4634873201627769     0.20464769767579413                2.021627
                   167.0                  3.6288      0.8495314699245212      0.2240908294383747                2.245178
                   168.0      3.7295999999999996      0.4690463975085847     0.18149144055028232                2.229259
                   169.0       3.830399999999999      0.7089440502371464     0.27655119790492766                1.980738
                   170.0      3.9311999999999987      0.8256779929215967     0.32097795248303185                2.009179
                   171.0       4.031999999999998       0.845812328684218     0.18267828778206344                2.194101
                   172.0       4.132800000000001     0.26443516269145456       0.267218692673583                2.091802
                   173.0       4.233600000000001      0.3084996332633576     0.23550318222177632                  2.1467
                   174.0      4.3344000000000005      0.2538172524229607      0.1138241060105173                1.993603
                   175.0                  4.4352      0.7725285932244582      0.1896328976966636                1.978514
                   176.0                   4.536     0.34743575749289907      0.1535738596383244                2.303605
                   177.0       4.636799999999999      0.7663125801245926     0.23914857098444345                2.241335
                   178.0       4.737599999999999     0.19636237406548765     0.16468360782607516                2.003879
                   179.0       4.838399999999998      0.7667076507001791     0.48299069906578895                2.313442
                   180.0       4.939199999999998      0.7759117916599323   -0.045630565378979936                2.668023
                   181.0       5.040000000000001      0.3573774579210683     0.11064537573083406                2.847054
                   182.0      5.1408000000000005      0.3888838250820239      0.3839534460129251                2.688931
                   183.0                  5.2416     0.27099134296954397     0.06001192010529949                2.108296
                   184.0                  5.3424      0.7686158055882768     0.18215939771913733                2.395196
                   185.0       5.443199999999999                     nan                     nan                     nan
                   186.0       5.543999999999999      0.3668580660956063     0.03638369939207843                2.001888
                   187.0       5.644799999999998      0.5191566556387188     0.19754866058147066                2.193272
                   188.0       5.745600000000001      0.4025566463399685    -0.03979046186051003                2.002479
                   189.0       5.846400000000001     0.22832214639934123    0.017312508293743135                2.297801
                   190.0      5.9472000000000005      0.2065101928047451    -0.10140362247788429                2.188315
                   191.0                   6.048      0.2523395398537503    -0.08939271784656859                 2.60516
                   192.0                  6.1488      0.6682103614614268    -0.15320667870434812                2.119298
                   193.0       6.249599999999999     0.38779768496692346     -0.2606021822563953                2.141477
                   194.0       6.350399999999999     0.07775929290055658    -0.11067709727759223                1.755825
                   195.0       6.451199999999998     0.31486396216635226    -0.11211726579532347                1.531951
                   196.0       6.551999999999998     0.09347483173161207    -0.10808287595904387                2.072218
                   197.0       6.652800000000001     0.41123744125573974     -0.1429120477755328                1.726734
                   198.0      6.7536000000000005      0.2565037463572008   -0.016647351965321307                2.077618
                   199.0                  6.8544     0.11723509744383336    -0.21793040608276695                2.438403
                   200.0                  6.9552     0.05615669508048878     -0.2599422518496509                2.117864
                   201.0       7.055999999999999      0.0613114376781679     -0.1736374019352424                2.352746
                   202.0       7.156799999999999     0.11534188869487091     -0.3118928435385578                 1.94554
                   203.0       7.257599999999998     0.14772497912962992       -0.30763567136742                2.140174
                   204.0       7.358400000000001     0.17567973878400053     0.23039242097783688                1.851649
                   205.0       7.459200000000001     0.28598701450886593    -0.05888198581121573                2.016419
                   206.0      7.5600000000000005     0.09085629581910747    -0.21436229021540973                1.747115
                   207.0                  7.6608    -0.09717612114781093   -0.044911744805888616                 1.55316
                   208.0                  7.7616      0.2648158897041087    -0.23593377501284638                1.851861
                   209.0       7.862399999999999      0.3040526379077929     -0.2599148700545935                1.801175
                   210.0       7.963199999999999     0.09194704452702707     -0.5466798505989326                1.657029
                   211.0       8.063999999999998    0.012019182328479042   -0.009937031430025882                1.865558
                   212.0       8.164799999999998     0.25035943391477294     -0.5133584706385643                2.316094
                   213.0       8.265600000000001      0.2527293006511541    -0.15936352667797918                2.194666
                   214.0                  8.3664                     nan                     nan                     nan
                   215.0                  8.4672      0.3382795191466454    -0.26219049670712363                1.833478
                   216.0                   8.568    -0.10881629114024186    -0.34989595175363464                1.645391
                   217.0                  8.6688     0.01196073335125312    -0.14882177856129514                2.083253
                   218.0       8.769599999999999     0.19431120961987783     -0.3393816599125621                1.979013
                   219.0       8.870399999999998      0.2872948670672385    -0.22935419282951053                2.207506
                   220.0       8.971200000000001     0.07207077026099941     -0.4492321462580739                1.883247
                   221.0       9.072000000000001   -0.048602689483202045    -0.10567367994068119                2.116752
                   222.0                  9.1728      0.2278945446248181     -0.2871685138385397                2.167145
                   223.0                  9.2736      0.2810980594111689     -0.4456400704611057                1.775417
                   224.0                  9.3744      0.2454414619828199     -0.3436294642045409                 1.88696
                   225.0                  9.4752      0.1358175092326346    -0.25056465761566094                1.855917
                   226.0       9.575999999999999     0.09050292924174352     -0.4669098358500083                1.744644
                   227.0       9.676799999999998      0.1406355201960391     -0.3296431957177087                1.726419
                   228.0       9.777599999999998     0.08274538708665372     -0.5361697743694174                 1.29744
                   229.0       9.878400000000001     0.31003324724910475   0.0028476929503295782                1.560774
                   230.0                  9.9792      0.0796164836769022     -0.4809564192055379                1.669435
                   231.0                   10.08      0.1933777987598875     -0.7275478407181124                1.624624
                   232.0                 10.1808     0.19004045205508066     -0.5492384962434761                2.064375
                   233.0                 10.2816     -0.1004509162187676    -0.25212680508444135                1.287283
                   234.0      10.382399999999999     0.08259418007316813      -0.636683010246279                1.693489
                   235.0      10.483199999999998     -0.1408947739300086     -0.4426359768070486                 1.67913
                   236.0      10.584000000000001     0.15801214361290583    -0.39366431175474925                1.656591
                   237.0      10.684800000000001    0.048274323598082106     -0.3104066443637194                 1.72913
                   238.0                 10.7856    -0.12751916170365724    -0.19132797312716426                1.895681
                   239.0                 10.8864    -0.06253934879050908    -0.19066216026213462                1.566119
                   240.0                 10.9872     0.11867634623311386     -0.3122766480796218                 1.80963
                   241.0                  11.088   -0.015524472380718668    -0.46099967805270814                1.813468
                   242.0      11.188799999999999    0.009619126896445186    -0.46021269114741364                2.013784
                   243.0      11.289599999999998   -0.031882330666328555    -0.10832716991335582                2.201635
                   244.0      11.390399999999998    -0.02828231936135882    -0.18428824657504342                1.891879
                   245.0      11.491200000000001      0.1629717771467607     -0.2170404989230482                2.044827
                   246.0                  11.592     0.19638792818332146     -0.5928117310189821                2.240839
                   247.0                 11.6928    -0.14920428587095122    -0.43465004922763584                1.829051
                   248.0                 11.7936     0.12603363049785535     -0.4618371662127395                1.897022
                   249.0                 11.8944      0.3204212103364919    -0.09682954138077945                1.727028
                   250.0      11.995199999999999      0.3476564973448873     -0.4330722564179469                1.893881
                   251.0      12.095999999999998   -0.044612525727386464     -0.2509870997139381                 1.99384
                   252.0      12.196800000000001    -0.14562306425191185    -0.29642374716933856                1.720364
                   253.0      12.297600000000001    0.030773344858350045    -0.33904271118777607                1.861283
                   254.0                 12.3984     0.11848881150430861    -0.13730512422865523                1.798735
                   255.0                 12.4992    -0.18524894143477685    -0.42523317643011777                1.530303
                   256.0                    12.6     0.08093711473402943    -0.34952124638405907                1.568321
                   257.0                 12.7008      0.2111679620946653    -0.28928749138962156                2.467039
                   258.0      12.801599999999999                     nan                     nan                     nan
                   259.0      12.902399999999998     0.25169042287152493     -0.1939254440721174                1.351842
                   260.0      13.003199999999998     0.09220530209348247    -0.43790140630488933                1.317043
                   261.0      13.104000000000001     0.14778364275873263     -0.1931379057622368                1.951342
                   262.0                 13.2048     0.21652906831456123     0.10499582696546161                 1.77805
                   263.0                 13.3056     0.05839637589376241    -0.04408864745340672                1.860443
                   264.0                 13.4064     0.25841442520981317    -0.16801747212224202                1.703411
                   265.0                 13.5072    -0.03358348138605784     -0.1489176584941638                2.112474
                   266.0      13.607999999999999     0.25385984481781415    -0.05764397585864069                 1.95901
                   267.0      13.708799999999998      0.5321311687331391     -0.1244105186058332                1.686702
                   268.0      13.809600000000001      0.1095625812828438     -0.1964170763368026                1.780874
                   269.0      13.910400000000001     0.23953178388716037     -0.1962627442342472                1.805271
                   270.0                 14.0112     0.14466355450483548    -0.37069699511078996                2.117686
                   271.0                  14.112     0.08448207779735908    -0.37591158601582003                2.005596
                   272.0                 14.2128     0.09834117597305075     -0.3693110325726196                2.268637
                   273.0                 14.3136      0.2942056404206739     -0.2287863014159624                2.108943
                   274.0      14.414399999999999      0.2315441838962342     -0.5642380100108791                2.518018
                   275.0      14.515199999999998      0.1911855751059465     -0.4060982951461042                2.012652
                   276.0      14.615999999999998      0.3352545460024771     -0.5111508874311816                2.061273
                   277.0      14.716800000000001     0.17775624320381644     -0.4761791855917994                2.134248
                   278.0                 14.8176     0.19678715989202028    -0.22446790478180073                2.244687
                   279.0                 14.9184    -0.17911280587271322    -0.09861406677888145                 2.09699
                   280.0                 15.0192    -0.17650572056305852     -0.2532331798638809                2.029841
                   281.0                   15.12    -0.03791062811810483    -0.11006677643005963                1.194654
                   282.0      15.220799999999999     0.11988518099607415    -0.14236913471862983                1.907025
                   283.0      15.321599999999998      0.2890844430146237    -0.19037744709658075                1.991705
                   284.0      15.422400000000001     0.02402389681700524     -0.3081895194381812                1.884294
                   285.0      15.523200000000001     0.16355065955405834    -0.09205008668211671                1.654896
                   286.0                  15.624      0.4502558251267377      -0.302755231502886                1.664297
                   287.0                 15.7248     0.04650459764720956    -0.16127182223602218                  2.0721
                   288.0                 15.8256       0.345774422939721    -0.17225111152948455                2.365994
                   289.0                 15.9264    -0.05487586998263365   -0.023629444851175702                2.130332
                   290.0                 16.0272       0.037347115048863    -0.29399392276363406                1.848144
                   291.0                  16.128     0.16121054402833335    -0.38996457341501667                1.829838
                   292.0                 16.2288    -0.22113986136849278     -0.4304817764635475                1.936965
                   293.0                 16.3296      0.2559304320821405     -0.0962616812329983                1.602279
                   294.0                 16.4304     0.19857458732791422    -0.41273486981858715                2.213006
                   295.0                 16.5312     0.15820814557131044     -0.2904187167483186                2.137657
                   296.0      16.631999999999998     0.16017323457374358    -0.29648994028336856                1.928962
                   297.0      16.732799999999997    -0.24870394698249373    -0.42768351374113134                1.713159
                   298.0      16.833599999999997     0.29302096768306907     -0.2632133639613736                1.885402
                   299.0      16.934399999999997    -0.14670261174790947    -0.43260311894495157                1.714769
                   300.0      17.035200000000003     -0.1751149326170822     -0.3856240304498912                2.218658
                   301.0      17.136000000000003      0.1332323265688795     -0.4383297831198378                2.093655
                   302.0      17.236800000000002    -0.04856664423906049     -0.2040036021451605                1.857783
                   303.0      17.337600000000002      0.3392362823123664     -0.3401849096111565                1.692886
                   304.0                 17.4384    0.020323077531602115     -0.1901307150497788                 1.81739
                   305.0                 17.5392     0.07637224214461273      -0.251401877917687                1.812981
                   306.0                   17.64     0.33262959591008023     -0.3659604052568531                1.797169
                   307.0                 17.7408     0.15007350313521312    -0.23976549061771846                2.234947
                   308.0                 17.8416      0.3303854739548138     -0.2631769350019054                2.028183
                   309.0                 17.9424      0.2234302547501436    -0.38306005259934545                2.420688
                   310.0                 18.0432     0.09064600736576882     -0.2689314515408783                2.308563
                   311.0                  18.144     0.10952501246967532    -0.05742946237934953                2.141554
                   312.0      18.244799999999998      0.0826661812920282    -0.31846727817003195                2.048908
                   313.0      18.345599999999997     0.17619830176521237    -0.24256799334607132                1.885585
                   314.0      18.446399999999997    0.036725461405663136    -0.19303085646834015                1.948037
                   315.0      18.547199999999997     -0.1061395092128076    -0.26747139369893763                1.541823
                   316.0      18.648000000000003    0.028615225261150182     -0.3395610014579741                2.330956
                   317.0      18.748800000000003     -0.0660207331767554    -0.09615233114496251                1.676918
                   318.0      18.849600000000002    0.039974176186101176     -0.3705430852788479                2.147877
                   319.0      18.950400000000002     0.09061292148001887    -0.06834208825029219                1.867139
                   320.0                 19.0512     0.07181192844473067    -0.11738976470786275                1.745674
                   321.0                  19.152     -0.1229424276099481     -0.4715574910067561                 1.35332
                   322.0                 19.2528      0.2900514929322543     -0.4540717401168417                2.129576
                   323.0                 19.3536    -0.02982605417614458     -0.2890979058857376                2.182529
                   324.0                 19.4544     0.15356321252341412    -0.19425170975537312                 1.80382
                   325.0                 19.5552   -0.052411151688233196    -0.09823169011047281                1.740473
                   326.0                  19.656      0.2139039564482479   -0.059388533567069524                2.021929
                   327.0                 19.7568     0.10848245909702581    -0.12841957593373807                1.943557
                   328.0      19.857599999999998     0.14229538802718586      -0.327295832136341                1.806479
                   329.0      19.958400000000005     0.13030262039424328    -0.35611127399487086                1.971592
                   330.0      20.059200000000004     0.16087923700945692    -0.25540181740629775                1.757335
                   331.0      20.160000000000004       0.313155009954911    0.053415917425862894                1.942762
                   332.0      20.260800000000003    -0.07475363804960261      -0.346139408471949                1.756993
                   333.0      20.361600000000003     0.10091230828608563     0.03712277118838754                1.793733
                   334.0      20.462400000000002     0.15409742857401335    -0.36424303159625265                1.917225
                   335.0      20.563200000000002     0.10597579629423429     -0.1819133350799423                 1.96846
                   336.0                  20.664      0.4448336945634162    -0.18898087450995363                1.975782
                   337.0                 20.7648      0.2711207690291154     -0.3970207554758838                 2.43386
                   338.0                 20.8656                     nan                     nan                     nan
                   339.0                 20.9664     0.15334017578270523    -0.33193102797205715                1.963236
                   340.0                 21.0672     0.03958682393976881   -0.034603447809205976                1.588841
                   341.0                  21.168  -0.0035524312383014606    -0.20536795580978817                 2.17559
                   342.0                 21.2688     -0.1209337352291232    -0.10107847828010569                2.403727
                   343.0                 21.3696    -0.11795118072998563   -0.023965111535678322                1.930037
                   344.0      21.470400000000005     0.23176634052816816    -0.07233306971099074                1.948177
                   345.0      21.571200000000005    0.010849833722028737    -0.09281139031043376                2.147064
                   346.0      21.672000000000004    -0.06185122970648474     -0.3100992206124527                1.622713
                   347.0      21.772800000000004   -0.041386000566140085     -0.3912304582354153                2.171128
                   348.0      21.873600000000003     0.22398557913702608    -0.34944079798499067                2.118895
                   349.0      21.974400000000003    0.018192867080763446     -0.1518319063289521                2.166995
                   350.0      22.075200000000002    -0.19024096356874098     -0.3457204377839524                1.778195
                   351.0      22.176000000000002     0.17437504392094424    -0.42266720392965446                2.405523
                   352.0                 22.2768      0.1894859305724684    -0.30480946108003637                2.439162
                   353.0                 22.3776     0.07172395711193763    -0.38676887207523736                2.837572
                   354.0                 22.4784     0.31861391398955347     -0.3736376209176821                2.851401
                   355.0                 22.5792    -0.04307321892243524    -0.09114044701342185                2.525142
                   356.0                   22.68      0.1844783631726173    -0.02507433642684754                2.133321
                   357.0                 22.7808     0.05970283773463266    -0.24157481647406998                2.153414
                   358.0                 22.8816      0.0610354058354902    -0.13334216598330126                2.185307
                   359.0                 22.9824     0.03742791498420928    -0.31032981871000287                2.451199
                   360.0      23.083199999999998     0.10915753661214635   -0.031317654715106474                1.834094
                   361.0      23.184000000000005      0.4241866543230545     -0.2003904632542034                1.983276
                   362.0      23.284800000000004     0.06920125257748361    -0.09136555679453558                2.257179
                   363.0      23.385600000000004     0.07943708303560285    -0.24644589483527898                2.320712
                   364.0      23.486400000000003      0.2849054942908189    -0.31501960724941924                2.496972
                   365.0      23.587200000000003     0.16948392957335068    -0.17902975598406515                2.392355
                   366.0      23.688000000000002     -0.0784913332283399    -0.23466927573787466                1.931262
                   367.0      23.788800000000002     0.26046724662684273    -0.16195171312359485                1.468983
                   368.0                 23.8896      0.1369382475571776     -0.1522883989485333                 1.68232
                   369.0                 23.9904     0.23357507716752374     -0.3419091335923519                1.681654
                   370.0                 24.0912     0.28709334253074237     -0.3236876363840695                2.322934
                   371.0                  24.192     0.29410751686032593    -0.21648986494978706                2.567351
                   372.0                 24.2928      0.1760330226995989    -0.39782626585618325                1.942656
                   373.0                 24.3936      0.2992731030134451    -0.43699614160580874                 2.48598
                   374.0                 24.4944     0.27481635034531965    -0.14780461354536564                2.380137
                   375.0                 24.5952     0.44758297684719994   -0.060625441559405815                2.201217
                   376.0      24.696000000000005     0.37725590989061997    -0.35184741941011594                2.022869
                   377.0      24.796800000000005     0.12437918898052092     0.05212394395830735                2.026679
                   378.0      24.897600000000004     0.09395391266567778     -0.0568459078455888                2.167941
                   379.0      24.998400000000004      0.4007544904646267    -0.23745917373772296                2.278142
                   380.0      25.099200000000003      0.6528532781632614    -0.08502797566174805                1.944265
                   381.0      25.200000000000003      0.3197432134987153  -0.0034301375213936698                1.951599
                   382.0      25.300800000000002     0.32383693543432757    -0.35538240640272306                2.205581
                   383.0      25.401600000000002     0.41045998024390173     -0.2511275775269336                 1.78631
                   384.0                 25.5024      0.5121220436533349    -0.23337916665902875                2.169904
                   385.0                 25.6032      0.5081394956854831     -0.0741552248610468                2.015961
                   386.0                  25.704     0.45038208428547966   -0.025002119177158683                2.490276
                   387.0                 25.8048      0.8547513954467011     -0.1721753313898615                1.639325
                   388.0                 25.9056      0.4369744571750298    -0.04191950444400113                 1.45814
                   389.0                 26.0064      0.8320234212324167    -0.25930576203905176                1.573355
                   390.0                 26.1072       0.861153933456226    -0.06919071578133829                1.907882
                   391.0                  26.208      0.5613178633505806    -0.10765055827446927                 1.73776
                   392.0      26.308799999999998      0.5422019844668132     0.02478337649868565                1.955743
                   393.0      26.409600000000005      0.4416625407398266    -0.17614282101937442                1.572249
                   394.0      26.510400000000004      0.5719020629872488    -0.08604817639072922                1.928908
                   395.0      26.611200000000004     0.17789648659238252    -0.04796456579841813                1.731247
                   396.0      26.712000000000003      0.5265622608348324    -0.12848205699078685                1.259176
                   397.0      26.812800000000003      1.1057293415746716     0.09243134344542249                1.719056
                   398.0      26.913600000000002      0.5803910930780607    0.002607002843863834                1.476454
                   399.0      27.014400000000002      0.7656117794416202    0.020447059822763937                1.514621
                   400.0                 27.1152      0.9909214610124948    -0.13276901387850207                1.900198
                   401.0                  27.216      0.8212871524237766    -0.09563100101260129                1.354198
                   402.0                 27.3168      0.8679085264930603    -0.08049089820935428                1.348647
                   403.0                 27.4176      0.8538682524153273   -0.004812293202247099                1.798076
                   404.0                 27.5184      1.1699964666299236     0.04757985119449754                1.457788
#-----------------------------------------------------------------------------------------------------------------------
# experiment: raw_data
# path: /Users/andreapicco/Documents/Research/EvoCellBio/Protein_tracking/Data/Sla1/21_degree/Sc/raw_data
# file: 17.sla1.txt
# protein: Sla1-GFP
# date: 27/01/23
# notes: in EMM media, at 21 deg C
# t_unit: s
# delta_t: 0.1008
# coord_unit: pxl
# intensity_normalisation: None
# l_cm: (104.77564991947578, 31.18462442855855)
# r_cm: (93.79253094101368, 98.15404586346452)
# m_angle: 2.774306317379453
# m_lag: -131
# trajalign_version: 1.92
# lie_down_angle: 1.8986339508047418
# lie_down_translation: (-93.88544248590534, -98.40908258786389)
