#                 frames                   t (s)                 x (pxl)                 y (pxl)                       f
                   240.0      21.571200000000005                     nan                     nan                     nan
                   241.0      21.672000000000004                     nan                     nan                     nan
                   242.0      21.772800000000004                     nan                     nan                     nan
                   243.0      21.873600000000003                     nan                     nan                     nan
                   244.0      21.974400000000003                     nan                     nan                     nan
                   245.0      22.075200000000002                     nan                     nan                     nan
                   246.0      22.176000000000002      0.3717304889517839      1.9174582552048158                0.811906
                   247.0                 22.2768                     nan                     nan                     nan
                   248.0                 22.3776                     nan                     nan                     nan
                   249.0                 22.4784     -0.4425815071735803       0.573976087189043                1.037219
                   250.0                 22.5792      0.4042396133310995      0.8840543171040744                0.939847
                   251.0                   22.68    0.045852654202547576     0.25382149530914416                 1.29601
                   252.0      22.780800000000003    -0.03236562364560278    0.001117257187836224                0.924554
                   253.0      22.881600000000002                     nan                     nan                     nan
                   254.0      22.982400000000002     0.07377526780638874     0.32280997923601706                1.116647
                   255.0                 23.0832     0.07626429441879205       0.579978941007303                0.728645
                   256.0                  23.184  -0.0036561577666384404      0.2896461148241954                1.218739
                   257.0                 23.2848      -0.331856084462197      -0.070962104968465                1.164343
                   258.0                 23.3856     -0.2336792088998451      0.3169889822188492                1.540777
                   259.0                 23.4864    -0.13640991425866256     0.21028044660894815                1.535985
                   260.0                 23.5872    -0.03626158332930329      0.6987408295491294                1.382808
                   261.0      23.688000000000002    -0.16125041348037703     0.11856074960543668                 2.05769
                   262.0      23.788800000000002    -0.39674173892330583      0.5611932334090192                1.463416
                   263.0                 23.8896                     nan                     nan                     nan
                   264.0                 23.9904     0.24333926583460436      0.1156297366724561                1.591612
                   265.0                 24.0912    -0.06041568612948931    0.012633865831427957                1.554081
                   266.0                  24.192                     nan                     nan                     nan
                   267.0                 24.2928     -0.7932504178364769      0.4828204058822513                1.077092
                   268.0      24.393600000000003    -0.45053414348849924     0.13333115354673064                0.968359
                   269.0      24.494400000000002                     nan                     nan                     nan
                   270.0      24.595200000000002    -0.32341961771919625      0.4634262228577434                1.882729
                   271.0                  24.696      0.3032659457227589     0.37319249556352996                2.267564
                   272.0                 24.7968    -0.38540145161665235      0.3106987340526507                1.975017
                   273.0                 24.8976     -0.1053498125782305      0.6720027696859406                1.431017
                   274.0                 24.9984     0.19546727969401262     0.14085149444142406                1.147432
                   275.0                 25.0992     -0.3853726438539168     0.39563600767331514                1.523918
                   276.0      25.200000000000003                     nan                     nan                     nan
                   277.0      25.300800000000002     -0.1490815830892159       0.526644664260152                  1.4162
                   278.0      25.401600000000002    -0.02354691409563847       0.325120412923811                1.409968
                   279.0                 25.5024      0.5212671276413262      0.7637934027912336                1.920176
                   280.0                 25.6032     0.46124832008393746      0.4573067109685921                1.721779
                   281.0                  25.704    -0.10393823904696937      0.4342451621311672                1.715195
                   282.0                 25.8048     0.15618892569586842      0.9136739908480577                1.756806
                   283.0                 25.9056     -0.0382061742047483      0.4909781049825669                2.000311
                   284.0      26.006400000000003    0.010189381614713902      0.5125101714399609                 1.41361
                   285.0      26.107200000000002    -0.11572994748327736      0.6856010957355937                1.872761
                   286.0      26.208000000000002     -0.4206762908169926      0.5241958728727965                1.765822
                   287.0                 26.3088    -0.08270563043623656      0.2797023468935146                1.537471
                   288.0                 26.4096    -0.16943345776319196     0.43124343840715146                1.700647
                   289.0                 26.5104      0.7570022249782957     0.28249495429951266                1.849805
                   290.0                 26.6112     0.04073800679552732      0.4026371378031306                1.736674
                   291.0                  26.712    -0.15168072627423188     0.10088345499409382                2.053121
                   292.0                 26.8128   -0.021728796727444308      0.2548374255212013                2.285625
                   293.0      26.913600000000002     0.42120816541828243      0.6035782348081602                1.846178
                   294.0      27.014400000000002    -0.13476604190500707      0.5111285198098448                 1.82554
                   295.0                 27.1152     -0.1373153641405631     0.24774880692152035                2.417118
                   296.0                  27.216      0.6188852003537011      0.3711049519794936                2.075917
                   297.0                 27.3168     -0.1552197947080593      0.3961277667980855                1.904718
                   298.0                 27.4176    -0.22862329643071372      0.5580952723257352                1.742459
                   299.0      27.518400000000003                     nan                     nan                     nan
                   300.0      27.619200000000003    -0.20530196892257824       0.234397512893803                1.758658
                   301.0      27.720000000000002     -0.4384897302645354      0.3319786382629655                2.426258
                   302.0      27.820800000000002                     nan                     nan                     nan
                   303.0                 27.9216    -0.24835666743019896      0.6682092021892937                2.477214
                   304.0                 28.0224   -0.012905349115490766      0.6499703697465968                1.923517
                   305.0                 28.1232    -0.11090560738401445      0.1929371879519978                2.126554
                   306.0                  28.224     0.21141986563536097      0.1679788026710129                2.017545
                   307.0                 28.3248     -0.2641745131977029      0.3645243192196719                2.549733
                   308.0                 28.4256    -0.17500517914426564      0.2669133051666186                1.993995
                   309.0      28.526400000000002     -0.2521917735154521     0.20760005782358804                2.297141
                   310.0      28.627200000000002     0.37826582041875983     0.26554993195328375                 2.37081
                   311.0                  28.728      0.5341609657389651     0.48295974126876773                2.513288
                   312.0                 28.8288    -0.16047961580776945      0.4212679370043222                2.492102
                   313.0                 28.9296     -0.0594147088501611     0.14012273401012548                 1.92478
                   314.0                 29.0304     0.34862335582523635     0.23025937562698032                1.661708
                   315.0                 29.1312    -0.36800902200373187     0.12934181664346228                2.055208
                   316.0      29.232000000000003      0.0417357216321339      0.2224225900382475                2.290196
                   317.0      29.332800000000002   -0.012834506244673333      0.4320625869340289                2.145625
                   318.0      29.433600000000002    -0.37112672078431885      0.3777628300628405                2.564246
                   319.0                 29.5344      0.1326780432208075     0.27382722323472297                1.821907
                   320.0                 29.6352     0.11070127457011619     0.11113648502976081                2.214897
                   321.0                  29.736      0.6445264083042327      0.4663177488286436                2.126571
                   322.0                 29.8368                     nan                     nan                     nan
                   323.0                 29.9376    -0.04216185038556079      0.2654173007191536                2.208736
                   324.0                 30.0384    -0.20579198178781574        0.34382548961086                2.265843
                   325.0                 30.1392      0.0570034853451718      0.5620734047173852                2.115198
                   326.0                   30.24     0.09045594553980942     0.38237020394475485                2.298217
                   327.0      30.340799999999998     -0.1518348155873379     0.16612843330264448                2.139553
                   328.0      30.441599999999998    0.010400922939797164      0.5362618045684163                2.892856
                   329.0      30.542400000000004    0.032048609408324796     0.24153682875611698                2.353418
                   330.0      30.643200000000004   -0.048638385285021624     0.40245908256942636                2.657493
                   331.0      30.744000000000003    -0.05484548810294357     0.11255477712604613                2.367957
                   332.0      30.844800000000003      0.6491945526706749      0.4028391419348767                2.576675
                   333.0      30.945600000000002                     nan                     nan                     nan
                   334.0      31.046400000000002    -0.03351083848671929      0.6237793454869055                 2.67256
                   335.0                 31.1472     0.08984616948295374      0.5185989091179336                2.299139
                   336.0                  31.248    -0.13486793204753222      0.4869445203804996                 2.64605
                   337.0                 31.3488      0.0266837021353592     0.36800951050182645                2.502384
                   338.0                 31.4496    -0.35018403911873897     0.13814529749760862                2.487456
                   339.0                 31.5504    -0.02439793451099946       0.455516312154772                2.080961
                   340.0                 31.6512    -0.38543251128083134      0.6138449690701733                2.068683
                   341.0                  31.752    -0.18155224451961852      0.4747914685411449                2.221036
                   342.0                 31.8528   -0.010801277130612519      0.5473911402258054                2.700244
                   343.0      31.953599999999998     0.01859491030692728      0.3189111891378803                  3.2221
                   344.0                 32.0544    -0.22682027088234755      0.3741871463963048                2.722215
                   345.0                 32.1552      0.5396776858198076      0.5729618362474441                2.387954
                   346.0                  32.256     -0.1466879601050119     0.24913871119425252                2.381154
                   347.0                 32.3568     -0.1705095530290649      0.3707356489170471                2.760372
                   348.0                 32.4576     0.10016157880234555     0.27453774397571973                2.549112
                   349.0                 32.5584      0.4647968924176343      0.3522963788703106                3.302787
                   350.0                 32.6592      0.6396432545072501     0.40403959826204827                 3.11411
                   351.0                   32.76    -0.13944327528665518     0.08903966648167488                3.160448
                   352.0                 32.8608       0.535045278952883      0.3251705151754169                2.938142
                   353.0                 32.9616     -0.1961334189504278      0.3001662332736845                3.305806
                   354.0                 33.0624    -0.31503831101689506     0.22703843409537638                2.901897
                   355.0      33.163199999999996      0.0353997985502652      0.2602404368661751                2.624661
                   356.0      33.263999999999996   -0.048411228337454856     0.43564915773837987                2.155127
                   357.0      33.364799999999995                     nan                     nan                     nan
                   358.0      33.465599999999995    -0.06191665692444778     0.11868267370626084                2.544868
                   359.0      33.566399999999994    -0.17644224310428402      0.4017725532483603                2.513154
                   360.0                 33.6672                     nan                     nan                     nan
                   361.0                  33.768   -0.048219963326692344     0.28691065654352327                2.562837
                   362.0                 33.8688      0.6234569301038538     0.09227304909696868                3.057959
                   363.0                 33.9696    -0.10124751658446256     0.24699806417601566                2.663341
                   364.0                 34.0704       0.586906640685569      0.3033431980651154                2.896734
                   365.0                 34.1712      0.4901840187173448     0.17787106537985542                2.816972
                   366.0                  34.272      0.8052006936235973     0.07647490896351175                3.044209
                   367.0                 34.3728      0.5033618645939588    0.018134014943668675                2.908939
                   368.0                 34.4736    -0.09329263925105634    -0.10223139236024445                2.678426
                   369.0                 34.5744      -0.447406262090149     0.23784208744341667                2.253914
                   370.0                 34.6752    0.043426713913999326     0.19289117958931748                2.320657
                   371.0      34.775999999999996                     nan                     nan                     nan
                   372.0      34.876799999999996      0.5930785877102631   -0.035361438258214056                2.670986
                   373.0      34.977599999999995    -0.13371758314829157     0.31119394795636174                2.520569
                   374.0      35.078399999999995    -0.11772708160892581    0.044151501881726625                2.027445
                   375.0      35.179199999999994    -0.12414276186184879    0.014333528327312915                2.126358
                   376.0                   35.28   0.0018152927513465818    -0.11704989873659513                 2.79428
                   377.0                 35.3808    -0.14906643943668532     0.16851718496169052                2.614715
                   378.0                 35.4816                     nan                     nan                     nan
                   379.0                 35.5824     0.09557877649861533     0.04936644943744037                 2.67689
                   380.0                 35.6832    -0.09812992080238156    -0.15210359932157225                2.039907
                   381.0                  35.784    -0.44164875131601555    -0.07701415793642152                2.604375
                   382.0                 35.8848      -1.021311698820022      0.0891227315010843                2.420696
                   383.0                 35.9856     -0.1936411203489769    0.029205526431008454                2.191325
                   384.0                 36.0864     -0.4796893803166919    -0.14184231381975707                2.860181
                   385.0                 36.1872    -0.09158166553446273    -0.07155248361269416                3.097649
                   386.0                  36.288    -0.15165771797591568      0.0959644381595754                2.332898
                   387.0      36.388799999999996    -0.24780832589098067    -0.05260139531017861                2.093046
                   388.0      36.489599999999996                     nan                     nan                     nan
                   389.0      36.590399999999995    -0.12460706668294338    0.029185440730547504                2.906191
                   390.0      36.691199999999995    -0.17998869591982472    -0.11528076073911105                3.452106
                   391.0      36.791999999999994     -0.1951461780136125     0.09795107062426332                2.786347
                   392.0      36.892799999999994    -0.35078696436462836  -0.0025363174602448246                3.220081
                   393.0                 36.9936    0.010940717981711427     0.08038937321144086                2.809915
                   394.0                 37.0944      0.5766777326083022     0.08230429733598571                2.846987
                   395.0                 37.1952     -0.1257497817877114    -0.03222167172550068                3.121132
                   396.0                  37.296     -0.2625059088035094        -0.2847002733547                2.704845
                   397.0                 37.3968                     nan                     nan                     nan
                   398.0                 37.4976     0.04903840652712546    -0.15545385319860136                3.749121
                   399.0                 37.5984                     nan                     nan                     nan
                   400.0                 37.6992    -0.16560336022889538     0.03693021622726416                2.945239
                   401.0                    37.8     -0.2758426446115447   -0.004555176729781035                3.181501
                   402.0                 37.9008    -0.04760468487837703      0.0620779908509325                3.111437
                   403.0      38.001599999999996    -0.10998657862509857     -0.2877025264975517                2.708498
                   404.0      38.102399999999996    -0.10230220562781131    -0.10524670970718103                3.492713
                   405.0      38.203199999999995     -0.3265526732228374     0.13845046285216048                2.912981
                   406.0      38.303999999999995     -0.2513762811425249      0.0870826396377129                2.950654
                   407.0      38.404799999999994    -0.29009217331482223     0.11754057914949909                3.301831
                   408.0                 38.5056     -0.3615671322839592     0.05016308069222271                 3.49502
                   409.0                 38.6064    -0.01869661768429665    0.008924856116437861                 3.46095
                   410.0                 38.7072    -0.18846477134383086   -0.062318838734634986                3.419298
                   411.0                  38.808      0.3510937188614104     0.29200999349814494                 2.86649
                   412.0                 38.9088                     nan                     nan                     nan
                   413.0                 39.0096     0.45931951044646196      0.2797308265969095                4.052994
                   414.0                 39.1104     0.48528123675567447      0.6205457413542296                4.015659
                   415.0                 39.2112      0.5550389231849466      0.0627620364703175                3.309901
                   416.0                  39.312    -0.07608537064385947     0.34466641383270225                3.705802
                   417.0                 39.4128     -0.1726471401789506      0.3241199970587119                3.651263
                   418.0                 39.5136      0.5607990027642363     0.26021642955450636                4.132163
                   419.0      39.614399999999996      0.4787181952629129    0.028065053756452824                4.258449
                   420.0      39.715199999999996    0.004155582884879577    -0.07599404044460965                3.866633
                   421.0      39.815999999999995     0.02726477961280105   -0.007354706884397049                3.698681
                   422.0      39.916799999999995      0.4779705899760191    -0.04840818140027503                3.976845
                   423.0      40.017599999999995     -0.1980763413463751    -0.04360260676648084                4.118692
                   424.0      40.118399999999994      -0.174702173044917    -0.17866576196884396                4.673666
                   425.0                 40.2192     -0.2251096560365456    -0.21987005120494352                4.578129
                   426.0                   40.32     -0.2325121543956653    -0.09438236822352275                3.904852
                   427.0                 40.4208     -0.1848065720138864    -0.23326160175976693                4.579788
                   428.0                 40.5216     -0.1281814180110464     -0.1959414057506793                 4.12078
                   429.0                 40.6224      0.4439696110978626     -0.5200330862773741                 3.53617
                   430.0                 40.7232                     nan                     nan                     nan
                   431.0                  40.824      -0.371342291507656   -0.031861812767955563                3.204468
                   432.0                 40.9248     0.00933482127052028    -0.42445678619333704                3.817199
                   433.0                 41.0256    -0.06948595528132478      -0.230711264248271                3.082508
                   434.0                 41.1264                     nan                     nan                     nan
                   435.0      41.227199999999996     0.05044840341354623     -0.5573679057182699                4.121416
                   436.0      41.327999999999996     0.48354319306589894     -0.4257903019211112                4.373973
                   437.0      41.428799999999995                     nan                     nan                     nan
                   438.0      41.529599999999995    -0.07037641214521287     -0.2842180329282726                5.049543
                   439.0      41.630399999999995    -0.12238236203848482     -0.2375363094628867                4.820142
                   440.0                 41.7312    -0.23539619993960248     -0.2503595451254711                4.495397
                   441.0                  41.832     -0.1559540650676889     -0.4557596463352604                4.506421
                   442.0                 41.9328    -0.32637947725606936     -0.5967168945115708                3.952837
                   443.0                 42.0336     0.15918809514710974     -0.4694276437065249                4.240025
                   444.0                 42.1344     0.07762225377310292     -0.2639917277936858                4.571455
                   445.0                 42.2352    -0.01741685365456319     -0.3784987890796477                4.372234
                   446.0                  42.336     0.34987183095587127     -0.4753985551120191                4.269945
                   447.0                 42.4368     0.07853406061721545    -0.49088809111684023                4.306433
                   448.0                 42.5376     -0.3514825962396941     -0.3393291122485025                3.823232
                   449.0                 42.6384      0.2657463429048361     -0.6860974950006019                3.701833
                   450.0                 42.7392    -0.09918931717954595    -0.37504670071812946                4.470355
                   451.0      42.839999999999996     0.36947933083560697     -0.4736093741633272                4.675682
                   452.0      42.940799999999996       0.319156025574616     -0.3840042361431564                4.366798
                   453.0      43.041599999999995     0.17309108631258124    -0.40745737598360154                3.786973
                   454.0      43.142399999999995     -0.2794975453150409     -0.5090671466084381                 4.12518
                   455.0      43.243199999999995      0.4518438402925822     -0.6307926883919992                 3.90457
                   456.0      43.343999999999994     -0.2203149840685562    -0.48085398152003683                 3.84507
                   457.0                 43.4448    -0.26334652759717914    -0.27975162414065696                 4.26665
                   458.0                 43.5456     0.05591300942734172     -0.3404659447817323                4.901674
                   459.0                 43.6464                     nan                     nan                     nan
                   460.0                 43.7472    -0.08701741614391159    -0.35059257161527707                4.108744
                   461.0                  43.848      0.4102206209819834     -0.4444799748182142                3.834282
                   462.0                 43.9488     0.05745400857758393    -0.23268060563665294                3.325736
                   463.0                 44.0496    -0.16550622236279858     -0.2779791567504754                3.424246
                   464.0                 44.1504    -0.18801802152317668      -0.314522535282894                3.371354
                   465.0                 44.2512    -0.13300454405505513     -0.3362513821428327                3.097199
                   466.0                  44.352     0.04740322950719919     -0.2876145488237112                4.013163
                   467.0      44.452799999999996    -0.17986481909974444     -0.2593820809118642                3.378695
                   468.0      44.553599999999996      -0.410693501156398    -0.13977832377613375                2.472819
                   469.0      44.654399999999995    -0.09338616483564405    -0.15828934400820732                3.029838
                   470.0      44.755199999999995    -0.39020388918630344    -0.25032844693895573                2.971603
                   471.0      44.855999999999995     -0.3325281892676339      -0.281130239936954                3.827145
                   472.0                 44.9568    -0.11303390935818833     -0.4537036261818528                3.916947
                   473.0                 45.0576    -0.35153670547905275    -0.12642661114485532                3.278916
                   474.0                 45.1584    -0.10469663567589696     -0.3346695992250916                3.759472
                   475.0                 45.2592    -0.19909702817562086    -0.19006064797760444                3.026171
                   476.0                   45.36     0.10113133545331357    -0.18740503605449468                3.381573
                   477.0                 45.4608    -0.12285525853459325     -0.2143850177947247                3.202886
                   478.0                 45.5616                     nan                     nan                     nan
                   479.0                 45.6624      0.6240806559898414     -0.3230924854939827                3.005907
                   480.0                 45.7632      0.7341195919020929     -0.1608263437998434                3.755648
                   481.0                  45.864    -0.12366782706510249    -0.24242827897069644                3.434395
                   482.0                 45.9648     0.13679747301577677     -0.1623785477795602                3.162025
                   483.0      46.065599999999996     0.42294478869746766   -0.039512224866518425                3.942002
                   484.0      46.166399999999996      0.6849223988657935     -0.1342116525494647                3.381978
                   485.0      46.267199999999995     0.46759988175209066     -0.2888287280532804                3.522148
                   486.0      46.367999999999995                     nan                     nan                     nan
                   487.0      46.468799999999995      0.6082496860575634    -0.09923257499411288                3.081164
                   488.0      46.569599999999994        0.54506802242174    -0.07051045710194032                3.823659
                   489.0                 46.6704                     nan                     nan                     nan
                   490.0                 46.7712      0.5969391322768594    -0.11331451797704226                3.561113
                   491.0                  46.872      0.7846249393645167    -0.11171816624562121                3.372358
                   492.0                 46.9728     0.42953297398178936     0.08840691265660527                3.423711
                   493.0                 47.0736      0.5226121999801657     -0.1304680149197309                3.013303
                   494.0                 47.1744      0.9318855356407861     0.02997140205196075                2.420914
                   495.0                 47.2752      1.3972852152072706      0.1494805199193462                2.772828
                   496.0                  47.376      0.9926971085677685   -0.038467338557055114                 2.95414
                   497.0                 47.4768      0.6140226643771647    -0.09315396550501856                3.208292
                   498.0                 47.5776      0.7057101103441996     0.05131729125579074                3.063393
                   499.0      47.678399999999996      0.5709755877190583      0.2924748468848217                2.824251
                   500.0      47.779199999999996        1.12314526277909    -0.04656392153126074                2.647024
                   501.0      47.879999999999995      0.7218523177770694    -0.04695908175520225                2.899045
                   502.0      47.980799999999995      0.8230346374436286      0.5401152865891304                3.311415
                   503.0      48.081599999999995      0.6290495201005277       0.303599657838334                3.443883
                   504.0                 48.1824      0.8165861063391986     0.06955632621157545                3.570001
                   505.0                 48.2832      1.0033213367552258      0.3431485709965437                3.328077
                   506.0                  48.384      0.8429935154658944     0.07986808184356686                2.985578
                   507.0                 48.4848      0.7852210618531809      0.3242116579256241                3.292782
                   508.0                 48.5856      0.8102033878209126      0.2243780253700623                2.879393
                   509.0                 48.6864      0.9488334405227659      0.0681765993045863                3.126154
                   510.0                 48.7872      1.5206749889094955    0.053172830554922335                 3.55453
                   511.0                  48.888      1.4443413409748094   -0.030339419791854116                3.153228
                   512.0                 48.9888      1.3138644107230242    -0.03222828507698644                3.390491
                   513.0                 49.0896      1.1830511286240222    -0.27432438010641164                3.185103
                   514.0                 49.1904      1.1296971464094443      -0.576235160309504                3.583738
                   515.0      49.291199999999996      1.2025654536918031     -0.4702587972902046                3.707894
                   516.0      49.391999999999996      1.1268332625094473     -0.6695743918148469                2.980218
                   517.0      49.492799999999995      1.4155791062391234     -0.4054679501784645                3.866727
                   518.0      49.593599999999995      1.0944471361776555    -0.13934514762021463                3.898837
                   519.0      49.694399999999995      1.1032018421168115    -0.49964019330487996                3.231321
                   520.0      49.795199999999994      1.5425058247739245    -0.32551415472771406                3.348166
                   521.0                  49.896      1.5656041398583738     -0.3457413241851663                2.917719
                   522.0                 49.9968      1.0978753186323162     -0.4685261717620272                3.402722
                   523.0                 50.0976      1.8716358303712182      -0.377032970208446                3.787657
                   524.0                 50.1984       1.652081580362453     -0.4859156908214092                3.018093
                   525.0                 50.2992      1.4809511937427726      -0.152298985649999                3.025078
                   526.0                    50.4       1.550209056279314    -0.03715138875857249                2.965063
                   527.0                 50.5008      1.6533122065022208     0.05268195455063873                2.471875
                   528.0                 50.6016      1.9128001175941638      0.0856413232058596                2.073288
                   529.0                 50.7024      1.6744187399619652    -0.07972181402605966                2.422096
                   530.0                 50.8032       1.588600150780965     0.24862680128392278                2.296154
                   531.0      50.903999999999996      1.1181436050693043     -0.1975678539474513                2.268536
                   532.0      51.004799999999996                     nan                     nan                     nan
                   533.0      51.105599999999995      1.7509309700903195     0.14805504625122717                2.170702
                   534.0      51.206399999999995       2.131319927052613     0.10129361502675183                2.397627
                   535.0      51.307199999999995       1.928205563977445     0.19966026804281056                1.923345
                   536.0                  51.408       1.929187534830587    -0.06977561418939204                2.029586
                   537.0                 51.5088       2.678174572744655    -0.13475679224683834                 2.32746
                   538.0                 51.6096                     nan                     nan                     nan
                   539.0                 51.7104      1.6637800791159818    0.035345530843808315                 2.00512
                   540.0                 51.8112      1.3375079975758386      0.8098535573022008                1.734535
                   541.0                  51.912      1.4793568828017531     0.44317548905955123                1.427541
                   542.0                 52.0128       1.130391045336998      0.9281119672539019                1.658726
                   543.0                 52.1136      1.5778029172102224      0.7074540275284227                 1.96853
                   544.0                 52.2144      1.6868259695214929    -0.14724028284503227                1.697989
                   545.0                 52.3152       1.744776801183493       0.526239487905138                1.725205
                   546.0                  52.416      1.7802658828053675    -0.09767775000518297                1.838716
                   547.0      52.516799999999996       2.153589177231313     0.39620744930632956                2.047786
                   548.0      52.617599999999996       2.669240493568739  -0.0024254992384182827                1.682536
                   549.0      52.718399999999995      1.8664332010251794    -0.21046718238608536                 1.56377
                   550.0      52.819199999999995       2.042039441312775     0.28049454025334347                1.512033
                   551.0      52.919999999999995       2.316248523849868    -0.04745162376624823                0.971414
                   552.0      53.020799999999994       1.976455389934258     0.09953577768633154                 1.03702
                   553.0                 53.1216                     nan                     nan                     nan
                   554.0                 53.2224      1.4556859819821113     0.36422830424344876                0.909875
                   555.0                 53.3232                     nan                     nan                     nan
                   556.0                  53.424      1.9725046769589807    -0.44011657693835926                 1.63399
                   557.0                 53.5248                     nan                     nan                     nan
                   558.0                 53.6256      1.5901618852681827     0.35487862973591233                0.916077
                   559.0                 53.7264                     nan                     nan                     nan
                   560.0                 53.8272      0.8869109805070126     -0.2334745115480091                0.797532
                   561.0                  53.928      1.2840862431188909     -0.7110219113840757                1.121901
                   562.0                 54.0288      1.8347920269896012     -0.6697838213777919                1.105464
#-----------------------------------------------------------------------------------------------------------------------
# experiment: raw_data
# path: /Users/andreapicco/Google Drive/RESEARCH/EvoCellBio/Protein_tracking/Data/Sla1/21_degree/Sc/raw_data
# file: 21.sla1.txt
# protein: Sla1-GFP
# date: 27/01/23
# notes: in EMM media, at 21 deg C
# t_unit: s
# delta_t: 0.1008
# coord_unit: pxl
# intensity_normalisation: None
# l_cm: (74.29285360397719, 130.56544374391473)
# r_cm: (150.0515786813599, 66.01411843204343)
# m_angle: 1.9354286759466386
# m_lag: -26
# trajalign_version: 1.92
# lie_down_angle: 2.890409135963897
# lie_down_translation: (-150.36220746046456, -66.03824083954832)
