%% Trajectory 310
206 54.523823 51.640278 1.033887 2.483159 110.491852
207 54.140846 51.952408 0.700536 1.892138 27.355316
209 54.327240 52.031052 0.939710 2.055785 136.382202
210 54.147060 52.303711 1.108615 2.153728 164.341431
211 53.810238 52.138691 0.847146 1.951222 107.130928
212 54.093922 51.995422 1.310140 1.850495 102.088158
213 54.052315 51.869331 1.607755 1.985460 110.935036
214 53.684925 52.225216 1.178425 2.066884 149.316956
215 53.655117 51.942959 0.920375 1.817089 125.887558
216 54.039490 52.143002 1.270289 1.848362 69.123718
217 53.899666 52.038322 1.131008 1.875595 110.219894
218 54.499588 51.732216 1.257049 2.280418 142.489441
219 53.811092 51.948677 1.234031 1.974449 87.726326
220 54.376858 52.064449 1.176892 1.979827 105.662216
221 54.150021 52.164810 1.436818 2.011216 115.239128
222 54.139030 52.057018 1.475049 1.870038 134.794724
223 54.341450 52.044125 1.121766 2.022171 113.847908
224 53.952404 52.254471 1.599236 2.155760 187.597382
225 54.049450 52.122520 1.539623 2.028744 174.140259
226 53.929329 51.843006 1.375754 1.853826 88.146637
227 53.941998 51.911888 1.590385 2.098452 165.347717
228 54.242126 51.884937 1.854224 2.024551 122.821335
229 53.882786 51.892601 1.827926 1.892946 89.125732
230 54.007439 52.140713 1.593339 1.836688 80.258186
231 53.915272 51.902039 1.696203 1.872105 121.017464
232 54.025795 52.090385 1.473113 1.912336 103.805420
233 54.105530 51.726372 1.754408 2.362175 198.984039
234 54.027855 51.821541 1.940117 2.019623 137.856308
235 54.023746 52.053391 1.959969 1.876712 113.034973
236 53.770916 52.076496 2.305650 2.183087 107.642143
237 54.207935 52.004375 2.183958 1.863023 90.170479
238 54.092373 52.028141 2.270792 2.022850 91.540565
239 54.095341 51.862656 1.941449 1.972238 129.493759
241 54.184738 52.015125 2.214068 1.874331 72.569870
243 54.111485 51.908417 2.312511 1.968457 95.654404
244 54.106232 51.681019 1.648293 1.887325 124.549927
245 54.118156 52.010117 1.882258 2.018184 154.680206
246 53.964359 52.026196 2.436890 1.976514 80.688850
247 54.045414 51.876190 2.654540 2.034493 87.612221
248 54.160454 52.006287 2.716638 2.041675 61.749695
249 54.090069 52.031605 2.935951 1.990181 52.530239
250 53.900616 51.822041 2.712989 1.929228 41.155704
251 53.967670 52.173435 2.669975 2.016528 73.418777
252 54.069443 52.006386 2.532680 1.966408 84.997978
253 53.971092 51.955032 2.728729 2.002754 35.519047
254 54.165924 51.879864 2.809486 2.012369 41.496315
255 54.034225 51.795399 2.245198 2.002459 87.576675
256 54.197506 51.978317 2.719481 1.967423 38.473427
257 54.144123 51.864620 2.999095 2.036300 49.201332
258 54.290226 52.070564 2.221978 2.091956 100.553658
259 54.237247 52.014877 2.481435 2.016069 54.541252
261 53.927822 52.102028 3.420125 1.990048 51.434319
262 54.103687 51.933701 2.546186 2.065378 71.730919
263 54.160950 52.182163 2.850307 2.018570 45.571060
264 54.152748 51.965683 3.395495 2.067497 79.208771
265 54.313133 52.121342 2.944074 2.093453 84.573006
266 54.010380 52.024258 2.907688 1.983115 70.177109
267 54.132961 51.996056 3.059249 1.988033 78.732384
268 53.930351 52.100365 2.980285 2.063103 48.159039
269 54.161774 52.014259 2.732388 1.881647 55.320278
270 54.098804 52.001820 3.158941 1.987915 62.514870
271 53.999714 52.196629 2.873948 2.008339 52.679245
272 54.068123 51.994171 3.341064 1.980792 62.376770
273 54.110092 52.042088 3.622979 1.991615 52.312572
274 54.124142 51.944626 3.404657 1.998899 39.784088
275 54.120262 51.916859 3.240288 1.991025 46.691605
276 53.838772 51.913528 3.143530 1.943987 57.859383
277 54.018974 52.003494 3.296163 1.988406 46.485966
278 54.056118 51.907856 3.025675 1.875997 94.207535
279 53.698090 51.934582 2.732220 2.027213 61.053024
280 53.843227 51.900440 2.586449 1.923467 58.502159
281 53.968369 52.142761 3.212304 2.156957 55.737000
282 53.970528 51.661766 2.825124 2.090406 64.852654
283 53.907082 51.913605 3.541621 2.025993 65.288292
284 54.023533 51.808094 3.052519 1.997491 57.815781
285 54.010178 51.943001 3.359862 2.012287 72.421310
286 53.958733 52.040718 3.528103 1.947537 57.966389
287 54.125050 52.105976 3.021935 2.007409 41.175175
288 54.045712 52.003872 3.503854 1.894389 19.918804
289 53.949612 51.920731 3.001870 1.964326 30.598318
290 53.998222 51.932133 3.318409 1.949051 48.535461
291 54.251774 51.958275 3.061654 1.975202 47.680180
292 54.169849 52.042240 3.711302 1.954219 12.186252
293 53.983829 52.026413 3.895112 1.978558 19.694708
294 54.099400 52.065628 3.609080 2.010999 38.728519
295 54.217319 51.893208 3.139207 2.126212 43.453640
296 54.137173 52.208164 3.487249 1.983708 32.091526
297 53.952682 51.976311 3.202561 2.016448 54.225945
298 54.104725 51.986820 3.735034 1.980373 55.634293
299 54.177834 52.048489 3.724636 1.986740 23.693691
300 54.141140 52.077126 3.176931 2.025156 39.569012
301 54.096619 52.040535 2.599532 1.983652 60.894566
302 54.053032 52.016876 2.055691 2.040080 119.759247
303 54.079796 52.094204 2.877274 1.970420 45.678646
304 54.078671 51.994400 2.374039 2.092888 92.076897
305 54.133053 51.917553 2.551316 1.949178 58.679634
306 54.009472 52.172737 3.229426 1.982280 21.983717
307 54.124519 52.101841 2.412572 1.945167 96.537659
308 54.036034 51.862904 2.295457 2.130415 114.313736
309 53.974133 52.108570 2.648304 2.094917 82.714127
310 54.104156 52.009258 2.507225 2.024243 63.688984
311 53.979652 52.080120 3.010007 1.990482 56.262363
312 53.962101 51.869427 2.676764 1.969930 55.231926
313 54.030159 52.106380 2.609356 2.075697 74.198555
314 54.010010 51.881680 2.259020 1.939373 73.597267
315 54.057831 51.959064 2.272032 2.128389 97.444916
316 54.244484 51.965691 2.344678 1.881341 57.138813
317 53.931942 52.079391 2.255141 1.973289 82.261566
318 54.064880 52.083019 2.052756 1.903315 86.917496
319 53.934238 52.308022 2.060859 1.940669 81.565407
320 54.170048 51.779175 2.362615 1.980803 117.908478
321 54.048985 51.896450 2.836121 1.932672 66.121735
322 54.073547 51.992382 2.436385 1.989313 78.134369
323 54.012180 51.941990 2.862948 1.934077 81.632584
324 53.896587 51.960480 2.198900 2.171982 78.462883
326 54.023506 51.944485 2.959159 2.119254 37.988094
327 54.155941 51.934814 2.858664 2.209111 69.779472
328 53.839146 51.946556 2.458484 1.885689 61.176796
329 54.042427 51.900314 2.750256 2.073503 73.177254
330 53.924522 52.131416 2.987700 1.976679 44.415474
331 53.904110 51.925667 3.008608 2.018974 37.845600
332 53.904808 52.094460 3.302337 1.999667 37.825504
333 53.988804 51.805164 2.859895 1.930818 38.506100
334 54.217251 51.988918 2.590332 2.059246 39.741478
335 54.157387 52.145298 2.653952 1.975547 43.494156
336 54.085285 52.061111 3.041253 2.000370 39.073082
337 54.073109 51.947830 2.341434 1.990536 71.313377
338 54.037376 52.076706 2.576473 1.968616 59.098927
339 54.182568 52.011517 2.861509 2.010219 56.633083
340 53.976181 52.104591 2.403435 1.945437 59.693558
341 54.109776 51.990364 3.089305 1.907910 33.962330
342 54.104992 52.003086 3.520811 2.017666 36.862949
344 54.224079 52.197472 2.602410 2.053605 43.198227
345 54.070732 52.132786 2.827454 1.998797 62.737873
346 54.293610 52.089783 2.474331 2.068558 74.816612
347 54.097507 52.192348 2.691684 2.041368 85.365959
348 54.027950 52.188427 2.686109 2.045801 67.076515
349 54.075394 52.116547 2.723563 2.075872 43.582825
350 54.044609 52.068310 2.865088 1.954342 41.643097
351 54.320839 52.004623 3.488576 2.023969 39.669693
353 53.936195 52.156075 2.804529 1.934626 25.656296
354 53.933540 52.155849 3.081392 1.987115 70.520195
355 54.011494 51.980473 3.154890 1.961313 74.336105
356 53.994709 52.116802 2.884356 2.028501 46.676384
357 54.191525 52.101002 2.466973 2.021411 108.733421
358 54.080059 52.070469 2.600127 2.003281 99.616295
359 54.248470 52.219803 3.037925 2.077525 63.650082
360 54.156799 52.102951 2.754075 1.965242 78.989868
361 54.159462 52.144547 3.023660 2.006398 84.372406
362 53.979809 52.429317 3.500125 2.079303 64.608978
363 53.875481 52.194019 3.158593 2.226942 45.174637
364 54.287449 52.131580 3.410321 2.004666 59.079224
365 53.941021 52.114128 3.142926 2.060213 43.316650
366 54.104935 52.010380 3.113848 2.111710 62.190826
367 54.156818 52.235420 3.172256 1.939679 43.845860
368 53.913757 52.148067 3.778048 2.013022 15.631790
369 54.165276 52.208858 2.946424 1.941389 64.088547
370 54.163692 52.193687 2.831375 2.014312 66.275726
372 54.244389 52.507221 3.440249 2.196403 26.510202
373 53.908642 52.381168 2.985935 2.054992 72.198158
374 53.974258 52.347252 3.877326 2.071233 10.519439
375 54.113346 52.368500 3.966789 2.077644 25.314226
376 54.260773 52.512264 3.789596 2.150691 12.364195
377 53.906700 52.614899 3.507422 2.049614 37.328098
378 53.891155 52.570103 2.827419 2.107008 63.569096
379 53.909267 52.969070 2.852366 1.992676 36.055405
380 53.966869 52.736633 3.223129 2.005962 36.654209
381 53.931435 52.808056 2.911985 1.988685 30.026291
382 53.815659 52.915535 2.912231 2.052893 51.970188
383 54.039482 52.795601 3.059616 2.011690 37.759308
384 54.058811 53.065201 2.643173 2.014702 87.350716
385 53.910172 52.776966 2.397578 1.945181 50.759766
386 53.765980 52.765781 3.027829 2.044348 82.377090
387 53.734608 52.942890 2.638624 1.983676 55.145786
388 53.716358 52.954948 2.893546 2.027817 47.834431
389 53.685284 52.729031 2.616241 2.167568 57.285542
390 53.703045 52.640507 2.457444 2.174705 69.157234
391 53.760334 52.892876 2.076231 2.147509 110.879951
392 53.943741 52.980732 2.437320 1.993057 69.341461
393 54.068504 52.940674 1.745210 1.979211 70.387695
394 53.899841 53.065372 1.204745 1.946708 118.882774
395 54.098274 52.890633 0.882462 2.119964 101.481323
396 53.835278 52.713970 1.715646 1.926574 108.919579
397 53.700172 53.138348 1.496117 1.960241 84.773323
398 53.993671 52.994148 1.469966 1.829483 100.583420
399 54.006287 52.682072 1.157903 2.116868 106.850372
401 54.211182 53.412342 1.032621 2.331457 130.080490
403 53.903889 53.153667 0.836983 2.017787 100.698120
404 54.165531 53.870426 0.614594 1.886826 60.649658
