%% Trajectory 6
0 30.279512 111.635193 2.007090 2.240886 50.779694
1 30.123087 111.818336 1.776063 2.182300 79.156090
2 30.283567 111.663849 1.455186 2.127073 107.284920
3 30.221836 111.758385 1.660847 2.167029 88.524384
4 30.230780 111.713280 1.564492 2.209569 113.947845
5 30.314581 111.602821 1.761782 2.301600 86.443756
6 30.272835 111.750031 1.739154 2.193349 97.620552
7 30.360027 111.737267 2.158081 2.153484 25.492966
8 30.142641 111.816292 1.752697 2.049613 66.442566
9 30.222891 111.735229 1.782190 2.085708 87.098190
10 30.238216 111.641541 1.766096 2.352958 102.937195
11 30.218185 111.624115 2.146969 2.270353 61.080128
12 30.238319 111.635597 1.779753 2.385107 81.395370
13 30.245766 111.708168 1.809712 2.200559 74.511375
14 30.250418 111.669678 1.782883 2.269969 90.642769
15 30.248447 111.693741 1.840629 2.200806 72.191299
16 30.124813 111.721199 2.110914 2.269505 30.672586
17 30.256779 111.562828 1.749887 2.287832 103.752304
18 30.400845 111.425972 1.755136 2.401622 97.905357
19 30.265249 111.751579 1.874361 2.212618 65.177528
20 30.286716 111.631432 2.074664 2.165075 54.270908
21 30.393286 111.564545 1.770192 2.304716 84.535057
22 30.203770 111.851959 2.108159 2.114464 47.742085
23 30.234041 111.697838 1.626279 2.274065 89.367653
24 30.480600 111.685432 1.590455 2.328701 103.267365
25 30.247446 111.628448 1.905135 2.280205 75.127197
26 30.392029 111.636093 1.568138 2.312423 80.567398
27 30.424183 111.651367 1.548510 2.294862 112.017761
28 30.347067 111.594513 1.442031 2.231615 112.730736
29 30.257267 111.473663 1.618785 2.353188 84.140587
30 30.321554 111.674088 1.725157 2.327606 61.523968
31 30.577501 111.685028 1.370131 2.180998 127.349373
32 30.350004 111.618248 1.471923 2.304874 109.416786
33 30.220707 111.798576 1.665048 2.220212 78.722321
34 30.243252 111.590302 1.717300 2.357932 66.855667
35 30.236158 111.421646 1.719084 2.303361 49.277493
36 30.413292 111.552376 1.606305 2.334553 117.161934
37 30.452333 111.719475 1.645878 2.242024 98.228325
38 30.437956 111.304054 1.189563 2.264953 155.734650
39 30.381123 111.637489 1.919559 2.427603 62.620949
40 30.582010 111.609123 2.081558 2.341447 55.116562
41 30.379704 111.579803 1.762393 2.379357 77.612320
42 30.629860 111.754227 1.781983 2.334582 66.865074
43 30.542694 111.660782 1.537030 2.235883 109.975327
44 30.676888 111.700439 1.314649 2.171826 143.517960
45 30.712618 111.652802 1.337263 2.330889 143.725174
46 30.710272 111.882576 1.636600 2.225961 104.717285
47 30.494577 111.740692 1.266502 2.382439 174.510498
48 30.712378 111.716080 1.080832 2.107585 148.788055
49 30.862389 111.944786 1.310396 2.074190 120.106819
50 30.687397 111.978691 1.094200 2.269281 164.339203
51 30.948959 111.883385 0.773821 2.263488 199.298309
53 30.885931 111.820045 0.855589 2.041009 94.877579
54 30.770527 112.134575 0.988716 2.270344 194.160995
55 30.904381 111.515015 0.614683 1.915922 114.762764
56 30.987236 112.192673 1.059320 2.140758 171.393188
57 30.426603 112.198372 0.827583 2.255138 204.566849
58 30.968311 112.117897 0.851094 2.379632 155.352524
59 30.770008 112.536812 0.880570 2.773365 122.368172
62 30.776691 112.259453 1.099271 2.391940 202.251541
63 30.622387 112.139900 0.889426 2.341008 214.384445
65 30.675152 112.343201 0.844771 2.290783 177.267609
