%% Trajectory 101
50 53.555462 60.459187 0.924740 2.385721 172.400604
53 52.681927 60.959148 1.022434 3.058127 57.078861
56 52.976280 60.395535 0.996598 2.688567 191.408356
57 53.789993 60.361469 0.860384 2.362907 211.604797
58 53.568085 60.276714 0.764643 2.373215 135.814789
59 53.500790 60.443619 0.673250 2.568622 117.109558
60 53.455463 60.349270 0.901363 2.561008 129.046631
62 53.172230 60.530277 1.108378 2.828784 170.454025
63 52.881176 61.150295 1.303502 3.092426 63.282589
64 52.852554 61.169163 1.238770 3.486671 18.234863
66 53.746361 60.509872 0.904475 2.438534 211.266708
67 53.652512 60.537857 1.311646 2.443560 162.385712
68 53.478916 60.468948 0.828903 2.533600 140.012222
69 53.562607 60.404640 1.116890 2.557703 162.426620
71 53.167831 60.515110 1.018848 2.552207 149.537491
73 53.522438 60.225578 0.707556 2.541764 133.365555
74 53.401096 60.438705 0.867982 2.463056 177.946213
76 52.776989 61.091473 1.104823 3.389779 28.317162
78 53.486610 60.470654 1.339112 2.610740 146.822693
79 53.046658 60.576344 1.230511 2.777754 140.830978
80 52.836010 60.971088 1.579710 3.344763 23.241592
83 53.163715 60.506954 0.936712 3.010961 83.529259
84 53.174915 60.218502 1.016667 2.573103 181.194229
86 53.825436 60.216702 1.145415 2.366346 233.436996
88 53.678482 60.411572 1.322811 2.298175 115.034546
90 53.021118 60.522846 1.019383 2.950034 109.670700
91 52.715584 61.001144 1.007407 3.106542 79.735947
92 53.123833 60.577160 0.946041 2.957333 67.096718
93 53.622631 60.506855 1.069600 2.469413 163.964249
94 53.242325 60.378601 1.312304 2.551051 147.578857
95 53.033344 60.039684 0.881727 2.675317 153.109863
97 53.053768 60.591648 1.122698 2.901431 115.378685
98 53.281898 60.562737 1.353110 2.589606 154.597183
99 53.462177 60.478226 1.372342 2.485205 157.673508
100 52.934547 60.963001 1.567749 3.013054 36.831123
102 53.473171 60.314514 1.507248 2.296150 101.908539
103 53.403645 60.386013 1.252336 2.517137 190.032547
104 53.116123 60.453804 1.237185 2.542177 180.114395
105 53.163387 60.526867 1.289368 2.695693 180.610504
106 53.946842 60.388741 1.208898 2.301021 200.377548
107 53.437336 60.445225 1.287987 2.445198 170.695053
108 53.170231 60.429203 1.091495 2.404181 181.352188
109 53.235813 60.468964 1.580796 2.593014 139.287552
110 53.286633 60.482506 1.873034 2.650191 66.180344
111 53.146996 60.509396 1.459491 2.831754 99.064194
112 53.561745 60.205975 1.279636 2.291046 183.994995
113 53.492332 60.464558 1.399268 2.495224 203.321335
114 53.480789 60.245678 1.368588 2.521904 178.829498
115 53.674660 60.485329 1.432776 2.753918 166.990234
116 53.193024 60.483559 1.441146 2.714983 125.934258
117 52.895699 60.924126 1.853761 2.934079 58.704079
118 52.901539 60.850597 1.964140 3.018774 20.911505
119 53.069828 60.333519 1.525099 2.513957 152.018097
120 53.170826 60.831894 1.787857 2.517388 110.006096
121 53.187489 60.452312 1.654855 2.605837 109.996368
122 53.444870 60.345253 1.692564 2.430380 94.846581
123 52.927937 60.911270 1.777761 2.900466 52.250515
126 53.003498 60.842728 1.632353 2.714530 90.183952
127 53.457355 60.772175 1.422154 2.968620 90.359451
128 53.645836 60.469170 1.193363 2.446989 149.196320
129 53.788040 60.370979 1.341197 2.324061 145.630341
131 53.521893 60.502319 1.242149 2.517236 196.637894
133 53.774971 60.506485 1.419499 2.366662 171.296005
134 53.253185 60.825974 1.829940 2.772629 40.350475
135 53.613701 60.419201 1.491209 2.367163 135.728088
136 53.605061 60.462490 1.370383 2.538526 166.132751
137 53.748001 60.798672 1.165971 2.693137 150.513290
138 53.447273 60.983498 1.455399 2.647881 128.407089
139 53.664555 60.706238 1.703751 2.443538 111.918983
140 53.614777 60.453979 1.051051 2.664835 159.616287
141 53.687397 60.954441 1.073419 2.628466 140.140747
142 53.694309 60.472126 1.062068 2.733057 134.163361
143 53.969261 60.526840 1.173795 2.343588 153.484589
144 53.701950 60.729687 1.459678 2.433229 133.871368
145 53.701576 60.831566 1.206359 2.805664 120.219200
146 54.004345 60.516155 1.170033 2.262747 183.735031
147 53.441292 60.805332 1.450214 2.595945 95.810371
148 53.923214 60.578655 1.022956 2.462058 189.636337
149 53.483692 60.857998 1.058715 2.638618 100.373756
150 53.604309 61.015244 1.170306 2.836176 151.278671
151 53.836369 60.675087 1.633214 2.446425 101.091316
152 53.903645 60.726418 1.294527 2.268163 125.138321
153 53.978504 60.727409 1.107703 2.491173 188.649826
154 53.791454 61.075253 1.015881 2.433525 158.924774
155 53.694386 61.179424 1.293059 2.642597 142.269821
156 53.964390 60.779816 1.014823 2.477521 172.876633
157 53.855362 60.767326 1.409743 2.271279 136.737671
158 53.681965 61.019501 1.257026 2.539482 162.750031
159 54.118153 60.895851 1.123076 2.627539 154.957596
160 53.772945 61.132420 1.129288 2.763052 171.693420
163 54.122261 60.829079 1.034189 2.330708 179.687393
165 54.570278 61.221310 1.073027 2.276781 221.154953
166 54.646709 61.160168 0.954087 2.005047 160.177536
167 55.036751 61.227158 0.885770 2.258610 206.076126
169 55.036354 60.942158 0.839948 1.706120 82.342590
170 55.304668 60.756630 0.818615 1.920338 68.342766
171 54.885723 60.784004 1.080258 2.121805 146.087082
172 55.466156 60.968601 0.817489 2.078686 154.022217
173 54.866764 60.404472 0.718816 2.222914 139.652817
174 55.203121 60.955540 0.889658 2.047514 109.962898
175 55.087475 60.876926 0.948385 1.882167 114.092445
176 55.048725 60.821426 0.882237 2.174616 217.681274
177 54.881531 61.325581 0.853005 2.233849 181.840637
178 54.727551 61.433289 1.086419 2.275750 209.083420
179 55.179031 60.782627 0.909106 1.908131 117.398270
180 54.842018 61.475304 1.214333 2.180956 142.796066
181 55.264854 61.007584 0.671258 2.106833 104.578369
182 55.230835 60.759457 0.920596 2.106811 165.250229
184 56.174038 60.712547 0.768684 2.344510 98.133118
186 54.994911 62.046440 0.968432 2.382141 211.564682
189 54.509510 61.534000 0.733536 2.609207 176.691086
