%% Trajectory 2
0 50.730732 81.971199 1.319639 2.389966 35.809711
1 50.511669 82.050537 1.316100 2.386199 29.385639
2 50.710312 81.903458 1.421748 2.246331 24.954792
3 50.786903 81.601143 1.563445 2.188524 23.327385
4 50.738316 81.937119 1.358144 2.156213 20.622604
5 50.806065 81.837234 1.463233 2.328057 28.142700
6 50.725754 82.037010 1.315674 2.245078 15.052639
7 50.748844 81.635956 1.457537 2.241057 25.446272
8 50.593483 81.904114 1.516658 2.349242 10.633591
9 50.375542 81.625679 1.205765 2.331092 31.603937
10 50.735596 81.890968 1.940265 2.126555 28.486101
11 50.458714 81.699059 1.672125 2.427077 36.110962
12 50.323875 81.830070 1.395198 2.312556 30.725760
13 50.718483 81.765030 1.874110 2.196788 20.403524
14 50.667511 81.822914 1.815012 2.159645 17.742451
15 50.720894 81.942879 1.827415 2.117666 4.766974
16 50.680073 81.928574 1.848848 2.232226 15.709283
17 50.589329 81.801247 2.247382 2.264330 13.631289
18 50.942265 81.725861 1.658389 2.173806 22.068130
19 50.705681 81.734543 2.033769 2.225206 37.033894
20 50.770000 81.885307 1.903740 2.298843 25.364822
21 50.747498 81.987854 1.973519 2.222626 15.787736
22 50.709667 81.861183 1.772867 2.089177 14.576576
23 50.888073 81.806236 1.409275 2.082035 16.455824
24 50.735085 81.829819 1.677963 2.310887 46.352211
25 50.616764 82.162582 1.849769 2.271047 28.730429
26 50.574162 81.880257 2.164859 2.170984 26.075489
27 50.809143 81.711884 1.762853 2.245620 39.693920
28 50.717136 81.708282 1.860544 2.134645 35.400475
29 50.674973 81.757378 2.105070 2.247141 27.964029
30 50.706295 81.745323 1.865660 2.283354 38.227840
31 50.736160 81.867317 1.663217 2.163007 45.965279
32 50.756176 81.685333 1.929179 2.123302 31.923332
33 50.579159 81.870468 1.675759 2.273522 43.254185
34 50.638847 81.793938 1.702346 2.240190 32.304237
35 50.710495 81.859291 1.927204 2.196995 35.370083
36 50.610004 81.722511 1.649660 2.217701 43.909435
37 50.633274 81.969391 2.124764 2.367648 40.251659
38 50.724426 81.945702 2.111951 2.175934 51.783955
39 50.672321 81.754974 1.650351 2.245557 40.145252
40 50.734890 81.702011 2.236686 2.160651 36.074718
41 50.676254 81.740540 2.050612 2.513572 25.700178
42 50.673573 81.787445 1.864482 2.226763 34.119213
43 50.637882 81.985687 2.233662 2.128805 23.132544
44 50.538280 81.912575 2.301160 2.341857 18.470495
45 50.668064 81.743301 1.582381 2.242896 26.140062
46 50.441647 81.720039 2.060657 2.294510 19.329357
47 50.539124 81.877647 2.244924 2.273202 22.733477
48 50.716560 81.820358 1.698935 2.083345 22.116995
49 50.480122 81.918266 2.429455 2.272127 26.996691
50 50.287502 81.899628 2.279572 2.198326 13.071374
51 50.347149 81.902122 2.127372 2.197255 5.413722
52 50.379589 81.891357 2.422769 2.145591 20.311007
53 50.402973 81.972931 1.946400 2.254344 20.311470
54 50.406170 81.940056 2.095095 2.226783 7.714509
55 50.555061 82.000931 1.543718 2.076331 20.726017
56 50.385990 81.633652 2.095835 2.267852 26.768726
57 50.386997 82.030937 2.262677 2.273271 20.316429
58 50.736343 81.825516 1.942020 2.205323 18.349529
59 50.618851 81.793678 2.096742 2.250594 21.090416
60 50.706963 82.077560 2.626884 2.060290 19.260300
61 50.650829 81.922279 2.467218 2.340335 12.758964
62 50.750626 82.136024 2.302932 2.144648 18.104637
63 50.443733 82.107552 1.774624 2.258837 42.017712
64 50.429695 81.931610 2.244497 2.244675 23.808294
65 50.800365 82.111710 2.249671 2.177731 17.337997
66 50.355789 82.101852 2.150980 2.208471 11.321282
67 50.538235 81.995964 2.215174 2.334138 27.913969
68 50.621578 82.225891 2.119061 2.227358 31.168840
69 50.595673 82.039192 1.730709 2.301347 41.049973
70 50.612637 82.170883 2.280500 2.191145 18.663498
71 50.642376 82.247154 2.162125 2.293220 29.339701
72 50.501690 82.359222 2.130708 2.306457 24.406868
73 50.308693 82.445808 2.300580 2.489026 13.161974
74 50.408653 82.444092 2.142429 2.490694 12.587575
75 50.867657 82.539726 2.587203 2.318882 16.758217
76 50.761143 82.666847 1.977424 2.299411 29.125963
77 50.698677 82.518646 2.415754 2.422476 12.596854
78 50.344143 82.568367 1.905256 2.395623 38.211601
79 50.406727 82.556816 1.972046 2.361114 51.995525
80 50.504116 82.510757 2.085540 2.582916 23.853519
81 50.378490 82.752625 2.113286 2.335034 32.501133
82 50.593887 82.386375 1.680026 2.388060 29.150192
83 50.790165 82.320969 1.884188 2.341147 53.966606
84 50.546310 82.528328 1.434680 2.512932 47.668575
85 50.511395 82.803040 1.027417 2.427997 36.696976
86 50.560844 82.237129 1.278690 2.307746 43.791897
87 50.989349 82.417450 1.009139 2.331377 61.402279
88 50.827503 83.026962 1.391143 2.500946 47.974953
89 50.408558 82.702423 1.295879 2.569593 25.747728
90 50.502850 82.552834 1.507406 2.518036 51.605289
91 50.671955 82.742393 1.308739 2.494189 59.430988
92 50.848362 83.239235 1.261224 3.125233 11.388110
94 51.205864 83.082275 1.063549 2.212553 64.666283
95 51.122925 82.699203 1.012260 2.692364 27.379782
96 51.042625 82.664795 0.885892 2.978373 28.201832
97 50.436226 82.957939 0.917422 2.566496 64.147484
99 50.737732 82.217873 0.808648 2.713883 80.137825
101 50.712147 82.353394 0.534215 2.711973 86.339516
102 51.156906 82.369072 0.870732 2.590208 69.770973
104 51.316788 82.236015 0.794705 2.516938 74.655151
106 51.862957 82.321869 0.523797 2.660397 130.881210
109 51.676880 82.439545 0.450022 2.459170 83.232147
111 50.493980 82.572746 0.550203 2.947057 51.939632
113 51.136742 82.227730 0.445060 3.413794 38.728500
115 50.260288 81.909378 0.512844 2.781973 57.084316
118 51.276707 81.551125 0.384071 2.431209 92.420662
120 52.533321 81.731071 0.330444 2.719430 72.779732
123 52.278690 82.631744 0.556543 3.062867 38.167973
126 50.250408 82.869171 0.524632 3.172668 26.366684
128 50.338779 82.408600 0.346380 2.022455 64.250999
131 49.182335 83.959557 0.471511 2.782212 63.963703
133 50.095615 85.596733 0.498695 2.841291 46.876842
