%% Trajectory 56
41 81.779831 131.531540 0.699349 1.808496 29.966320
42 82.163406 131.564301 0.972172 1.873716 29.129414
43 82.161514 131.785614 1.044862 1.837113 41.444115
44 81.628525 131.548447 0.974389 2.062216 79.576454
46 82.206703 131.579941 0.948270 1.922030 70.096443
47 81.804840 131.509415 0.730729 1.913881 38.905102
50 82.012215 131.337128 1.186889 1.846087 57.122940
51 82.388069 131.576706 1.154983 1.991445 87.102165
52 81.821609 131.709625 0.818089 1.955840 78.323219
53 81.960625 131.431305 0.841272 1.979518 39.069504
54 82.335434 131.828400 1.517267 1.999739 87.113815
55 82.271164 131.817795 0.993977 1.964638 33.388332
56 82.686043 131.911148 1.122904 2.108181 78.389412
57 82.122238 131.515289 1.334778 2.032198 74.175705
58 82.412163 131.280823 1.322000 2.374907 80.232765
59 82.399864 131.116516 1.347819 2.214184 54.121185
60 82.589211 131.544464 1.115196 2.556482 49.205235
61 82.314857 131.551453 1.515388 2.124719 89.881577
62 82.302032 131.291794 1.294845 2.134487 82.607742
63 82.376144 131.540588 1.433779 2.303244 85.767738
64 82.345161 132.000153 2.009279 2.114039 74.824089
65 82.443130 131.549942 1.538458 2.401502 75.985611
66 82.256844 131.492828 1.863802 2.155400 117.970528
67 82.196671 131.603088 2.015872 2.200875 124.619125
68 82.232864 131.577393 2.187904 2.167938 107.590309
69 82.297134 131.395813 2.105704 2.213005 73.270058
70 82.303856 131.550766 2.197264 2.281467 89.084442
71 82.303688 131.384232 1.954498 2.222852 90.830429
72 82.230759 131.508698 2.722342 2.234270 92.371956
73 82.154022 131.685196 1.875322 1.939887 63.631069
74 82.279686 131.492706 2.057617 2.235557 122.577827
75 82.330498 131.429459 2.464258 2.362451 60.130966
76 82.103928 131.661148 2.202365 2.038848 72.772682
77 82.311569 131.589737 1.773122 2.167337 130.896469
78 82.462059 131.586243 2.357458 2.365716 99.693275
79 82.262688 131.431458 2.606378 2.249094 53.767265
80 82.242874 131.445160 2.487816 2.180708 71.443932
81 82.360504 131.503738 2.057095 2.414072 115.703362
82 82.496597 131.358276 2.395539 2.316400 78.158684
83 82.411598 131.394882 1.791356 2.375141 95.305588
84 82.276878 131.418915 2.397581 2.083396 72.069656
85 82.399132 131.592697 2.435503 2.267618 78.029922
86 82.399055 131.392166 2.258888 2.197525 83.900391
87 82.410728 131.490967 2.048768 2.463202 76.938019
88 82.235794 131.332489 2.092281 2.272387 120.844337
89 82.237549 131.252121 1.983918 2.083652 87.289902
90 82.487419 131.747849 1.638319 2.360834 106.151833
91 82.408211 131.501953 1.673296 2.514577 103.336082
92 82.191223 131.690231 1.871623 2.162067 104.182243
93 82.396950 131.755875 1.940714 2.087736 92.942284
94 82.107079 131.648773 2.318720 2.086953 106.871773
95 82.114708 131.479782 1.928790 2.254553 99.055847
96 82.381950 131.598938 1.861331 2.104847 109.685715
97 82.363739 131.559875 2.127769 2.271810 83.682022
98 82.354187 131.344559 2.245197 2.203300 96.212143
99 82.263191 131.509384 2.350440 2.301478 53.802670
100 82.273605 131.339447 2.171403 2.418724 66.138123
101 82.206085 131.607361 2.537001 2.154335 42.847691
102 82.165283 131.499802 2.738612 2.200018 31.674999
103 82.356354 131.610703 2.124727 2.363490 94.486809
104 82.536659 131.416245 1.944582 2.339546 97.204414
105 82.417603 131.489700 1.980562 2.455996 59.453270
106 82.489395 131.448212 2.667626 2.415550 33.492962
107 82.105316 131.461136 2.156477 2.143509 57.538239
108 82.276306 131.471909 2.156800 2.390676 71.336502
109 82.297150 131.465622 1.556275 2.258020 110.043365
110 82.361671 131.378021 2.381074 2.273876 50.559372
111 82.266823 131.401443 2.504941 2.204141 54.436001
112 82.368248 131.619308 2.713538 2.281350 15.790535
113 82.418571 131.728256 2.457798 2.273276 89.055725
114 82.270248 131.542419 2.646067 2.399536 38.430660
115 82.110619 131.645065 2.771548 2.163590 16.330854
116 82.078293 131.706604 2.829475 2.123354 29.950747
117 82.149994 131.685181 2.871683 2.106953 21.910072
118 82.245529 131.616379 2.536895 2.066146 26.725231
119 82.357803 131.663025 2.539027 2.257802 42.516396
120 82.122902 131.516525 2.201303 2.190964 45.070339
121 82.198509 131.691986 2.243605 2.204006 77.378769
122 82.359688 131.667496 2.556113 2.222111 28.643328
123 82.221825 131.615906 2.318711 2.195696 49.557961
124 82.428581 131.511780 2.852233 2.272606 27.634235
125 82.218140 131.487762 2.103953 2.238168 50.774750
126 82.440872 131.671906 2.343691 2.236504 47.828316
127 82.394257 131.547226 2.714378 2.300333 31.031431
128 82.147743 131.525314 1.867173 2.257371 86.284988
129 82.139175 131.518524 2.212900 2.045393 50.717903
130 82.238007 131.448044 1.826362 2.213396 76.753944
131 82.241631 131.878296 2.380023 2.117974 90.087425
132 82.283691 131.415359 2.579253 2.272864 73.775551
133 82.337685 131.697128 2.656518 2.182809 46.417980
134 82.295357 131.642120 2.747076 2.185251 50.231403
135 82.321373 131.698059 2.319649 2.146420 69.409508
136 82.308868 131.637344 1.727611 2.236424 47.569046
138 82.065811 131.763077 1.613203 1.974789 25.283060
139 82.254364 131.644119 2.354835 2.207172 75.624603
140 82.206215 131.984589 2.383416 2.086951 96.789879
141 82.420349 131.979919 2.963959 2.140299 25.970888
142 82.423492 132.094971 2.373965 2.211138 64.668198
143 82.305244 132.349152 2.189912 2.224631 76.285652
144 82.347130 132.320206 2.376806 2.184866 68.804123
145 82.487022 132.310760 3.042964 2.354516 32.459709
146 82.511322 132.257324 2.601153 2.317115 56.548218
147 82.620033 132.113556 2.542464 2.314111 82.264359
148 82.853394 132.158752 2.096124 2.209126 85.643051
149 82.658913 132.049942 2.112777 2.087067 101.476921
150 82.668343 131.978287 1.913107 2.145378 69.022751
151 82.337593 132.270721 2.323892 2.099583 62.697441
152 82.496704 132.036331 2.080108 2.102593 102.785988
153 82.257835 132.222595 1.633085 2.088690 89.642479
154 82.401505 132.239334 2.221892 2.106345 66.496498
155 82.465324 132.230347 2.305819 2.159893 50.673016
156 82.106087 132.459839 1.950676 2.105861 77.458672
157 82.044205 132.109680 1.437150 2.102543 111.006149
158 82.082909 132.550690 1.620386 2.304291 120.687416
159 82.182671 132.326645 1.610806 2.001183 60.599670
160 82.373772 131.981262 1.410509 2.261122 118.246078
161 82.176163 132.538010 1.396353 2.379712 107.693085
162 82.403381 132.342148 1.242202 2.128100 88.525871
163 81.699799 132.803497 0.861148 2.124504 50.774101
165 81.590881 133.139557 0.873665 2.310037 76.826256
166 81.636909 132.741241 0.696051 2.019487 49.985237
169 82.059715 133.262573 0.587834 2.132662 59.150429
