%% Trajectory 239
217 93.906837 115.715538 0.469134 2.069277 90.853256
220 93.996361 115.540230 0.434317 2.403740 43.380985
222 93.853584 115.346680 0.638297 2.336854 70.911026
223 93.778130 115.780846 0.445520 2.200917 72.895706
224 93.975151 115.937218 0.496437 1.953834 129.506958
225 94.311928 115.317009 0.562296 2.340035 89.008247
227 93.927368 116.825951 0.605206 2.489199 93.487473
229 93.593430 115.325089 0.514655 2.506347 86.336678
231 93.972473 115.684288 0.542111 2.083427 97.028961
232 93.929543 115.669266 0.714011 1.948940 130.754532
233 93.701309 116.165619 0.594609 2.506061 140.976074
234 93.868088 115.368935 0.525001 2.017190 89.235352
235 93.103874 115.594910 0.557614 1.984703 112.894730
236 93.635948 115.248520 0.582264 2.287254 92.521515
237 93.904350 115.154808 0.533626 1.703123 43.448486
240 93.780121 115.717354 0.867041 2.128694 108.039528
241 93.875603 115.414322 1.069558 2.297794 111.331841
242 93.767265 115.053635 0.795165 2.331461 140.413818
243 93.837494 115.251312 1.067720 1.979775 119.756210
244 93.857765 115.404892 1.075875 2.362843 98.303795
245 93.952881 115.384064 1.297034 2.283558 54.469509
246 93.855881 115.229584 1.107779 2.172018 124.720985
247 93.914902 115.717400 1.467979 2.312442 45.886124
248 93.609680 115.491623 1.586251 2.517643 43.286335
249 93.848206 115.524734 1.472903 2.381606 66.224167
250 93.601799 115.579422 1.734906 2.434876 14.796355
251 93.734543 115.567780 1.386046 2.231423 49.791328
252 93.728546 115.336670 1.967387 2.171251 17.544367
253 93.591789 115.416878 1.442845 2.380790 49.051399
254 93.821045 115.371986 1.775934 2.234097 19.647255
255 93.656258 115.301872 2.015005 2.190981 12.544909
256 93.780746 115.518997 1.520104 2.270216 34.841137
257 93.900406 115.295227 1.507356 2.270858 43.559772
258 93.825577 115.326416 1.477218 2.131766 43.414551
259 93.866417 115.731499 1.490637 2.073648 30.513460
261 93.825249 115.558182 1.179192 2.319797 97.351906
262 93.869850 115.507507 1.176829 2.258204 103.839951
263 93.977325 115.553108 0.934127 2.407677 134.675583
264 93.621674 115.424049 0.720542 2.037593 113.217361
265 93.783401 115.618225 1.214794 2.270535 101.877106
266 93.866333 115.569603 1.085172 2.264804 104.605194
267 93.905586 115.190125 1.096448 1.961687 84.486511
268 93.879097 115.622688 1.095659 2.358560 129.938660
269 93.773949 115.408424 1.310942 2.428921 87.300217
270 93.942131 115.769127 1.421748 2.143126 68.304077
271 93.823929 115.169518 1.150933 2.047439 123.899513
272 93.648193 115.339340 1.163030 2.526353 104.026993
273 93.753555 115.208267 1.025668 2.130328 144.193390
274 93.726517 115.743286 1.395314 2.580898 67.614563
275 93.817429 115.173889 1.345174 2.324365 90.857430
276 94.158806 115.163353 1.099702 2.427682 165.401932
277 93.674873 115.416245 1.242538 2.188030 121.015427
278 93.924950 115.169601 0.948489 2.451673 161.422989
279 94.235138 115.388466 1.001642 2.440510 106.214737
280 93.890450 115.307205 0.795934 2.150630 91.343704
281 93.746071 115.367233 0.926229 2.318561 162.294754
282 93.657364 115.813309 0.979023 2.525198 132.741394
283 93.574875 115.313606 0.674619 2.217248 101.263443
284 93.884552 115.647461 0.805716 2.144662 109.662842
285 93.744858 115.291344 0.902913 2.129450 116.327637
286 93.833496 115.596260 1.245054 2.245860 122.575508
287 93.497292 115.467758 1.175720 2.281724 115.907288
288 93.884224 115.429764 1.312477 2.275542 106.757118
289 93.854202 115.294785 1.112316 2.362382 136.553207
290 93.889305 115.296188 1.290974 2.143688 100.975784
291 94.081390 115.425690 1.284073 1.949013 96.651184
292 93.944527 115.804276 1.190605 2.213416 143.884705
293 93.918648 115.657196 0.762700 2.688794 69.604660
294 93.727394 115.689560 0.655887 2.260166 93.119972
295 93.828644 114.993843 1.058593 1.997396 110.170555
296 93.801376 115.631912 1.427966 2.136117 98.095390
297 93.735306 115.158424 1.362246 1.944567 88.455643
298 93.911690 115.602776 1.221383 2.458568 124.789375
299 93.978142 115.372704 1.360339 2.171668 104.488861
300 93.831612 115.139793 1.306230 2.410318 107.525871
301 93.998756 115.237343 1.113936 2.216889 131.559616
302 93.862503 115.405235 0.795836 2.479814 122.794510
303 94.208969 115.817291 0.968203 2.634744 145.193024
304 93.859879 115.500542 0.910711 2.101395 110.212166
305 93.597298 115.310043 1.311117 2.372414 110.541664
306 93.809448 115.194275 1.007927 2.117911 86.428543
307 93.644157 115.472916 1.082025 2.294177 88.342522
308 94.039894 115.325783 1.214770 2.115378 113.785927
309 93.648361 115.429276 1.073359 2.377037 106.933434
310 93.937737 115.248222 1.407660 2.043216 121.119232
311 94.120583 115.360222 1.365233 2.260479 88.041557
312 93.897301 115.395729 1.260390 2.078126 103.965508
313 94.008156 115.146912 1.447615 2.044760 86.678131
314 93.813347 115.577797 1.362616 2.184243 120.028786
315 93.831299 115.359818 1.642820 2.040014 71.793793
316 93.745285 115.364090 1.217739 2.294546 131.395065
317 93.862259 115.313019 1.261471 2.056002 113.479156
318 93.762672 115.460144 1.211649 2.257503 115.168510
319 93.759232 115.243378 1.417372 2.056380 89.925186
320 93.731567 115.705986 1.169640 2.309896 124.731979
321 93.560143 115.283600 1.318353 2.163944 83.966454
322 93.826546 114.880737 1.014457 2.124093 108.167351
323 93.641090 115.334709 0.879616 2.388531 89.589905
324 93.731995 115.412430 1.193869 2.368886 113.539078
325 93.865852 115.766800 1.066231 2.161222 97.931412
326 93.837700 115.675217 0.955027 2.270762 126.702904
327 93.664116 115.549507 1.246533 2.416319 91.125992
328 93.810303 115.343872 0.929830 2.322026 112.126640
329 93.894691 115.515808 1.034171 2.255165 96.641739
330 93.553825 115.330399 1.038832 2.592814 50.900005
331 93.714645 115.356499 1.228754 2.339380 118.973976
332 93.753540 115.324883 1.247685 2.228987 96.329544
333 93.716087 115.428711 1.247595 2.321729 89.094551
334 93.613686 115.857651 1.088604 2.312438 113.915176
335 93.794762 115.453674 1.083886 2.488818 117.260330
336 93.762848 115.374023 1.175236 2.215765 104.273674
337 93.875885 115.833473 1.589101 2.454043 77.525642
338 93.870911 115.824318 1.269354 2.171860 101.388252
339 94.027618 115.639763 1.289145 2.308167 122.787224
340 93.734390 115.368080 1.152213 2.502949 102.669586
341 93.854851 115.305405 1.283902 2.226067 124.747337
342 93.664665 115.406059 1.314064 2.312835 93.315865
343 93.955765 115.597557 1.273046 2.258482 68.950615
344 93.742836 115.642731 1.398015 2.273249 66.941696
345 93.869911 115.481331 1.181373 2.346881 96.808510
346 93.792465 115.266953 1.200397 2.255976 92.659393
347 93.941399 115.721413 1.429265 2.177172 83.210159
348 93.717323 115.710640 1.675583 2.418591 74.546959
349 93.761864 115.335503 1.777825 2.279289 53.774075
350 93.877663 115.816750 1.769292 2.282319 72.544685
351 93.681374 115.753586 1.707433 2.268716 78.796989
352 93.353432 115.835098 1.206983 2.486942 94.240341
353 93.406036 115.709358 1.774506 2.536208 55.834408
354 93.602448 115.496597 1.790984 2.393589 59.781479
355 93.897621 115.793480 1.903290 2.247014 53.682064
356 93.720016 115.703506 1.499078 2.303255 78.401642
357 93.887619 115.968170 1.994314 2.122830 47.624096
358 93.706970 116.130508 2.176184 2.110592 49.541801
359 93.564774 116.163391 1.850315 2.313138 85.061073
360 93.403351 116.251823 1.960982 2.235512 63.106773
361 93.191521 115.843025 2.003473 2.098139 64.126213
362 93.392090 115.942589 2.315372 2.203143 53.989742
363 93.242668 115.829987 2.172020 2.032672 28.676163
364 92.997581 115.967155 1.741043 2.062726 61.137077
365 92.644592 115.912857 1.743841 2.585232 39.959900
366 92.894562 116.142532 1.543748 2.319771 63.864063
367 92.954552 115.726845 1.523662 2.225296 81.134216
368 93.093292 116.048347 1.584780 2.432450 61.999954
369 92.876770 115.862274 1.345707 2.190135 60.312935
370 93.088173 116.088806 1.387248 2.145025 75.114212
371 92.752518 116.296867 1.330541 2.323972 101.239960
372 92.745293 116.420731 1.286391 2.558282 62.755356
373 92.664536 116.171806 1.276616 2.387545 100.126999
374 92.591087 116.211861 1.200536 2.240899 99.719154
375 92.720009 115.980438 1.107724 2.545593 76.760513
376 93.018585 116.508270 0.979790 2.496235 78.192566
377 93.092224 115.612259 1.088986 2.282289 96.601143
378 92.776237 116.199707 1.086430 2.273489 96.022156
379 92.726112 116.205544 0.968014 2.443262 99.312469
380 92.798424 116.175316 0.749159 2.371518 151.340439
381 92.799561 116.270775 0.829169 2.502454 125.499077
383 92.453575 115.440178 0.702852 2.888396 85.754036
385 92.111549 115.872505 0.792891 3.159863 55.065247
386 92.649971 116.592552 0.628741 2.937749 60.540733
389 93.087479 116.348755 0.519855 2.561813 100.437538
