%% Trajectory 9
0 155.267410 109.913063 2.525206 1.836454 16.590622
1 155.255844 109.923599 2.493236 1.934831 36.487652
2 154.992233 109.890625 2.590883 1.834393 13.428186
3 155.157684 109.897934 2.951676 1.968724 22.352957
4 155.214417 109.988991 2.162049 1.873781 37.164364
5 155.132553 110.008591 2.755392 1.930294 18.973810
6 155.303619 109.913651 3.013557 1.909059 13.629580
7 155.252136 109.952240 2.825780 1.909438 29.611565
8 155.129791 109.899239 2.805897 1.879639 21.367212
9 155.145416 110.037720 2.876278 1.927773 32.342842
10 155.135666 109.966904 3.318820 2.008219 2.101420
11 155.141922 109.873459 3.284681 2.018791 6.400508
12 154.920792 110.111153 3.145535 1.919389 5.073643
13 155.013519 110.035599 3.196697 1.912016 1.306394
14 155.059311 110.188858 3.184634 1.994120 6.784660
15 155.024582 110.189957 3.123334 1.995875 11.694286
16 155.054352 110.031815 3.479272 1.996322 0.511964
17 155.025909 110.183609 3.855436 2.014460 1.464272
18 154.974365 109.996712 3.328649 1.987522 1.594467
19 154.977341 110.179970 4.000435 1.956600 0.204235
20 155.025391 110.155121 3.466698 1.970871 2.738266
21 155.035904 110.103752 3.511310 1.990916 0.563832
22 154.984161 110.134651 3.787920 1.944006 1.540063
23 155.034775 110.256073 3.893402 2.018430 5.174286
24 154.970856 110.263527 3.585845 1.984532 7.855353
25 154.838531 110.203560 2.910101 1.980907 23.640310
26 155.151398 110.227211 3.545490 2.176188 1.871496
27 155.092453 109.946648 3.676653 2.065139 2.375806
28 155.163361 110.072845 4.268219 2.051970 0.537250
29 155.010559 110.156799 5.008851 2.044812 0.869873
30 155.052124 110.123016 4.150441 2.065121 2.279425
31 155.023636 110.185188 4.387455 1.956023 0.387370
32 155.082260 110.067284 4.396481 1.985587 2.490001
33 155.066879 110.055527 4.421093 2.024935 3.390270
34 155.142746 109.925415 4.130344 2.084335 11.314322
35 155.026810 110.220657 3.887459 2.039351 1.222353
36 155.049271 110.104347 4.049809 1.960371 2.141211
37 155.128174 110.070793 3.610494 2.031101 7.242898
38 155.028198 110.093170 4.585489 2.030607 4.384020
39 154.877029 110.072044 3.605064 2.021237 15.680706
40 155.074036 110.066437 3.566950 1.966647 10.644770
41 155.014832 110.098969 3.673698 2.026089 18.175528
42 154.965149 110.221176 4.175231 1.967698 7.971359
43 154.966812 110.195724 3.500605 2.042879 1.835780
44 154.993515 110.208786 3.427461 1.944402 26.293556
45 154.878983 110.091370 3.737134 1.984703 4.880090
46 154.867737 110.186867 3.500429 1.959901 17.624550
47 154.851990 110.280914 3.616094 2.037358 8.620106
48 154.745682 110.289619 2.788370 2.065755 29.274824
50 154.916199 110.421814 3.334446 2.032634 22.171812
51 154.851929 110.197479 3.505496 2.006497 25.977728
52 154.900101 110.326637 3.832683 2.011200 25.889050
53 154.910431 110.213707 3.353789 2.030034 17.955168
54 154.647934 110.025101 2.951651 2.038671 22.292299
55 154.880859 110.284210 3.278808 2.029255 31.671293
56 154.835876 110.269066 3.522521 1.956172 17.488001
57 154.833176 110.384941 3.778610 2.070482 7.132068
58 154.841553 110.330589 3.793560 2.008585 17.167528
59 154.974487 110.233612 3.258570 2.009733 29.971416
60 154.911224 110.153427 4.118364 1.924725 10.269632
61 154.902100 110.330757 3.889361 2.041677 0.333095
62 154.831741 110.257332 3.395638 2.042303 34.974449
63 154.718918 110.268509 2.955079 2.042114 19.293434
64 154.692917 110.225494 2.988275 2.056373 33.800659
65 154.833939 110.268341 3.329054 2.031140 25.525459
66 154.802811 110.249397 3.439311 1.972882 15.674461
67 154.676559 110.466850 3.165819 2.289938 18.261059
68 154.878433 110.347176 3.731745 2.138825 15.685143
69 154.718857 110.318069 4.042146 2.059737 29.394068
70 154.717972 110.344231 4.401137 2.172355 10.278291
71 154.762177 110.480934 4.176241 2.166712 18.426676
72 154.662842 110.320312 4.220094 2.084241 10.495511
73 154.818726 110.382896 4.370192 2.069112 7.012412
74 154.727432 110.416832 3.613715 2.159955 13.617720
75 154.744781 110.401657 4.205578 2.126389 19.521994
76 154.795761 110.400085 3.902529 2.107856 2.274880
77 154.837097 110.295219 4.339835 2.007028 16.732132
78 154.776169 110.249115 4.315062 2.050357 14.262180
79 154.702179 110.262184 4.206689 2.034434 22.366991
80 154.746811 110.356155 4.257222 2.151292 13.300732
81 154.683838 110.453979 3.743630 2.180118 17.271868
83 154.822845 110.138725 4.582118 2.028048 6.833648
84 154.847412 110.221977 4.725647 2.068935 12.743765
85 154.775574 110.242104 4.349315 2.010798 16.248001
86 154.843353 110.203102 3.744504 1.999749 0.193173
88 154.836960 110.243828 4.126414 1.986912 9.440450
89 154.711990 110.270508 4.443177 2.081339 15.995872
90 154.908173 110.321701 5.000473 2.029814 10.586756
91 154.827866 110.279823 4.813280 1.960278 16.233883
92 154.730728 110.230743 4.849288 1.983538 11.441156
93 154.814178 110.356400 5.243875 2.092270 6.207218
94 154.844559 110.445267 5.299224 2.102993 2.817385
96 154.750000 110.312675 5.103462 2.164924 4.731604
97 154.925705 110.455711 4.407275 2.065335 14.972625
98 154.661530 110.226486 4.400450 2.067478 9.584539
99 154.704407 110.285721 4.904723 2.077834 4.727687
100 154.753510 110.614830 5.097109 2.170899 0.015535
101 154.741882 110.380470 4.963723 2.129004 8.084478
102 154.691742 110.581009 4.000107 2.174025 7.396063
103 154.694244 110.502800 3.712145 2.217147 27.917604
104 154.624252 110.453308 3.990817 2.249819 31.389956
105 154.778870 110.459373 4.830578 2.261552 1.798895
106 154.707474 110.464897 4.709456 2.167618 7.178985
107 154.816315 110.558762 4.401555 2.172595 10.247900
108 154.821548 110.538506 5.200511 2.235768 2.218381
110 154.726776 110.605133 3.959877 2.124629 24.500557
111 154.856277 110.485008 4.550442 2.205322 1.162959
112 154.656342 110.460777 4.462886 2.249142 10.758454
113 154.677322 110.572319 4.060639 2.186154 15.453938
114 154.928528 110.651039 4.788450 2.009811 0.256447
115 154.853210 110.561188 4.816752 2.100820 1.104140
116 154.917648 110.782043 4.083423 2.004861 19.953655
117 154.933411 110.703957 4.178730 2.043015 27.343803
118 154.991013 110.903915 3.935513 2.006123 1.713898
119 154.952820 110.944160 3.827108 2.012337 26.359390
121 155.055130 110.916115 3.095743 1.924741 12.571784
122 155.264343 110.881744 3.390019 1.941737 7.113955
123 155.475342 110.751305 3.444187 2.180872 15.962858
124 155.424820 110.865799 3.673451 2.066187 4.769790
125 155.588013 110.796494 2.806536 2.158062 35.937981
126 155.452469 111.041832 2.049415 2.283392 63.672096
128 155.599838 110.923004 2.777768 2.090775 28.590693
129 155.571472 110.883972 2.423911 2.196886 50.233833
130 155.836960 110.704224 2.088954 2.032873 55.115364
131 155.851517 110.560455 1.848554 2.101748 72.841026
132 155.669220 110.635574 1.666190 2.094955 85.998268
133 155.555527 110.774078 1.980158 2.254648 57.466022
134 155.727646 111.057365 1.849585 2.031940 73.973717
135 156.130188 110.315536 1.612779 1.933720 49.845913
136 156.273651 110.375328 1.225063 2.323370 82.038734
137 155.819031 110.280495 1.588094 1.959885 60.561382
138 155.644577 110.713142 1.913116 2.257421 29.311420
139 155.595963 110.892654 1.811990 2.066359 50.909515
140 156.119232 110.541603 1.592986 2.196924 78.071465
141 156.556320 110.685165 1.265315 2.128962 61.590824
142 156.538254 110.161125 1.707602 2.206340 53.893188
143 156.702011 109.704727 1.851243 2.126505 43.225838
144 156.699738 109.762199 1.163843 2.142735 27.650377
