%% Trajectory 131
64 84.766136 49.119839 1.228459 2.938588 78.575142
65 84.152962 49.598385 1.136198 3.001652 61.334713
66 84.547539 49.277424 1.383069 3.124725 49.380875
67 84.044975 49.839058 1.373023 3.028820 41.204422
68 83.212135 49.738461 1.384897 3.065768 65.783371
69 83.593948 49.234592 1.616240 3.125861 33.122654
70 83.379669 48.986771 2.025641 2.783550 51.121010
71 83.133644 48.572247 2.313795 2.778041 20.699863
72 82.587036 48.935204 1.708134 3.167181 47.533390
73 82.644585 48.300343 2.313915 2.804788 35.047905
74 83.140617 49.076096 2.274654 2.656616 60.948853
75 83.213486 49.101124 2.160300 2.686942 63.942139
77 84.008484 50.014954 2.153311 2.764169 39.912300
78 83.529694 49.863491 2.857045 2.636478 73.702133
80 83.865982 51.333221 3.579646 2.507259 47.267094
81 83.915680 51.432255 2.781785 2.644863 49.333103
83 85.186577 51.750832 3.410450 2.446062 41.974087
85 85.496361 51.713463 3.195173 2.694542 32.679844
