%% Trajectory 185
110 25.897198 39.055309 1.343541 2.097563 33.865498
111 25.818491 39.004383 1.553771 2.063299 33.314259
112 25.974426 38.956615 2.362578 2.139455 53.067612
113 26.122740 39.258606 2.631173 2.113047 52.211884
114 26.025999 39.369007 2.352175 2.313733 24.400038
115 26.053762 39.461681 2.466870 2.219150 53.678230
116 26.232130 39.332478 2.769309 2.389944 62.234005
117 26.263666 39.354553 3.169319 2.251209 37.199600
118 26.336370 39.324532 3.318126 2.408925 34.549553
119 26.207230 39.318531 3.578745 2.296735 13.954393
120 26.554726 39.738941 4.058450 2.424342 29.276283
121 27.056765 39.425121 4.480483 2.331704 11.053685
122 27.390791 39.649952 4.931863 2.476167 8.124071
123 27.750305 39.838509 4.766165 2.358196 21.686991
125 28.003139 40.602283 6.513718 2.331998 2.184680
126 27.969934 41.201283 6.233735 2.238829 2.827951
127 27.855139 41.456879 6.205801 2.405428 1.739201
129 27.440937 41.136703 5.305525 2.321906 7.962277
131 26.764023 41.854652 4.627241 2.179837 24.712858
132 27.193731 41.780468 5.101231 2.265342 10.324992
133 27.142359 42.118595 4.818778 2.212549 24.375887
134 26.960058 42.327568 4.294395 2.427634 27.025070
135 26.953167 42.727406 4.424145 2.249528 23.001198
136 26.817678 42.004223 3.980900 2.194250 30.264061
137 26.945604 42.063805 3.718206 2.215264 33.627361
138 27.178658 42.175747 4.399804 2.275466 35.293427
139 26.945295 42.468731 3.571862 2.390921 27.199654
140 26.368841 42.933865 3.178895 2.273104 59.511551
141 26.353100 42.788918 2.900901 2.293281 83.469841
143 26.005934 43.004128 2.993917 2.395821 46.697132
144 26.078903 43.380280 2.262519 2.392109 43.282776
