%% Trajectory 277
191 64.620270 40.224953 0.501505 1.939309 27.530323
192 64.337044 39.966053 0.647747 1.848693 22.889601
193 64.542679 39.787052 0.782916 1.976038 37.516068
194 64.509651 40.223461 1.327972 2.194194 29.778246
195 64.688194 40.183971 1.607281 2.049495 14.500327
196 64.603943 40.210171 2.106082 2.214499 24.656225
197 64.687973 40.235519 2.442227 2.175663 40.398842
198 64.813553 40.250957 2.666168 2.160820 26.115835
199 64.866898 40.160671 3.103693 2.170721 7.371403
200 64.864594 40.389069 3.401594 2.369509 25.758476
201 65.253708 40.474941 3.810611 2.459162 17.313477
202 65.201355 40.355686 4.446367 2.346568 7.619359
203 65.565582 40.606892 4.472411 2.537395 14.315835
204 65.670807 40.601936 5.082655 2.479502 15.863658
205 65.709946 40.835766 5.525210 2.354756 10.732580
206 66.120262 41.100689 6.020256 2.343807 0.043445
207 66.202095 41.605358 6.178702 2.507031 0.000004
208 66.461731 41.734726 6.882433 2.562707 0.000000
210 68.006660 40.782368 7.293164 2.324452 0.000685
211 68.327644 41.197327 7.462646 2.408141 2.657202
212 67.978500 41.033184 7.351476 2.287145 1.432102
213 67.611946 40.844131 7.885252 2.404793 0.000002
214 67.749405 40.884830 7.716399 2.388510 0.000323
215 67.585899 41.097740 7.401665 2.543939 11.964296
216 67.436966 41.305222 7.793785 2.615986 6.844834
218 67.278694 41.159218 7.256609 2.614327 0.857969
219 67.007812 41.137009 6.334198 2.709781 11.864295
220 66.979408 40.940491 6.328316 2.849041 11.757689
221 67.092323 41.003544 6.170063 2.777716 2.272208
222 67.605614 40.899010 5.536561 2.855116 0.841287
223 67.708527 41.324192 5.889695 2.788285 5.588137
225 67.205803 42.363811 6.616941 2.841448 0.080657
226 67.033424 42.614311 6.526950 2.817292 9.522552
227 66.954224 42.886089 6.087893 2.927623 0.095304
228 66.762970 43.307297 6.243690 2.835477 0.101913
230 66.394989 43.834076 5.506314 2.823469 0.087602
231 66.376137 44.243637 4.758087 2.719090 10.193686
232 66.851059 44.153091 4.887875 2.797547 7.938967
233 67.373024 44.282284 4.268620 2.791647 32.345749
234 67.405411 45.025486 3.891231 2.794802 24.138941
235 67.198997 45.220936 4.182850 2.777694 47.017002
236 67.753410 45.204781 4.495524 2.486616 26.196428
237 67.332489 45.157455 4.103348 2.593184 46.836601
238 67.889587 45.202320 3.407261 2.746261 35.514687
239 67.657944 45.601036 2.742758 2.865647 22.922354
240 67.676140 44.859924 2.839933 2.788579 21.299511
241 66.923309 44.748550 2.887969 3.039114 13.188319
242 67.609947 45.165710 2.561655 2.869680 32.515549
243 67.200211 45.845047 2.445007 2.667635 50.786907
245 67.708641 45.203796 2.596121 2.708161 61.112713
246 68.286575 45.126747 2.093905 2.457185 49.662964
247 68.945663 45.130478 1.969088 2.445802 42.002453
248 68.897888 45.163296 1.884638 2.580910 35.832035
249 68.877617 44.692928 1.584763 2.672127 49.959476
