%% Trajectory 179
170 64.356422 40.453869 0.774261 2.210367 50.392223
172 64.080475 40.371548 1.144445 1.905837 18.045307
175 63.853672 39.908318 1.533919 1.853187 53.043243
176 63.798786 40.229847 1.793523 2.026568 47.334305
177 64.209099 40.280426 1.634349 2.058037 46.956120
179 63.925106 40.391830 1.405266 2.123276 65.015076
180 63.937927 39.858784 1.961633 2.302060 54.171154
181 64.001602 40.345219 2.152110 2.096169 51.774597
182 64.180206 40.233086 2.504909 2.244660 35.772842
183 64.121101 39.985653 2.154264 2.072515 29.067276
184 63.860222 40.177559 1.587697 2.094490 75.208282
185 63.935017 40.038311 1.884992 2.081255 53.034386
186 64.096672 40.238579 2.662359 2.249054 18.744297
187 64.101349 40.074135 2.476041 2.527048 46.831306
188 64.334457 40.254627 2.372025 2.282474 84.301453
189 64.121811 40.304329 2.915202 2.223915 9.450453
190 64.214821 40.063374 3.475514 2.203589 20.277884
191 64.143639 40.099129 2.665220 2.164325 39.131176
192 63.964741 40.077858 3.188499 2.213121 19.662174
193 63.920433 40.137058 3.345353 2.134416 7.662587
194 64.121994 40.359489 3.792627 2.411934 33.410713
195 64.363243 40.247726 3.411790 2.338883 12.643739
196 64.511444 40.391327 3.407125 2.740937 33.106174
197 64.570152 40.384422 3.604651 2.570126 13.993272
198 64.797691 40.696575 3.469503 2.289060 31.659882
199 64.767662 40.430454 3.520923 2.330431 27.432434
200 64.895691 40.421009 3.795454 2.320807 23.544086
201 64.752563 40.573391 4.741562 2.368748 1.074713
202 64.737602 40.787319 4.670131 2.305886 4.441248
204 65.652847 40.774944 3.776356 2.233038 10.419995
205 65.668694 41.100735 3.253458 2.131930 15.957508
206 66.062859 41.398006 3.081563 2.558269 19.920156
207 65.949005 41.961823 2.680019 2.387447 41.423359
208 66.268158 42.436764 2.892320 2.363537 37.637897
211 68.442574 41.686104 2.452254 2.684786 12.629781
213 67.460762 41.187962 2.158112 2.549598 44.640202
215 67.731354 41.826160 1.352509 2.620937 60.515980
218 66.435753 41.357479 1.420364 3.083554 26.747292
219 65.756752 41.259163 1.655025 2.959963 27.450993
221 66.056412 39.926044 1.536038 2.689057 52.076889
