%% Trajectory 225
147 79.086266 99.811966 0.385169 2.282205 95.040207
148 79.360077 99.924667 0.451160 2.237482 74.615311
149 79.078682 99.182007 0.483914 2.033154 65.101929
150 79.200020 99.344162 0.581748 2.352292 92.321121
151 78.903740 99.156677 0.590427 2.381430 84.211517
152 78.993469 99.278862 0.682351 2.264758 84.323143
153 79.127052 98.985107 0.818812 2.241632 104.354042
154 79.066833 98.881256 0.884315 2.189574 110.589981
155 78.941910 98.913696 0.991866 2.352674 122.260056
156 78.964294 99.109818 1.068582 2.219240 100.158348
157 78.956993 98.879379 1.151151 2.302769 75.674438
158 78.784073 98.532692 1.267638 2.613999 102.644005
159 78.119316 98.650185 1.565984 2.435021 89.401489
160 77.899467 98.117111 1.520586 2.354190 92.788193
161 78.024330 97.752510 1.375368 2.302058 98.988754
162 77.929779 98.187790 1.232825 2.487947 109.810211
163 77.710983 98.169617 1.041936 2.434457 80.737434
165 78.304306 97.250031 1.024886 2.377002 99.712814
166 78.092430 97.729790 0.881272 2.432048 118.545135
167 78.135986 97.695587 1.308170 2.265716 78.189728
168 78.387962 97.621712 1.147298 2.513028 82.341728
169 77.760170 97.408585 1.045450 2.531786 51.509880
171 75.964226 97.147995 0.548186 2.921392 72.172562
