%% Trajectory 258
118 104.573944 59.257626 0.413349 2.685834 80.001472
119 104.910179 58.722462 0.393764 2.571090 113.335388
120 104.994225 58.515373 0.571249 2.419094 45.451057
121 104.304962 58.499680 0.761053 2.312616 52.372818
123 104.754456 58.853371 0.900125 2.363455 37.768269
124 104.796494 58.755997 0.916529 2.267348 16.476221
125 104.767250 59.016434 1.171565 2.414559 18.200573
126 104.851936 58.960766 1.456887 2.281787 13.457936
127 105.043892 59.034187 1.722445 2.219393 16.593704
128 104.822350 59.061626 1.566415 2.382612 10.104586
129 104.718040 59.061577 1.785824 2.203963 13.643340
130 104.618095 59.382805 1.687045 2.691185 13.383578
131 104.782639 59.321033 1.975311 2.325981 3.158307
132 104.870903 59.277012 1.877454 2.434152 4.384455
133 104.681442 59.577053 1.988157 2.526958 1.316919
134 104.503189 59.952072 1.776769 2.654016 11.783719
135 103.657959 59.828648 1.587265 2.552815 32.224518
136 103.565109 60.502903 1.558879 2.664981 34.972885
137 103.011086 60.942154 1.773625 2.574392 26.809011
138 102.740089 61.159405 2.025464 2.398186 31.369246
139 102.956543 61.590233 2.762614 2.392990 5.871056
140 102.632210 61.464954 2.874721 2.504593 0.601419
141 103.032043 62.264305 2.755664 2.225118 7.080241
143 103.931183 62.612309 2.760468 2.311154 17.096853
145 103.647926 64.169258 1.800283 2.338402 6.703456
146 103.076607 63.492439 1.872979 2.262656 4.284402
147 103.391304 63.153584 1.237107 2.331198 58.958923
148 103.336754 63.408142 1.269487 2.432605 52.125950
149 103.410614 63.417019 1.292967 2.423276 45.562935
151 104.112923 62.056488 1.371433 2.258919 31.195248
152 103.488914 62.041782 1.594285 2.432460 31.619680
153 103.599174 61.722023 1.544261 2.386324 36.451748
154 103.332878 62.604042 1.516669 2.402978 40.868385
155 103.195938 62.407059 2.023746 2.317837 11.690484
157 103.017204 61.497612 1.201177 2.237742 40.833378
158 102.344139 61.249634 1.079161 2.178008 33.217991
159 102.167206 60.988125 1.440939 2.163997 18.927513
160 102.086632 61.070808 0.969937 2.213416 26.183096
161 101.492142 61.195087 1.078669 2.448956 42.495644
162 100.843666 61.663380 0.995904 2.088055 32.700119
163 101.350060 61.430511 1.060683 2.496929 65.947350
164 101.438393 61.356377 0.891606 2.281433 39.454193
166 102.516403 62.297928 0.979634 2.365727 48.153446
168 101.286751 61.867176 0.902764 2.168988 22.226442
170 102.971672 61.246807 0.823602 2.232189 23.596323
171 103.207855 61.436260 1.054074 2.323220 56.755924
172 103.070045 62.193764 0.647396 1.856228 2.567028
174 101.647537 62.120777 0.420265 2.294749 75.473946
176 100.231949 61.410057 0.500038 2.558986 22.932138
