%% Trajectory 96
338 134.610962 74.736092 0.117577 2.689161 84.887299
339 134.201981 75.003189 0.117346 1.840338 46.674614
341 134.496490 75.318924 0.114978 2.269711 93.017342
342 134.180054 74.728157 0.196295 2.519345 104.459549
343 134.425262 75.202667 0.119635 2.358738 109.206909
344 134.033752 75.488365 0.140285 2.083655 107.960327
345 134.639709 75.369980 0.158611 2.692034 79.785126
347 134.085098 75.695724 0.105130 1.805681 44.638763
348 134.195786 75.718964 0.147468 2.334540 134.817276
349 134.310577 75.262070 0.139631 1.934766 56.510136
350 134.513901 75.757324 0.129090 2.068607 64.710686
352 134.323242 75.357506 0.143758 2.342314 85.448524
353 134.347015 75.108429 0.136797 1.864077 47.369724
354 134.226074 75.252182 0.143862 2.338201 120.466286
355 134.720261 74.941910 0.178049 2.067144 83.574188
356 134.345612 75.212547 0.187551 2.159418 77.617722
357 134.233887 75.188416 0.208320 1.957822 95.264442
358 134.075668 75.135719 0.136420 2.359783 87.830605
360 134.442078 75.048386 0.138668 2.930323 44.133209
362 134.340897 75.253571 0.169871 2.039228 56.469040
363 133.976410 74.839798 0.158719 2.439719 75.556053
365 133.975586 75.342346 0.172158 2.330669 75.281128
366 134.121964 74.770500 0.171383 2.007701 40.346191
368 134.052399 75.400383 0.188767 2.137122 59.727737
369 134.110672 75.126556 0.200449 2.676807 40.197399
370 134.029541 75.344360 0.134737 2.625736 77.119591
371 134.220642 75.299019 0.177017 2.332857 57.268883
372 134.415100 75.398651 0.177626 2.507845 74.234215
373 134.332443 75.383163 0.213330 2.415335 76.003784
374 134.417770 75.206230 0.211605 2.202552 91.706383
375 134.179764 75.032089 0.101086 1.934183 59.996483
376 134.296371 75.227737 0.232984 2.140103 89.332199
377 134.403595 75.194893 0.109109 2.150976 63.037849
378 134.652603 74.927414 0.179016 2.171394 64.507103
379 134.476440 74.793060 0.191336 2.391924 96.572701
380 134.369995 75.195335 0.204940 2.031313 77.618919
381 134.254288 75.026154 0.148761 2.243132 104.242653
382 134.302475 75.529205 0.194549 2.121987 72.382774
383 133.706970 75.584999 0.160480 2.479372 67.516693
384 134.333878 75.366302 0.224090 2.197701 50.153667
385 134.251862 75.229446 0.213129 2.189095 89.439995
386 134.202057 75.264038 0.254086 2.154347 59.932587
387 134.470444 75.241699 0.183022 2.780840 42.677422
388 134.243332 75.307083 0.211205 2.152691 90.620125
389 134.653046 75.100662 0.313635 2.202266 77.384491
390 134.267258 75.277351 0.224873 2.288326 57.514008
391 134.456665 75.154900 0.227217 2.178962 81.141319
392 134.380768 74.885628 0.222620 2.352000 70.233406
393 134.259155 75.417862 0.207662 2.425719 73.518433
394 134.302933 74.745880 0.218643 2.295718 80.719978
395 134.244919 75.137802 0.265277 2.045693 52.278957
396 134.314484 74.935165 0.330155 2.067926 77.806908
397 134.110062 75.595734 0.329522 2.361805 62.202801
398 134.200211 75.107452 0.286581 2.010174 39.544350
399 134.482452 75.424385 0.314270 2.419827 70.035484
400 134.286713 75.365379 0.191377 2.200818 63.621403
401 134.350418 75.446541 0.170594 2.276278 74.393730
402 134.334961 75.016708 0.262238 2.080865 54.016171
403 134.357559 75.162651 0.227651 2.138250 91.729980
404 134.265793 75.007950 0.289626 2.162338 58.756073
405 134.450867 74.855316 0.241778 2.170686 64.084312
406 134.782837 75.011353 0.251467 1.916033 55.162945
407 134.249954 75.083397 0.265348 2.204443 65.043167
408 134.232635 75.163109 0.335946 2.049843 60.905598
409 134.430557 74.877022 0.260212 2.283714 55.515156
410 134.196442 75.494148 0.180363 2.127960 71.004768
411 134.250626 75.256149 0.360489 1.998154 51.877869
412 134.343536 75.068428 0.327755 2.038676 34.709187
413 134.195251 75.176315 0.259461 2.143291 65.395355
414 134.126495 75.018135 0.264598 2.163392 88.372192
415 134.216949 75.079018 0.259141 2.029954 66.186768
416 134.187149 75.141510 0.277329 2.049421 66.963531
417 134.322983 75.168091 0.245013 1.981216 58.106121
418 134.175156 75.133202 0.224491 2.293323 88.974617
419 134.317490 75.022652 0.288446 2.146237 55.782589
420 134.090408 75.013229 0.312854 2.057687 65.583801
421 134.421936 75.074524 0.266633 2.216895 94.834167
422 134.221024 75.034706 0.267380 2.206984 98.014671
423 134.269730 75.107529 0.298645 2.268737 93.975334
424 134.414474 75.129860 0.313797 2.052304 87.545708
425 134.293167 75.203247 0.322766 2.232691 86.051476
426 134.618286 75.102882 0.260026 2.290962 86.263115
427 134.281387 75.255775 0.446665 2.232293 96.585716
428 134.320435 75.105042 0.261423 2.113945 98.857368
429 134.172714 75.167862 0.491517 2.173997 58.350445
430 134.113693 75.166451 0.412702 2.135964 79.352745
431 134.210678 75.471062 0.263393 2.248802 106.190674
432 134.287506 75.009438 0.316529 2.192279 79.107620
433 134.161499 74.957954 0.274726 2.302079 68.339371
434 134.370789 74.981544 0.240914 2.326106 97.006599
435 134.540619 75.315659 0.297607 2.133160 113.407059
436 134.531158 75.158607 0.285710 2.317612 83.330223
437 134.480453 75.180984 0.320731 2.396117 108.777481
438 134.461761 75.071114 0.367889 2.231069 83.932442
439 134.520752 74.965385 0.305574 2.284351 97.661079
440 134.414413 75.021378 0.428404 2.221072 88.125931
441 134.368439 75.185532 0.470206 2.257485 72.155998
442 134.405212 75.135994 0.404048 2.328276 84.426781
443 134.370956 75.157402 0.419033 2.003068 55.747395
444 134.321182 74.849274 0.483776 2.020845 35.308079
445 134.497620 74.909897 0.356512 2.203459 80.998787
446 134.707733 74.989143 0.280771 1.992474 47.556492
447 134.288864 75.093117 0.320187 2.070814 75.934853
448 134.295166 74.936852 0.306252 2.275314 119.762199
449 134.428940 75.024055 0.354086 2.058099 66.699509
450 134.121536 74.916504 0.343793 2.133007 58.179508
451 134.197693 74.990562 0.361188 2.132684 111.987457
452 134.247864 74.953690 0.270486 2.004061 111.730194
453 134.253769 74.711929 0.266924 2.296031 101.652092
454 134.263107 74.883141 0.366390 2.150251 97.980278
455 134.397110 75.162125 0.360435 2.205532 64.248291
456 134.316635 75.290909 0.374684 2.240380 72.002365
457 134.299332 74.895004 0.405293 2.122995 83.853683
458 134.260483 74.783508 0.376614 2.100493 79.978577
459 134.461533 75.057228 0.274357 2.232834 88.465805
460 134.484695 75.110069 0.360824 2.237789 100.584312
461 134.154694 74.822235 0.307865 2.015830 108.408165
462 134.547516 75.019096 0.309656 2.378586 99.035103
463 134.237030 74.927658 0.350553 1.959456 58.897400
464 134.355530 75.132690 0.335573 2.495631 90.905518
465 134.450562 74.921227 0.357143 2.167332 96.130424
466 134.460098 74.755219 0.299777 2.260653 116.247330
467 134.337357 74.934959 0.276778 2.183132 115.693779
468 134.174133 74.936043 0.350995 2.064908 83.878456
469 134.573730 74.945496 0.313421 2.136965 81.779884
470 134.224503 74.720245 0.322590 2.058773 84.754868
471 134.269608 75.069572 0.322956 2.200957 112.135406
472 134.234482 75.122330 0.347526 2.144043 96.071251
473 134.355347 75.071297 0.360556 2.098327 88.548714
474 134.504364 75.075005 0.334349 2.041059 73.915207
475 134.575104 74.954781 0.305446 2.180342 61.104988
476 134.389175 74.782158 0.306348 2.100652 90.172630
477 134.345642 75.054031 0.432586 2.006341 68.215126
478 134.348892 74.912659 0.415057 2.140685 80.624077
479 134.206741 74.999489 0.410823 1.975690 65.840546
480 134.224060 75.011284 0.349559 2.143177 73.680771
481 134.465195 74.955872 0.397140 2.126913 65.651924
482 134.236099 75.090271 0.326333 1.954648 65.321892
483 134.350296 74.937881 0.413928 2.019157 72.868919
484 134.202866 74.937347 0.352932 2.227086 66.971039
485 134.304443 74.972931 0.289007 1.983109 52.635662
486 134.082153 74.830078 0.353359 2.100894 100.843208
487 134.418808 74.778717 0.429892 2.225074 66.523445
488 134.220123 75.086411 0.352154 2.183353 76.651054
489 134.189377 74.821030 0.242305 2.332869 114.947357
490 134.271194 74.999596 0.307441 2.079957 73.298645
491 134.300659 75.089317 0.288725 2.092993 87.381432
492 134.244904 74.669830 0.356516 2.033117 81.145798
493 133.885040 75.167725 0.324055 1.988945 51.171585
494 134.111801 74.813889 0.276133 1.960034 88.755569
495 134.005875 75.362762 0.280326 2.077446 83.105919
496 134.078629 75.254097 0.362603 1.980567 70.120544
497 133.814209 75.194138 0.254083 2.402292 84.400284
498 134.111099 75.101440 0.356884 2.197489 81.466629
499 134.162079 75.075523 0.359164 1.970740 32.045254
500 134.352417 74.896301 0.259258 2.287031 72.876724
501 134.118027 74.808434 0.283535 2.231905 91.410591
502 133.808807 75.261665 0.384088 2.189742 111.035576
503 133.981522 75.151543 0.341083 2.087363 81.891342
504 134.272949 75.017166 0.215645 1.955080 52.683426
505 134.031021 75.249756 0.209797 2.127714 111.660393
506 134.038925 75.123489 0.228857 2.446975 124.953812
507 134.306702 75.009537 0.274868 2.143100 108.829613
508 134.063843 74.971291 0.248708 2.015715 107.283211
509 133.930923 75.257904 0.205616 2.288434 106.931252
510 133.976776 74.978973 0.196629 2.342267 112.853889
511 133.884842 75.179871 0.197607 2.028091 83.806664
512 133.587875 74.876480 0.181286 2.449595 94.001862
513 133.867615 75.724823 0.207120 2.218087 75.573715
514 133.980652 74.746986 0.101403 2.242318 109.680511
515 134.101456 75.024094 0.181673 2.438301 125.283905
516 133.621689 74.756279 0.173677 2.266254 130.297638
517 133.823593 74.385239 0.185603 2.564139 66.670250
518 133.519363 74.480309 0.153566 2.571368 136.152908
519 133.982040 74.780037 0.114209 2.608793 77.901405
520 133.613297 75.117958 0.178952 2.471301 116.850937
521 133.270798 74.468468 0.151211 2.416504 97.018265
522 133.937027 74.547989 0.126285 2.937444 37.406494
524 133.852234 74.767471 0.133761 2.173553 79.247612
526 133.129211 76.146851 0.136273 2.925079 64.137566
527 133.253311 75.610207 0.094873 2.216914 93.476997
529 133.088577 74.751205 0.102645 2.445692 65.705116
530 133.641159 74.744598 0.093308 2.446396 82.697090
532 134.076996 75.050926 0.127079 2.516349 73.279968
535 133.648697 74.426781 0.098822 2.660937 68.016769
