%% Trajectory 476
179 68.456116 87.597656 0.470810 2.528440 120.410393
182 70.217461 86.582367 0.459552 2.690319 124.283279
184 69.991882 86.520119 0.527143 2.669900 128.135025
187 70.826912 85.914413 0.713814 3.249785 123.220612
190 70.655182 86.874352 0.668598 2.881867 183.114182
192 70.928703 88.056328 0.652202 2.815398 185.466736
194 70.579376 89.093651 0.828030 3.363128 58.200195
196 71.082657 88.391891 0.858433 2.600559 122.228378
199 70.805794 89.446594 1.009281 3.097136 93.779388
200 70.567940 89.494949 0.751737 2.687849 140.412598
201 70.399483 89.752022 1.202194 2.823839 93.747330
202 70.476921 89.828529 1.073644 2.983568 75.737839
203 70.505859 89.893768 1.358459 3.180111 74.902328
204 70.785797 89.243073 1.104050 2.692058 116.879547
207 70.700478 89.516083 1.002529 3.080330 99.012772
209 70.620697 90.210159 1.154634 3.393553 32.955105
210 70.852386 90.431465 1.008481 2.788630 149.019714
211 70.692764 90.139343 1.000470 2.784536 142.215408
213 71.293465 91.293335 1.059055 2.988112 102.455574
214 71.512497 92.025146 1.212020 3.190582 65.833580
215 71.316910 91.793182 1.476959 2.765984 61.556358
216 71.411278 91.644554 1.022049 3.300489 64.831757
217 71.718315 91.333183 0.863915 3.382670 61.003273
218 71.170517 91.278526 1.109579 3.210532 48.357544
219 70.901596 90.386620 1.052133 3.013291 102.734947
221 71.435196 91.924980 1.154111 3.162927 71.055534
222 71.371010 92.170860 0.992204 3.076916 110.392220
223 71.232719 91.912682 0.674008 3.305230 71.506195
224 71.209190 92.111534 1.060150 3.032895 101.333366
225 71.301773 91.959938 1.197456 3.189039 61.200005
227 70.886940 91.799843 1.118865 2.832770 65.366402
229 71.185593 91.959450 1.132091 2.924251 103.661728
230 71.435646 91.968529 1.217692 3.158680 26.928947
231 71.346756 91.954956 1.034292 2.748070 129.177597
232 71.201904 91.900879 1.122581 2.869350 85.921364
233 71.087708 92.360214 0.977105 3.080204 109.331596
235 71.321930 91.431374 0.887836 2.770114 173.949539
236 71.460793 91.972069 1.230488 2.980687 49.378670
237 71.154640 91.892715 1.126299 3.043677 61.771690
238 70.933174 91.961456 1.407396 2.682036 33.528896
239 71.419724 92.253738 1.207130 2.974052 63.019062
240 71.139923 91.918221 1.358367 2.747839 56.906635
242 71.398468 92.227509 1.365901 2.832647 49.108845
244 71.279335 91.940117 1.198797 2.710129 90.114349
245 71.365959 91.831268 1.507193 2.871662 45.722931
247 71.389328 92.257568 1.307691 2.714230 63.251160
248 71.272995 92.216614 1.380481 2.966637 45.127689
249 71.511551 92.244820 1.303142 3.055590 70.116013
250 71.412354 92.131248 1.125641 2.882617 77.829636
251 71.277504 91.840759 1.426037 2.688890 70.907921
253 71.197220 92.305275 1.216600 2.824274 97.191071
254 71.225487 92.125916 1.581729 3.014482 39.962162
255 71.345131 92.339088 1.454259 2.875903 47.580585
256 71.364342 92.329559 1.703321 2.989613 53.623844
257 71.329407 92.217964 1.325122 2.769451 74.604530
258 71.435646 92.336029 1.753501 2.758295 26.817339
260 71.332443 92.391510 1.501768 3.001556 30.208500
261 71.165451 91.953545 1.532790 2.614622 28.054672
262 71.566452 92.165703 1.653151 2.978869 28.828484
264 71.483757 92.306358 1.659913 2.974636 41.282600
265 71.276817 92.081459 1.561020 3.035842 21.238369
266 71.172859 92.055489 2.066855 2.640386 30.114887
269 71.263496 92.356293 1.725586 3.099953 30.799904
270 71.463165 92.200706 2.046916 3.104127 20.669207
271 71.362915 92.287819 2.426740 2.892475 27.680061
272 71.384071 92.056831 1.944716 3.056045 12.597967
273 72.012581 92.492233 2.540740 2.986523 55.424580
275 71.373940 92.250885 2.172257 2.966160 29.771877
276 71.329567 92.275879 1.766599 2.972108 37.838161
278 71.474983 92.200569 1.898246 2.969522 32.956074
279 71.099922 92.125664 1.831081 2.880574 48.723022
280 71.427757 92.014153 1.857089 2.789511 56.591381
281 71.334251 92.074615 1.890998 2.887967 36.616779
283 71.498123 92.279312 1.748405 3.039980 31.801350
284 71.366371 92.158791 2.120341 2.859073 23.754301
285 71.325775 92.025871 2.649750 2.719697 45.008507
286 71.209663 92.085991 2.383190 2.538830 28.813198
287 71.210068 92.191101 1.880950 2.591081 35.410034
288 71.346458 91.976677 2.246269 2.890590 17.202156
289 71.342255 91.934769 1.538484 2.656023 60.825848
290 71.325958 92.206284 1.971537 2.790975 42.121807
291 71.532433 92.079468 2.049317 2.685987 24.749798
292 71.268806 91.967155 1.731726 2.614715 58.334934
293 71.252068 91.877861 1.979672 2.772394 42.900494
294 71.364128 91.845833 1.694582 2.898037 56.026752
295 71.086151 91.870834 1.587029 2.757425 59.932365
296 71.301254 92.108421 2.090366 2.436291 26.129160
297 71.116394 91.878746 2.473087 2.806077 22.012354
298 71.095840 91.703056 1.715482 2.545483 31.465746
299 71.152817 91.916573 2.209172 2.389486 39.220688
300 71.121529 91.892303 2.209143 2.450289 37.194145
301 71.061317 91.736809 2.462388 2.487928 22.385363
302 71.064850 91.632378 2.555874 2.450716 41.195286
303 70.958481 91.747948 1.819507 2.348324 26.248661
304 70.891975 91.725624 1.840904 2.514968 35.871628
305 70.887192 91.703888 2.036854 2.219126 15.140118
306 70.863632 91.450928 1.919774 2.273466 22.262859
307 70.870384 91.645363 1.742151 2.307580 24.670971
308 70.890190 91.687302 1.781464 2.359334 11.914392
309 70.784706 91.594635 1.567613 2.461070 22.366072
310 70.739090 91.743752 1.858395 2.234565 13.249039
311 70.632996 91.565720 1.873115 2.207935 19.580795
312 70.796844 91.689690 2.013952 2.239908 10.582885
313 71.070099 91.306747 1.772027 2.235806 10.808380
314 70.946747 91.397278 1.779251 2.396287 10.861229
315 70.869537 91.509735 1.762899 2.464299 12.691251
316 70.639793 91.452805 1.868557 2.428494 6.081163
317 70.724808 91.657883 1.528882 2.237268 26.025454
318 70.848015 91.694740 1.869466 2.401772 13.314950
319 70.861435 91.474831 1.999932 2.519717 15.397144
320 70.996811 91.484497 1.568388 2.266809 21.160532
321 71.149467 91.372589 1.573223 2.593090 44.673306
322 71.149300 91.254417 1.379244 2.383195 56.347916
323 70.873924 91.231850 1.537056 2.163539 28.966379
324 71.704025 91.328606 1.530696 2.510997 33.673061
325 71.324142 90.993202 1.693949 2.167752 15.875263
326 71.353912 90.985069 1.029724 2.286542 129.886215
327 71.563004 90.990311 1.292864 2.245459 53.085152
328 71.100700 90.861679 1.576189 2.006922 16.926991
329 71.657379 91.055557 1.709324 2.167359 4.552978
330 71.379158 90.904984 1.325848 2.215155 37.716660
331 71.215622 90.970818 1.491983 2.173622 22.751684
332 71.463875 90.846214 1.319267 2.408789 69.789665
333 71.526634 90.786926 1.319413 2.282691 53.949623
334 71.791656 90.951813 1.125903 2.027820 93.720810
335 71.766418 90.899193 0.864548 1.989245 86.509300
336 71.717529 90.545036 1.111370 2.023757 66.950592
337 71.594658 90.937164 1.509655 2.056414 20.037426
338 71.873497 90.676247 1.619313 2.123592 23.702141
339 72.023674 90.762985 1.310595 2.142201 36.170116
340 71.632141 90.853996 1.296074 2.157307 44.934772
341 72.098045 90.670868 1.510522 2.145696 32.450390
342 72.390335 90.298607 1.395283 2.155708 48.206623
343 72.211693 90.163513 1.092473 1.758745 42.623070
344 72.617020 90.190857 1.200179 2.125328 51.854866
345 72.854355 90.112778 1.148337 1.918363 42.906921
346 72.783638 90.106842 1.359269 2.144063 49.535557
347 72.743294 89.978157 1.432060 2.062536 20.864607
348 72.774727 89.924461 1.016000 2.304026 102.741043
349 72.713799 90.080147 0.762614 2.401307 193.176254
350 73.306427 90.297157 0.688100 2.521992 265.137238
351 73.285416 90.065102 0.829058 1.937270 160.388168
352 72.907570 89.916237 0.795084 2.089305 204.110779
353 73.024582 89.706779 0.640235 2.701615 202.355362
354 73.001869 89.599709 0.471368 2.336894 230.687958
355 73.356384 90.488136 0.555268 2.355063 235.507217
357 72.927231 89.769386 0.921509 2.221745 145.424637
358 73.323029 89.832260 0.760099 2.118847 148.900177
359 72.920456 89.532509 0.771397 2.499187 181.065552
360 72.165276 89.756027 0.364773 2.230639 186.466949
361 72.410789 90.061546 0.507666 2.106316 150.438004
362 73.002777 90.033157 0.575617 2.213207 199.663574
363 72.597672 89.856995 0.584329 2.242584 188.573166
364 72.237228 89.502136 0.728502 2.943480 156.454697
366 72.092270 90.085091 0.461359 2.014596 159.857407
367 72.298126 90.211960 0.610798 2.246358 171.244736
368 72.195831 90.154907 0.717242 2.108587 132.112076
369 72.383995 90.097313 0.675655 2.364246 174.725998
370 72.459679 89.698753 0.819854 2.088433 122.652733
371 72.257454 90.233040 0.813407 2.104096 133.174927
372 71.866234 90.185501 0.413237 2.317985 105.101776
374 72.847031 90.206406 0.419143 2.723190 136.432297
375 72.490715 89.976311 0.548695 2.013893 80.265671
376 72.126587 89.762276 0.594674 2.310664 129.841980
377 71.553307 89.997604 0.677401 2.513554 204.484543
378 71.959076 90.092529 0.819434 2.260409 155.927948
379 71.977318 89.801926 0.539415 2.536051 244.755768
