%% Trajectory 62
58 138.918304 114.857124 0.575560 2.091453 85.996414
61 139.331100 114.405495 0.659917 2.152742 85.349014
62 139.312988 114.233627 0.566138 2.041481 73.101974
63 139.525879 114.534836 0.614248 2.377606 81.199005
64 139.357559 114.572563 0.658707 2.470203 58.025921
65 139.172989 114.470627 0.656652 2.362134 99.962410
66 139.307129 115.152313 0.630198 2.549347 85.400314
67 139.508789 114.672981 0.716140 2.384567 98.814011
68 139.309479 114.739891 0.710706 2.217017 112.795715
69 139.381897 114.878754 0.745794 2.101639 98.791794
70 139.390152 114.455750 0.607804 2.328348 128.211929
71 139.420959 114.859734 0.711800 2.265397 119.764267
72 139.472809 114.508446 0.800647 2.398157 123.589470
73 139.413208 114.728592 0.834367 2.290791 127.825302
74 139.217575 114.578758 0.941418 2.251664 166.483063
75 139.455643 114.640190 0.813082 2.316045 142.729370
76 139.085342 114.781525 0.838654 2.106823 99.029510
77 139.303192 114.665154 0.908553 2.145396 122.730804
78 139.277802 114.721382 0.871113 2.203737 147.314423
79 139.183762 114.761513 0.864995 2.121507 122.091270
80 139.274170 114.879059 1.080397 2.191129 128.441849
81 139.194916 114.697311 1.109799 2.306021 111.390854
82 139.191391 114.977806 0.960105 2.065234 112.457062
83 138.964920 114.925461 0.973134 2.073571 134.842239
84 139.276794 115.214561 1.057591 2.052091 121.096512
85 139.077988 115.158737 0.967941 2.204904 117.027740
86 139.107346 114.956825 0.968454 2.025813 81.709541
87 138.951813 115.374657 0.945539 2.217972 150.538971
88 138.877548 115.142326 1.191942 2.073667 72.988266
89 138.967453 115.201012 1.116180 2.094284 84.186234
90 139.013763 115.517342 0.926167 2.376688 178.771408
91 138.703247 115.391647 1.107439 2.208320 120.205994
92 139.008041 115.503525 1.190385 2.248137 96.082275
93 138.817398 115.750214 1.140413 2.238194 97.488922
94 139.126511 116.102371 1.215660 2.176787 80.815491
95 138.992340 116.308319 1.109165 2.216661 97.153175
96 139.301910 116.372162 1.295993 2.251432 76.411407
97 139.496170 116.603737 0.897730 2.503085 159.672440
98 139.735992 116.944107 1.280172 2.006597 27.182787
99 139.640549 117.077148 1.183978 2.202139 59.244564
100 139.735565 117.257439 1.158188 2.235519 72.697968
101 139.608856 116.975777 1.129292 2.109672 67.337852
102 139.636688 117.087997 1.254175 2.129619 68.714600
103 139.625351 117.130119 1.398966 2.289751 53.956936
104 139.614899 117.220459 1.175497 2.245134 89.095734
105 139.557465 117.201553 1.328548 2.233440 80.155769
106 139.500931 117.185226 1.158466 2.298817 97.825874
107 139.314972 116.941147 1.174992 2.203691 117.018867
108 139.397217 116.962860 1.220314 2.192167 71.731888
109 139.308136 117.220657 0.820624 2.219383 144.883041
110 139.225067 117.046165 1.186677 2.205548 86.274666
111 139.357910 116.898323 0.833946 2.212997 116.128380
112 139.034760 117.025162 0.674924 2.246485 197.932846
113 139.699280 117.078651 0.834778 2.420411 150.232605
114 139.889236 117.628113 0.950088 2.290222 127.402962
115 139.743774 117.662292 0.979789 2.363383 147.565842
116 139.718216 117.353828 0.712998 2.876891 92.503197
117 139.273285 117.365219 0.668559 2.953990 56.604240
118 139.838287 117.765129 0.664569 2.707408 113.395935
119 140.044357 118.032433 0.789487 2.586619 132.902481
