#               frames                 t (s)               x (pxl)               y (pxl)                     f
                 239.0    21.041999999999966                   nan                   nan                   nan
                 240.0    21.167999999999967                   nan                   nan                   nan
                 241.0     21.29399999999997                   nan                   nan                   nan
                 242.0     21.41999999999997                   nan                   nan                   nan
                 243.0     21.54599999999997                   nan                   nan                   nan
                 244.0    21.671999999999972                   nan                   nan                   nan
                 245.0    21.797999999999973                   nan                   nan                   nan
                 246.0    21.923999999999975                   nan                   nan                   nan
                 247.0    22.049999999999976                   nan                   nan                   nan
                 248.0    22.175999999999977                   nan                   nan                   nan
                 249.0     22.30199999999998                   nan                   nan                   nan
                 250.0     22.42799999999998                   nan                   nan                   nan
                 251.0     22.55399999999998                   nan                   nan                   nan
                 252.0    22.679999999999982                   nan                   nan                   nan
                 253.0    22.805999999999983                   nan                   nan                   nan
                 254.0    22.931999999999984                   nan                   nan                   nan
                 255.0    23.057999999999986                   nan                   nan                   nan
                 256.0    23.183999999999987                   nan                   nan                   nan
                 257.0    23.309999999999988                   nan                   nan                   nan
                 258.0     23.43599999999999                   nan                   nan                   nan
                 259.0     23.56199999999999                   nan                   nan                   nan
                 260.0     23.68799999999999                   nan                   nan                   nan
                 261.0    23.813999999999993                   nan                   nan                   nan
                 262.0    23.939999999999994                   nan                   nan                   nan
                 263.0    24.065999999999995                   nan                   nan                   nan
                 264.0    24.191999999999997                   nan                   nan                   nan
                 265.0    24.317999999999998                   nan                   nan                   nan
                 266.0                24.444                   nan                   nan                   nan
                 267.0                 24.57                   nan                   nan                   nan
                 268.0                24.696   -1.2802825878898874   -0.3560211700963143              0.789629
                 269.0    24.822000000000006                   nan                   nan                   nan
                 270.0    24.948000000000004  -0.41916247390964323    0.2751458542868533              0.673695
                 271.0                25.074   -0.5146513520400645   -0.6265982440772186              0.496789
                 272.0    25.200000000000006                   nan                   nan                   nan
                 273.0    25.326000000000004  -0.28577421427856287   0.31291077839094955              1.664388
                 274.0                25.452  -0.18210040426214807   0.13279294501047384               1.10655
                 275.0                25.578  -0.10024245951932621   0.08527874751666345              1.119905
                 276.0    25.704000000000004    0.1755132108358499  -0.15005539316838784              0.881184
                 277.0    25.830000000000002     -0.47735006868474    0.3264999408943337              0.703859
                 278.0                25.956  0.023602137727546234   0.09998311940933274              1.177363
                 279.0    26.082000000000004    0.2595167745033494  -0.17291099653297565              1.020675
                 280.0    26.208000000000002  -0.27365860857550645  -0.39826344727559687              1.112077
                 281.0                26.334   0.12628280264247993   -0.3285651075682349              1.000553
                 282.0    26.460000000000004    0.6786531345150691   -0.0686861774104287              0.895948
                 283.0    26.586000000000002      0.85781634914285   0.19304370245474323              1.040002
                 284.0    26.712000000000003                   nan                   nan                   nan
                 285.0    26.838000000000005                   nan                   nan                   nan
                 286.0    26.964000000000006                   nan                   nan                   nan
                 287.0    27.090000000000007                   nan                   nan                   nan
                 288.0    27.216000000000008                   nan                   nan                   nan
                 289.0     27.34200000000001                   nan                   nan                   nan
                 290.0     27.46800000000001                   nan                   nan                   nan
                 291.0    27.594000000000012                   nan                   nan                   nan
                 292.0    27.720000000000013                   nan                   nan                   nan
                 293.0    27.846000000000014                   nan                   nan                   nan
                 294.0    27.972000000000016                   nan                   nan                   nan
                 295.0    28.098000000000017                   nan                   nan                   nan
                 296.0    28.224000000000018                   nan                   nan                   nan
                 297.0     28.35000000000002                   nan                   nan                   nan
                 298.0     28.47600000000002                   nan                   nan                   nan
                 299.0     28.60200000000002                   nan                   nan                   nan
                 300.0    28.728000000000023                   nan                   nan                   nan
                 301.0    28.854000000000024                   nan                   nan                   nan
                 302.0    28.980000000000025                   nan                   nan                   nan
                 303.0    29.106000000000027                   nan                   nan                   nan
                 304.0    29.232000000000028                   nan                   nan                   nan
                 305.0     29.35800000000003                   nan                   nan                   nan
                 306.0     29.48400000000003                   nan                   nan                   nan
                 307.0     29.61000000000003                   nan                   nan                   nan
                 308.0    29.736000000000033                   nan                   nan                   nan
                 309.0    29.862000000000034                   nan                   nan                   nan
                 310.0    29.988000000000035                   nan                   nan                   nan
                 311.0    30.114000000000036                   nan                   nan                   nan
                 312.0    30.240000000000038                   nan                   nan                   nan
                 313.0     30.36600000000004                   nan                   nan                   nan
                 314.0     30.49200000000004                   nan                   nan                   nan
                 315.0     30.61800000000004                   nan                   nan                   nan
                 316.0    30.744000000000042                   nan                   nan                   nan
                 317.0    30.870000000000044                   nan                   nan                   nan
                 318.0    30.996000000000045                   nan                   nan                   nan
                 319.0    31.122000000000046                   nan                   nan                   nan
                 320.0    31.248000000000047                   nan                   nan                   nan
                 321.0     31.37400000000005                   nan                   nan                   nan
                 322.0     31.50000000000005                   nan                   nan                   nan
                 323.0     31.62600000000005                   nan                   nan                   nan
                 324.0    31.752000000000052                   nan                   nan                   nan
                 325.0    31.878000000000053                   nan                   nan                   nan
                 326.0    32.004000000000055                   nan                   nan                   nan
                 327.0     32.13000000000005                   nan                   nan                   nan
                 328.0     32.25600000000005                   nan                   nan                   nan
                 329.0     32.38200000000005                   nan                   nan                   nan
                 330.0    32.508000000000045                   nan                   nan                   nan
                 331.0     32.63400000000004                   nan                   nan                   nan
                 332.0     32.76000000000004                   nan                   nan                   nan
#-------------------------------------------------------------------------------------------------------------
# experiment: 210827_MKUM0007_fast/
# path: /Users/andreapicco/Google Drive/RESEARCH/EvoCellBio/Protein_tracking/Data/Rvs167/24_degree/Um/210827_MKUM0007_fast/
# file: 32.data.txt
# protein: Rvs167-GFP
# date: 27/08/21
# notes: strain MKUM0007
# t_unit: s
# delta_t: 0.126
# coord_unit: pxl
# intensity_normalisation: None
# l_cm: (55.435704138589585, 146.25433793623145)
# r_cm: (59.25222868008512, 108.08167398641191)
# m_angle: 2.7743116508055836
# m_lag: -72
# trajalign_version: 1.92
# lie_down_angle: -0.052519836640096906
# lie_down_translation: (-59.231657682924876, -108.0860618528034)
