#                 frames                   t (s)                 x (pxl)                 y (pxl)                       f
                  -240.0      2.6208000000000995                     nan                     nan                     nan
                  -239.0      2.7216000000000995                     nan                     nan                     nan
                  -238.0      2.8224000000000995                     nan                     nan                     nan
                  -237.0      2.9232000000000995                     nan                     nan                     nan
                  -236.0      3.0240000000000995                     nan                     nan                     nan
                  -235.0      3.1248000000000995                     nan                     nan                     nan
                  -234.0      3.2256000000000995                     nan                     nan                     nan
                  -233.0      3.3264000000000995                     nan                     nan                     nan
                  -232.0      3.4272000000000995                     nan                     nan                     nan
                  -231.0      3.5280000000000995                     nan                     nan                     nan
                  -230.0      3.6288000000000995                     nan                     nan                     nan
                  -229.0      3.7296000000000995                     nan                     nan                     nan
                  -228.0      3.8304000000000995                     nan                     nan                     nan
                  -227.0      3.9312000000000995                     nan                     nan                     nan
                  -226.0      4.0320000000000995                     nan                     nan                     nan
                  -225.0       4.132800000000099                     nan                     nan                     nan
                  -224.0       4.233600000000099                     nan                     nan                     nan
                  -223.0       4.334400000000098                     nan                     nan                     nan
                  -222.0       4.435200000000098                     nan                     nan                     nan
                  -221.0       4.536000000000097                     nan                     nan                     nan
                  -220.0       4.636800000000097                     nan                     nan                     nan
                  -219.0       4.737600000000096                     nan                     nan                     nan
                  -218.0       4.838400000000096                     nan                     nan                     nan
                  -217.0      4.9392000000000955                     nan                     nan                     nan
                  -216.0       5.040000000000095                     nan                     nan                     nan
                  -215.0       5.140800000000095                     nan                     nan                     nan
                  -214.0       5.241600000000094                     nan                     nan                     nan
                  -213.0       5.342400000000094                     nan                     nan                     nan
                  -212.0       5.443200000000093                     nan                     nan                     nan
                  -211.0       5.544000000000093                     nan                     nan                     nan
                  -210.0       5.644800000000092                     nan                     nan                     nan
                  -209.0       5.745600000000092                     nan                     nan                     nan
                  -208.0      5.8464000000000915                     nan                     nan                     nan
                  -207.0       5.947200000000091                     nan                     nan                     nan
                  -206.0       6.048000000000091                     nan                     nan                     nan
                  -205.0        6.14880000000009                     nan                     nan                     nan
                  -204.0        6.24960000000009                     nan                     nan                     nan
                  -203.0       6.350400000000089                     nan                     nan                     nan
                  -202.0       6.451200000000089                     nan                     nan                     nan
                  -201.0       6.552000000000088                     nan                     nan                     nan
                  -200.0       6.652800000000088                     nan                     nan                     nan
                  -199.0      6.7536000000000875                     nan                     nan                     nan
                  -198.0       6.854400000000087                     nan                     nan                     nan
                  -197.0       6.955200000000087                     nan                     nan                     nan
                  -196.0       7.056000000000086                     nan                     nan                     nan
                  -195.0       7.156800000000086                     nan                     nan                     nan
                  -194.0       7.257600000000085                     nan                     nan                     nan
                  -193.0       7.358400000000085                     nan                     nan                     nan
                  -192.0       7.459200000000084                     nan                     nan                     nan
                  -191.0       7.560000000000084                     nan                     nan                     nan
                  -190.0      7.6608000000000835                     nan                     nan                     nan
                  -189.0       7.761600000000083                     nan                     nan                     nan
                  -188.0       7.862400000000083                     nan                     nan                     nan
                  -187.0       7.963200000000082                     nan                     nan                     nan
                  -186.0       8.064000000000082                     nan                     nan                     nan
                  -185.0       8.164800000000081                     nan                     nan                     nan
                  -184.0        8.26560000000008                     nan                     nan                     nan
                  -183.0        8.36640000000008                     nan                     nan                     nan
                  -182.0        8.46720000000008                     nan                     nan                     nan
                  -181.0        8.56800000000008                     nan                     nan                     nan
                  -180.0       8.668800000000079                     nan                     nan                     nan
                  -179.0       8.769600000000079                     nan                     nan                     nan
                  -178.0       8.870400000000078                     nan                     nan                     nan
                  -177.0       8.971200000000078                     nan                     nan                     nan
                  -176.0       9.072000000000077                     nan                     nan                     nan
                  -175.0       9.172800000000077                     nan                     nan                     nan
                  -174.0       9.273600000000076                     nan                     nan                     nan
                  -173.0       9.374400000000076                     nan                     nan                     nan
                  -172.0       9.475200000000076                     nan                     nan                     nan
                  -171.0       9.576000000000075                     nan                     nan                     nan
                  -170.0       9.676800000000075                     nan                     nan                     nan
                  -169.0       9.777600000000074                     nan                     nan                     nan
                  -168.0       9.878400000000074                     nan                     nan                     nan
                  -167.0       9.979200000000073                     nan                     nan                     nan
                  -166.0      10.080000000000073                     nan                     nan                     nan
                  -165.0      10.180800000000072                     nan                     nan                     nan
                  -164.0      10.281600000000072                     nan                     nan                     nan
                  -163.0      10.382400000000072                     nan                     nan                     nan
                  -162.0      10.483200000000071                     nan                     nan                     nan
                  -161.0       10.58400000000007                     nan                     nan                     nan
                  -160.0       10.68480000000007                     nan                     nan                     nan
                  -159.0       10.78560000000007                     nan                     nan                     nan
                  -158.0       10.88640000000007                     nan                     nan                     nan
                  -157.0      10.987200000000069                     nan                     nan                     nan
                  -156.0      11.088000000000068                     nan                     nan                     nan
                  -155.0      11.188800000000068                     nan                     nan                     nan
                  -154.0      11.289600000000068                     nan                     nan                     nan
                  -153.0      11.390400000000067                     nan                     nan                     nan
                  -152.0      11.491200000000067                     nan                     nan                     nan
                  -151.0      11.592000000000066                     nan                     nan                     nan
                  -150.0      11.692800000000066                     nan                     nan                     nan
                  -149.0      11.793600000000065                     nan                     nan                     nan
                  -148.0      11.894400000000065                     nan                     nan                     nan
                  -147.0      11.995200000000064                     nan                     nan                     nan
                  -146.0      12.096000000000064                     nan                     nan                     nan
                  -145.0      12.196800000000064                     nan                     nan                     nan
                  -144.0      12.297600000000063                     nan                     nan                     nan
                  -143.0      12.398400000000063                     nan                     nan                     nan
                  -142.0      12.499200000000062                     nan                     nan                     nan
                  -141.0      12.600000000000062                     nan                     nan                     nan
                  -140.0      12.700800000000061                     nan                     nan                     nan
                  -139.0      12.801600000000061                     nan                     nan                     nan
                  -138.0       12.90240000000006                     nan                     nan                     nan
                  -137.0       13.00320000000006                     nan                     nan                     nan
                  -136.0       13.10400000000006                     nan                     nan                     nan
                  -135.0       13.20480000000006                     nan                     nan                     nan
                  -134.0      13.305600000000059                     nan                     nan                     nan
                  -133.0      13.406400000000058                     nan                     nan                     nan
                  -132.0      13.507200000000058                     nan                     nan                     nan
                  -131.0      13.608000000000057                     nan                     nan                     nan
                  -130.0      13.708800000000057                     nan                     nan                     nan
                  -129.0      13.809600000000056                     nan                     nan                     nan
                  -128.0      13.910400000000056                     nan                     nan                     nan
                  -127.0      14.011200000000056                     nan                     nan                     nan
                  -126.0      14.112000000000055                     nan                     nan                     nan
                  -125.0      14.212800000000055                     nan                     nan                     nan
                  -124.0      14.313600000000054                     nan                     nan                     nan
                  -123.0      14.414400000000054                     nan                     nan                     nan
                  -122.0      14.515200000000053                     nan                     nan                     nan
                  -121.0      14.616000000000053                     nan                     nan                     nan
                  -120.0      14.716800000000053                     nan                     nan                     nan
                  -119.0      14.817600000000052                     nan                     nan                     nan
                  -118.0      14.918400000000052                     nan                     nan                     nan
                  -117.0      15.019200000000051                     nan                     nan                     nan
                  -116.0       15.12000000000005                     nan                     nan                     nan
                  -115.0       15.22080000000005                     nan                     nan                     nan
                  -114.0       15.32160000000005                     nan                     nan                     nan
                  -113.0       15.42240000000005                     nan                     nan                     nan
                  -112.0      15.523200000000049                     nan                     nan                     nan
                  -111.0      15.624000000000049                     nan                     nan                     nan
                  -110.0      15.724800000000048                     nan                     nan                     nan
                  -109.0      15.825600000000048                     nan                     nan                     nan
                  -108.0      15.926400000000047                     nan                     nan                     nan
                  -107.0      16.027200000000047                     nan                     nan                     nan
                  -106.0      16.128000000000046                     nan                     nan                     nan
                  -105.0      16.228800000000046                     nan                     nan                     nan
                  -104.0      16.329600000000045                     nan                     nan                     nan
                  -103.0      16.430400000000045                     nan                     nan                     nan
                  -102.0      16.531200000000045                     nan                     nan                     nan
                  -101.0      16.632000000000044                     nan                     nan                     nan
                  -100.0      16.732800000000044                     nan                     nan                     nan
                   -99.0      16.833600000000043                     nan                     nan                     nan
                   -98.0      16.934400000000043                     nan                     nan                     nan
                   -97.0      17.035200000000042                     nan                     nan                     nan
                   -96.0      17.136000000000042                     nan                     nan                     nan
                   -95.0       17.23680000000004                     nan                     nan                     nan
                   -94.0       17.33760000000004                     nan                     nan                     nan
                   -93.0       17.43840000000004                     nan                     nan                     nan
                   -92.0       17.53920000000004                     nan                     nan                     nan
                   -91.0       17.64000000000004                     nan                     nan                     nan
                   -90.0       17.74080000000004                     nan                     nan                     nan
                   -89.0       17.84160000000004                     nan                     nan                     nan
                   -88.0       17.94240000000004                     nan                     nan                     nan
                   -87.0      18.043200000000038                     nan                     nan                     nan
                   -86.0      18.144000000000037                     nan                     nan                     nan
                   -85.0      18.244800000000037                     nan                     nan                     nan
                   -84.0      18.345600000000037                     nan                     nan                     nan
                   -83.0      18.446400000000036                     nan                     nan                     nan
                   -82.0      18.547200000000036                     nan                     nan                     nan
                   -81.0      18.648000000000035                     nan                     nan                     nan
                   -80.0      18.748800000000035                     nan                     nan                     nan
                   -79.0      18.849600000000034                     nan                     nan                     nan
                   -78.0      18.950400000000034                     nan                     nan                     nan
                   -77.0      19.051200000000033                     nan                     nan                     nan
                   -76.0      19.152000000000033                     nan                     nan                     nan
                   -75.0      19.252800000000033                     nan                     nan                     nan
                   -74.0      19.353600000000032                     nan                     nan                     nan
                   -73.0       19.45440000000003                     nan                     nan                     nan
                   -72.0       19.55520000000003                     nan                     nan                     nan
                   -71.0       19.65600000000003                     nan                     nan                     nan
                   -70.0       19.75680000000003                     nan                     nan                     nan
                   -69.0       19.85760000000003                     nan                     nan                     nan
                   -68.0       19.95840000000003                     nan                     nan                     nan
                   -67.0       20.05920000000003                     nan                     nan                     nan
                   -66.0       20.16000000000003                     nan                     nan                     nan
                   -65.0      20.260800000000028                     nan                     nan                     nan
                   -64.0      20.361600000000028                     nan                     nan                     nan
                   -63.0      20.462400000000027                     nan                     nan                     nan
                   -62.0      20.563200000000027                     nan                     nan                     nan
                   -61.0      20.664000000000026                     nan                     nan                     nan
                   -60.0      20.764800000000026                     nan                     nan                     nan
                   -59.0      20.865600000000025                     nan                     nan                     nan
                   -58.0      20.966400000000025                     nan                     nan                     nan
                   -57.0      21.067200000000025                     nan                     nan                     nan
                   -56.0      21.168000000000024                     nan                     nan                     nan
                   -55.0      21.268800000000024                     nan                     nan                     nan
                   -54.0      21.369600000000023                     nan                     nan                     nan
                   -53.0      21.470400000000023                     nan                     nan                     nan
                   -52.0      21.571200000000022                     nan                     nan                     nan
                   -51.0      21.672000000000022                     nan                     nan                     nan
                   -50.0       21.77280000000002                     nan                     nan                     nan
                   -49.0       21.87360000000002                     nan                     nan                     nan
                   -48.0       21.97440000000002                     nan                     nan                     nan
                   -47.0       22.07520000000002                     nan                     nan                     nan
                   -46.0       22.17600000000002                     nan                     nan                     nan
                   -45.0       22.27680000000002                     nan                     nan                     nan
                   -44.0       22.37760000000002                     nan                     nan                     nan
                   -43.0       22.47840000000002                     nan                     nan                     nan
                   -42.0      22.579200000000018                     nan                     nan                     nan
                   -41.0      22.680000000000017                     nan                     nan                     nan
                   -40.0      22.780800000000017                     nan                     nan                     nan
                   -39.0      22.881600000000017                     nan                     nan                     nan
                   -38.0      22.982400000000016                     nan                     nan                     nan
                   -37.0      23.083200000000016                     nan                     nan                     nan
                   -36.0      23.184000000000015                     nan                     nan                     nan
                   -35.0      23.284800000000015                     nan                     nan                     nan
                   -34.0      23.385600000000014                     nan                     nan                     nan
                   -33.0      23.486400000000014                     nan                     nan                     nan
                   -32.0      23.587200000000013                     nan                     nan                     nan
                   -31.0      23.688000000000013                     nan                     nan                     nan
                   -30.0      23.788800000000013                     nan                     nan                     nan
                   -29.0      23.889600000000012                     nan                     nan                     nan
                   -28.0       23.99040000000001                     nan                     nan                     nan
                   -27.0       24.09120000000001                     nan                     nan                     nan
                   -26.0       24.19200000000001                     nan                     nan                     nan
                   -25.0       24.29280000000001                     nan                     nan                     nan
                   -24.0       24.39360000000001                     nan                     nan                     nan
                   -23.0       24.49440000000001                     nan                     nan                     nan
                   -22.0       24.59520000000001                     nan                     nan                     nan
                   -21.0       24.69600000000001                     nan                     nan                     nan
                   -20.0      24.796800000000008                     nan                     nan                     nan
                   -19.0      24.897600000000008                     nan                     nan                     nan
                   -18.0      24.998400000000007                     nan                     nan                     nan
                   -17.0      25.099200000000007                     nan                     nan                     nan
                   -16.0      25.200000000000006                     nan                     nan                     nan
                   -15.0      25.300800000000006                     nan                     nan                     nan
                   -14.0      25.401600000000006                     nan                     nan                     nan
                   -13.0      25.502400000000005                     nan                     nan                     nan
                   -12.0      25.603200000000005                     nan                     nan                     nan
                   -11.0      25.704000000000004                     nan                     nan                     nan
                   -10.0      25.804800000000004                     nan                     nan                     nan
                    -9.0      25.905600000000003                     nan                     nan                     nan
                    -8.0      26.006400000000003                     nan                     nan                     nan
                    -7.0      26.107200000000002                     nan                     nan                     nan
                    -6.0      26.208000000000002                     nan                     nan                     nan
                    -5.0                 26.3088                     nan                     nan                     nan
                    -4.0                 26.4096                     nan                     nan                     nan
                    -3.0                 26.5104                     nan                     nan                     nan
                    -2.0                 26.6112                     nan                     nan                     nan
                    -1.0                  26.712                     nan                     nan                     nan
                     0.0                 26.8128    -0.40092927961514807    -0.21190497100410038                2.533385
                     1.0                 26.9136      -0.316881711854044     -0.2132262686413086                2.715739
                     2.0                 27.0144    -0.24048284280964027    -0.24745246858718412                2.887662
                     3.0      27.115199999999998    -0.18525090107342895    -0.09584200096357112                2.805838
                     4.0                  27.216     -0.2693176731537459     -0.0981224522340567                3.152887
                     5.0                 27.3168    -0.20322609518165952    -0.20763069388809324                2.917032
                     6.0                 27.4176     -0.1537006562969905    -0.14147998106288767                3.088877
                     7.0                 27.5184     -0.2598707027454962     -0.1134725746474343                 3.22439
                     8.0                 27.6192     -0.2506256463467266    -0.10544626639372756                2.930409
                     9.0                   27.72     -0.3311698910031727    -0.10126779038886717                2.522815
                    10.0                 27.8208    -0.33847694055835753    -0.08624969770711585                 2.67511
                    11.0      27.921599999999998    -0.14919789630531313    -0.10047988767937971                2.985819
                    12.0      28.022399999999998    -0.27424289399645907     -0.1667717375737358                3.107461
                    13.0                 28.1232     -0.3476389223166841    -0.19297609430730658                3.145899
                    14.0                  28.224    -0.19042964072141524    -0.06621334696683832                 3.46368
                    15.0                 28.3248    -0.23402437537529688    -0.11466067332707026                3.347831
                    16.0                 28.4256     -0.2950765629858181    -0.09819302574242614                3.537805
                    17.0                 28.5264    -0.27616971058711837    -0.17152231215225253                3.618044
                    18.0                 28.6272    -0.30463361575078923    -0.11927528085063628                 3.50572
                    19.0      28.727999999999998    -0.29087120266125477     -0.1961340161118435                3.186104
                    20.0                 28.8288     -0.2306968215996685    -0.15961560315541645                3.429089
                    21.0                 28.9296    -0.21018506115993546      -0.213609042281504                3.132445
                    22.0                 29.0304     -0.2294768237071002    -0.14856048193754207                3.044306
                    23.0                 29.1312    -0.27963355218840036     -0.0950311708262179                3.079772
                    24.0                  29.232    -0.18808214360553227   -0.043462778835672775                3.086997
                    25.0                 29.3328     -0.1511083812616618    -0.15385741658650243                3.092452
                    26.0                 29.4336      -0.091860482394759    -0.12196485011942851                3.274913
                    27.0      29.534399999999998    -0.06817308191395657    -0.09504398914764214                 2.89907
                    28.0      29.635199999999998    -0.12584107462118135    -0.09218336926401621                2.681306
                    29.0                  29.736    -0.06640941772000714    -0.08011934742292606                2.990729
                    30.0                 29.8368    -0.17865270602706454    -0.03359153600844896                 2.93208
                    31.0                 29.9376    -0.12169558812274109     0.05593036670834046                3.132501
                    32.0                 30.0384     -0.1495816105392943   -0.009633466300293748                2.943748
                    33.0                 30.1392     -0.1455139257851692     0.03420527174883977                2.653315
                    34.0                   30.24   -0.026413328275567298  -0.0007628521049630362                3.033497
                    35.0      30.340799999999998    -0.07544050514996052    -0.07749646278325363                2.846809
                    36.0                 30.4416     0.14387979634589287    -0.02231271288553764                2.615109
                    37.0                 30.5424     -0.1393275945376283    -0.07232264846786074                3.032775
                    38.0                 30.6432   -0.029540865325822084     0.10513826426780909                3.159317
                    39.0                  30.744    -0.08889612017835649    0.020704637013057362                2.991412
                    40.0                 30.8448    -0.04485392955544843     -0.0299330356737431                2.786213
                    41.0                 30.9456     0.06379520765097299    -0.03815216295699825                2.882285
                    42.0                 31.0464      -0.121326096272192    -0.11046267711492852                3.181575
                    43.0      31.147199999999998    -0.15661695074954032   -0.008820988530669885                3.126935
                    44.0      31.247999999999998     -0.1602809689862828    -0.03329848634725727                3.084997
                    45.0      31.348799999999997     -0.1138790918182329      0.0443665632457439                3.066259
                    46.0                 31.4496      0.0468039081966341    -0.05080297588950791                3.057015
                    47.0                 31.5504    -0.06897597094379503    -0.03283489443307079                 3.02918
                    48.0                 31.6512    0.043793104598655944    -0.04316295346190881                3.578244
                    49.0                  31.752    -0.06081406444654715     0.06579488716624773                3.337335
                    50.0                 31.8528     0.04241494878648387   -0.004201467766960282                3.301204
                    51.0                 31.9536     0.10067053839826676    -0.10425884160809533                 3.46134
                    52.0                 32.0544    0.015343136434275605    0.052389001182921904                3.143627
                    53.0                 32.1552     0.06536573115649608    -0.02816809019491539                2.745915
                    54.0                  32.256      0.2591114531919225   0.0026008584866668294                2.927316
                    55.0                 32.3568     0.21590213462514907    0.039983493144931326                2.911646
                    56.0                 32.4576      0.2338501235191718     0.05732289427815815                3.317379
                    57.0                 32.5584     0.26169089114265354     0.08945662263539039                2.933855
                    58.0                 32.6592     0.29991045739452343   -0.015886085719382423                2.968864
                    59.0                   32.76      0.3017764714702834     0.13678655653347258                2.849495
                    60.0                 32.8608       0.267098857160599    -0.03067584728240183                3.107445
                    61.0                 32.9616      0.3247818715844099     0.12026208284779247                3.186779
                    62.0                 33.0624      0.3015003390885951      0.1659957406355284                2.973373
                    63.0                 33.1632      0.4728247131227681    -0.04729476507627481                3.277867
                    64.0      33.263999999999996      0.4149082375723748  -0.0012399459492792586                3.312201
                    65.0                 33.3648      0.3837909134544068     0.06581339930461383                3.579787
                    66.0                 33.4656      0.3084899097561801    0.055563214621303265                3.214515
                    67.0                 33.5664      0.3576744351662798      0.0648233539390844                3.303245
                    68.0                 33.6672     0.27626606392928604       0.101438128519041                3.093718
                    69.0                  33.768      0.6593980129358264    0.030410504769877278                3.331116
                    70.0                 33.8688      0.4235956343662406     0.22536480173695964                3.212851
                    71.0                 33.9696     0.47608526418962144    0.015593808541998322                3.262455
                    72.0                 34.0704      0.4245736544854154     0.07245299740960037                2.926939
                    73.0                 34.1712      0.5821070102923426      0.0847812763329681                2.721882
                    74.0                  34.272      0.5290940675595515     0.19021794368739248                3.106777
                    75.0                 34.3728      0.4733154516891777      0.1289981331716658                2.641913
                    76.0                 34.4736      0.5688141647476076     0.12258558849869378                2.527189
                    77.0                 34.5744      0.6972455584483086     0.10876848720740204                2.883972
                    78.0                 34.6752      0.6429486216819382     0.15155528430402912                2.842155
                    79.0      34.775999999999996      0.4968184859704143      0.0642582204934992                3.415074
                    80.0                 34.8768      0.7960987766582434     0.04221849527244903                2.764966
                    81.0      34.977599999999995      0.5040390492359013        0.15843004887191                 2.88911
                    82.0                 35.0784      0.4943235678221672      0.3615795270718176                2.566794
                    83.0                 35.1792      0.5462390281685796     0.22519555149177037                2.650482
                    84.0                   35.28      0.5095678966773324     0.20308418228606653                2.379334
                    85.0                 35.3808      0.6860499739314906     0.18949739392194645                2.710768
                    86.0                 35.4816      0.7507174861666105     0.10589461558699889                2.439084
                    87.0                 35.5824      0.7658947571920949     0.22071031469307634                2.597346
                    88.0                 35.6832      0.6187394180576435     0.32671313551509434                2.755724
                    89.0                  35.784      0.4500374003232095       0.292781596774064                2.743613
                    90.0                 35.8848      0.8218038399657449     0.22943469635653096                2.716105
                    91.0                 35.9856      0.7476365137239629     0.12759717453307778                2.991616
                    92.0                 36.0864      0.7489993541875206     0.18749240629546504                2.917666
                    93.0                 36.1872      0.8175688165947138      0.3145192640468483                2.232137
                    94.0                  36.288      0.8735579489837006     0.06541084639636502                2.158559
                    95.0                 36.3888      0.6825129117239481      0.1710086394766197                2.500255
                    96.0      36.489599999999996      0.8368574129904324     0.19757187455445002                2.458577
                    97.0                 36.5904      0.9281314473500554     0.21286549432600582                2.494904
                    98.0      36.691199999999995       0.666282698212505     0.39436590418805334                2.402344
                    99.0                  36.792      0.8795124344241763     0.28189055504393407                2.258732
                   100.0                 36.8928      0.7888729743325151     0.20742968179972077                2.369362
                   101.0                 36.9936      0.7609530391879388     0.24120573406346024                2.607136
                   102.0                 37.0944      0.8664529886019033     0.16996902842900227                2.476436
                   103.0                 37.1952      0.8113967736463815      0.2596613471902651                2.207608
                   104.0                  37.296      0.7418096194725498       0.183097293130986                2.173191
                   105.0                 37.3968      0.8576719993730455     0.08822823121511533                2.273822
                   106.0                 37.4976      0.8590980806596102      0.1568961543318422                2.714012
                   107.0                 37.5984      0.8212355284780429     0.16722737382894087                2.237032
                   108.0                 37.6992      0.9061121401850492     0.05237995493701669                2.705888
                   109.0                    37.8       1.093974333713932    -0.07455699243259362                2.466422
                   110.0      37.900800000000004      1.0923383113183265     0.20669620168388977                2.228634
                   111.0      38.001599999999996      1.1480542143898067     0.14499680184134317                2.344987
                   112.0                 38.1024      1.0792101147371178     0.27174918735345677                2.780582
                   113.0      38.203199999999995       1.016363554213873     0.13166108084758915                2.518732
                   114.0                  38.304      1.0068638350176764     0.21147327014968897                 2.59434
                   115.0                 38.4048      0.9599271065644404     0.21197584263962774                2.548801
                   116.0                 38.5056      1.1155323100744998     0.04188971845370193                2.580672
                   117.0                 38.6064       1.223365761058727     0.08136512432663456                2.362871
                   118.0                 38.7072       1.303059443874255      0.2832214351650566                2.068046
                   119.0                  38.808      1.4165290769547236      0.0592036533226617                2.332986
                   120.0                 38.9088       1.089074068281842     -0.0755261320999554                2.206031
                   121.0                 39.0096      1.2359372896209062     -0.0689195433497749                 2.29234
                   122.0                 39.1104       1.042708778842738     -0.3652438006330155                1.893439
                   123.0                 39.2112      1.0043457009785715    -0.38053576645782977                2.260254
                   124.0                  39.312       0.775194983745281     -0.4775797424350767                2.180071
                   125.0                 39.4128      1.0377033686169914     -0.2549411566462501                2.119843
                   126.0                 39.5136       1.193261704400542     -0.4520509819372637                2.398923
                   127.0                 39.6144      0.9920889180397994      -0.394819874025061                2.195696
                   128.0      39.715199999999996      1.3645430542630113      -0.646911584857127                1.726423
                   129.0                  39.816      1.0138326246197364   0.0015647795151195187                1.926983
                   130.0      39.916799999999995       0.792908680027776    -0.04712656475601146                2.203848
                   131.0                 40.0176       0.704272602447489    -0.08101714946890792                1.974099
                   132.0                 40.1184      0.5040932922369687     0.04016319945627886                2.379294
                   133.0                 40.2192     0.32184629901709816    -0.02564443195776059                2.225626
                   134.0                   40.32      0.5814673040540608     0.20090529659117823                2.233472
                   135.0                 40.4208      0.8681769944650451     0.09979795131184074                1.974016
                   136.0                 40.5216      0.9402991252544448     0.18398775114174779                2.195489
                   137.0                 40.6224      0.9335373788067743     0.27075724805730716                1.866463
                   138.0                 40.7232      1.1945481903284587      0.5819805320172162                1.824856
                   139.0                  40.824      0.5082323921471514      0.5712363637499912                 1.92455
                   140.0                 40.9248     0.49531507595689667     0.14929349858049312                 1.82382
                   141.0                 41.0256      0.7401177372689682    -0.23026809538092477                1.844162
                   142.0      41.126400000000004      0.9747869307665791    -0.02008114196044869                2.207155
                   143.0      41.227199999999996      0.6089170575004829    -0.11105663429900461                1.385422
                   144.0                  41.328      0.9004509412740744      0.2954599074565327                1.341684
                   145.0      41.428799999999995      0.7960612428789373    -0.21980314626161782                1.488899
                   146.0                 41.5296      0.4227353010934904    -0.30935836671252126                1.702045
                   147.0                 41.6304      0.6899652218475223    -0.43037514380475633                1.741867
                   148.0                 41.7312     0.32591450622127627     -0.5159325298799298                1.474698
                   149.0                  41.832      0.8336824981627289     -0.4919918561686897                1.379265
                   150.0                 41.9328      0.2630969033745313     -0.3606969536012124                 1.28017
                   151.0                 42.0336      0.8888385723809022      -0.350475458939116                1.347361
                   152.0                 42.1344      0.8903859062703807    -0.23182599684243205                1.351215
                   153.0                 42.2352      1.0619445191638894     0.12078679382610952                1.397886
                   154.0                  42.336                     nan                     nan                     nan
                   155.0                 42.4368      0.9291344883622715     -0.2280612591532165                0.993911
                   156.0                 42.5376      1.0685981611972575    -0.16012803632832023                 1.37417
                   157.0                 42.6384      1.5642285396378306    -0.26702960383718477                1.524826
                   158.0                 42.7392      1.2628613206051136    -0.47099663445117923                1.522518
                   159.0                   42.84      1.2893247461092896   -0.027642313855801293                2.149449
                   160.0      42.940799999999996       1.149603310544833     -0.3425807323899794                1.957375
                   161.0                 43.0416       1.603693327018687     -0.3012472790648103                1.849238
                   162.0      43.142399999999995      1.0700725509096471     -0.1007923461328118                1.969191
                   163.0                 43.2432      0.8580678233764516   -0.004627615791729878                2.045891
                   164.0      43.343999999999994      1.1607043187285604      0.5400141619677299                1.796484
                   165.0                 43.4448      1.1449030615634859     0.26289667232840286                2.025139
                   166.0                 43.5456      0.7263443149285745      0.3574075725908095                2.089784
                   167.0                 43.6464     0.38416997792206165     0.24149768117447146                1.939582
                   168.0                 43.7472      0.9510451225291218     -0.3575256412527329                2.033443
                   169.0                  43.848       1.047945075967487    -0.21343683393706864                2.025151
                   170.0                 43.9488      0.8422392943431958     -0.3369702039483599                  1.3721
                   171.0                 44.0496                     nan                     nan                     nan
                   172.0      44.150400000000005      1.5793107595012108     -0.5456764549875162                1.625374
                   173.0                 44.2512       1.168789494791663    -0.41266037593964755                2.035311
                   174.0      44.352000000000004       1.145498614324949    -0.43075460131917054                 2.06842
                   175.0      44.452799999999996      1.1723914135510967    -0.14027722632453715                1.994679
                   176.0                 44.5536       0.871275089018336     -0.4734841940320884                1.944497
                   177.0      44.654399999999995      1.1461599350618736     -0.3165288786693183                1.915792
                   178.0                 44.7552      1.8460032484688256    -0.08112789561159173                1.557676
                   179.0      44.855999999999995       1.274475428354683      0.2376320724279515                1.590186
                   180.0                 44.9568      1.4743081051849947    -0.07674452336891308                1.412909
                   181.0                 45.0576      1.6984100292551656     -0.3724027916653637                1.314075
                   182.0                 45.1584      1.4618461310751278     -0.6107702035485211                1.068135
                   183.0                 45.2592       2.030967777918756     -0.9655608134806352                1.412006
                   184.0                   45.36      2.2374021835555924      -1.437687155377962                1.360094
                   185.0                 45.4608      2.4163500638152486     -1.7857124959389359                1.023186
                   186.0                 45.5616       3.032704217510281      -1.667846520005037                1.131235
                   187.0                 45.6624       3.284059699042228     -2.1304758297118966                0.973263
                   188.0                 45.7632      3.7992617176777888      -2.251610565423176                0.835774
                   189.0      45.864000000000004      3.6059214016533367     -2.5010720536825093                0.746877
                   190.0                 45.9648       3.277846474669971       -2.05248150530365                0.748054
                   191.0                 46.0656                     nan                     nan                     nan
                   192.0      46.166399999999996                     nan                     nan                     nan
                   193.0                 46.2672      3.4860823111741563     -2.2543090879884495                0.562563
                   194.0      46.367999999999995      3.1773512468227523     -1.6737615524718148                0.636651
                   195.0                 46.4688       2.759022073232325     -1.0582685573182138                0.714485
                   196.0                 46.5696                     nan                     nan                     nan
                   197.0                 46.6704                     nan                     nan                     nan
                   198.0                 46.7712      3.1899756725177353     -1.1827546417130477                0.498177
                   199.0                  46.872                     nan                     nan                     nan
                   200.0                 46.9728       2.591553668368355     -1.1696396644031024                0.446316
                   201.0                 47.0736       2.501967596258563     -1.3462668765645731                0.641188
                   202.0                 47.1744                     nan                     nan                     nan
                   203.0                 47.2752       3.636832348411154     -0.5769696534585638                0.539462
                   204.0      47.376000000000005                     nan                     nan                     nan
                   205.0                 47.4768                     nan                     nan                     nan
                   206.0      47.577600000000004       2.824918171662178       -0.83913407556618                0.725499
                   207.0      47.678399999999996                     nan                     nan                     nan
                   208.0                 47.7792                     nan                     nan                     nan
                   209.0      47.879999999999995      0.7517461410190889     -1.0015522694771022                0.655061
                   210.0      47.980799999999995                     nan                     nan                     nan
                   211.0      48.081599999999995                     nan                     nan                     nan
                   212.0      48.182399999999994                     nan                     nan                     nan
#-----------------------------------------------------------------------------------------------------------------------
# experiment: raw_data
# path: /Users/andreapicco/Google Drive/RESEARCH/EvoCellBio/Protein_tracking/Data/Sla1/18_degree/Sc/raw_data
# file: 09.sla1.txt
# protein: Sla1-GFP
# date: 23/09/22
# notes: in EMM media, at 18 deg C
# t_unit: s
# delta_t: 0.1008
# coord_unit: pxl
# intensity_normalisation: None
# l_cm: (112.65456517609793, 104.8183336800095)
# r_cm: (120.35099899572583, 180.0299718724408)
# m_angle: 0.9679308972026868
# m_lag: 266
# trajalign_version: 1.83
# lie_down_angle: 1.9420720739643724
# lie_down_translation: (-120.5070625169662, -180.38978709748375)
