#                 frames                   t (s)                 x (pxl)                 y (pxl)                       f
                   -52.0      -6.047999999999991                     nan                     nan                     nan
                   -51.0      -5.947199999999992                     nan                     nan                     nan
                   -50.0      -5.846399999999992                     nan                     nan                     nan
                   -49.0     -5.7455999999999925                     nan                     nan                     nan
                   -48.0      -5.644799999999993                     nan                     nan                     nan
                   -47.0      -5.543999999999993                     nan                     nan                     nan
                   -46.0      -5.443199999999994                     nan                     nan                     nan
                   -45.0      -5.342399999999994                     nan                     nan                     nan
                   -44.0      -5.241599999999995                     nan                     nan                     nan
                   -43.0      -5.140799999999995                     nan                     nan                     nan
                   -42.0      -5.039999999999996                     nan                     nan                     nan
                   -41.0      -4.939199999999996                     nan                     nan                     nan
                   -40.0     -4.8383999999999965                     nan                     nan                     nan
                   -39.0      -4.737599999999997                     nan                     nan                     nan
                   -38.0      -4.636799999999997                     nan                     nan                     nan
                   -37.0      -4.535999999999998                     nan                     nan                     nan
                   -36.0      -4.435199999999998                     nan                     nan                     nan
                   -35.0      -4.334399999999999                     nan                     nan                     nan
                   -34.0      -4.233599999999999                     nan                     nan                     nan
                   -33.0                 -4.1328                     nan                     nan                     nan
                   -32.0                  -4.032                     nan                     nan                     nan
                   -31.0                 -3.9312                     nan                     nan                     nan
                   -30.0                 -3.8304                     nan                     nan                     nan
                   -29.0                 -3.7296                     nan                     nan                     nan
                   -28.0                 -3.6288                     nan                     nan                     nan
                   -27.0                  -3.528                     nan                     nan                     nan
                   -26.0                 -3.4272                     nan                     nan                     nan
                   -25.0                 -3.3264                     nan                     nan                     nan
                   -24.0                 -3.2256                     nan                     nan                     nan
                   -23.0                 -3.1248                     nan                     nan                     nan
                   -22.0                  -3.024                     nan                     nan                     nan
                   -21.0                 -2.9232                     nan                     nan                     nan
                   -20.0                 -2.8224                     nan                     nan                     nan
                   -19.0                 -2.7216                     nan                     nan                     nan
                   -18.0                 -2.6208                     nan                     nan                     nan
                   -17.0                   -2.52                     nan                     nan                     nan
                   -16.0                 -2.4192                     nan                     nan                     nan
                   -15.0                 -2.3184                     nan                     nan                     nan
                   -14.0                 -2.2176                     nan                     nan                     nan
                   -13.0                 -2.1168                     nan                     nan                     nan
                   -12.0                  -2.016                     nan                     nan                     nan
                   -11.0                 -1.9152                     nan                     nan                     nan
                   -10.0                 -1.8144                     nan                     nan                     nan
                    -9.0                 -1.7136                     nan                     nan                     nan
                    -8.0                 -1.6128                     nan                     nan                     nan
                    -7.0                  -1.512                     nan                     nan                     nan
                    -6.0                 -1.4112                     nan                     nan                     nan
                    -5.0                 -1.3104                     nan                     nan                     nan
                    -4.0                 -1.2096                     nan                     nan                     nan
                    -3.0                 -1.1088                     nan                     nan                     nan
                    -2.0                  -1.008                     nan                     nan                     nan
                    -1.0                 -0.9072                     nan                     nan                     nan
                     0.0                 -0.8064    -0.22441840478967495     0.03711528087749756                0.931307
                     1.0                 -0.7056     0.05789493557341249     0.25867543053676045                1.248272
                     2.0                 -0.6048       0.226068125639173      0.5213004150319602                1.043821
                     3.0                  -0.504    -0.12365623433343965     0.26666119101738084                1.350066
                     4.0    -0.40319999999999956                     nan                     nan                     nan
                     5.0                 -0.3024     0.00918035145553453     0.14131896481278003                1.163173
                     6.0    -0.20159999999999956                     nan                     nan                     nan
                     7.0                 -0.1008    -0.17924452563854765      0.3243154459321969                1.133101
                     8.0                     0.0     -0.1251079995902497     0.21444030112035156                1.291407
                     9.0                  0.1008    -0.24543628676353796     0.29881112033494617                1.178975
                    10.0                  0.2016      0.2181793416995495     0.33493784693430767                1.131095
                    11.0                  0.3024    -0.22667373714742184     0.16635650661045068                1.355738
                    12.0                  0.4032    -0.18959038492950658    0.013968592807271668                1.040234
                    13.0                   0.504    -0.11717318781888017     0.29126063232994825                0.979386
                    14.0                  0.6048    -0.30842657999009765    -0.04671153686895027                1.286553
                    15.0                  0.7056    -0.19395644131329168     0.09529950753012269                1.222725
                    16.0                  0.8064    -0.08469689366706978    0.030585280677417274                1.040802
                    17.0                  0.9072     -0.0333749442264915      -0.149778552755493                1.203769
                    18.0      1.0080000000000005                     nan                     nan                     nan
                    19.0                  1.1088    -0.39787951075028255   -0.038348821376003955                1.139294
                    20.0                  1.2096     -0.1052489788420553    -0.04964880987616481                1.249935
                    21.0                  1.3104     0.16329242506135344     0.13346616741841624                1.210766
                    22.0                  1.4112     0.04499269991792065     0.02600111076749813                1.302525
                    23.0      1.5120000000000005                     nan                     nan                     nan
                    24.0                  1.6128    -0.13698970661876383    -0.20669418027020728                1.504466
                    25.0                  1.7136     -0.0910851405863668    0.039222562037776854                1.076804
                    26.0                  1.8144    -0.14953527186850912      0.0785917214662114                1.322572
                    27.0                  1.9152    -0.23699767248667136    -0.13764116008307867                1.243352
                    28.0                   2.016    -0.09478458669189899    -0.08277884757502671                1.204082
                    29.0                  2.1168     -0.5000438253699586      0.1250276031022156                1.153865
                    30.0                  2.2176    -0.13225010076489874    -0.22888323762626642                0.990758
                    31.0                  2.3184     0.15023796144845764    -0.11979078667322737                1.124778
                    32.0                  2.4192   -0.061730332695430094    -0.07616275138939177                1.390582
                    33.0                    2.52     0.07748392016127931     -0.3727446260775544                1.589319
                    34.0                  2.6208    -0.25089518586541626     -0.2514043357898487                1.259099
                    35.0                  2.7216    0.038232235575126804    0.004559790312130333                1.275595
                    36.0                  2.8224    -0.10116650498053327     0.32915259169484307                1.058662
                    37.0                  2.9232      0.2589007455065599    -0.12389802354770067                1.068949
                    38.0                   3.024     0.13709468026707894   -0.006530299296609365                1.305573
                    39.0                  3.1248     0.11060278465633488     -0.1789328021669272                1.138662
                    40.0                  3.2256      0.1115100721346219      -0.279831795171991                 1.32824
                    41.0      3.3263999999999996    -0.20646970714842777    0.007040024237159895                1.330062
                    42.0                  3.4272    -0.06759144642815831    0.022347145041446075                1.360669
                    43.0      3.5280000000000005    -0.11204916473477908   -0.004316608332173205                 0.92064
                    44.0                  3.6288   -0.013993581537227386   -0.033042572019871805                1.313673
                    45.0      3.7295999999999996     -0.0722537713568554    -0.14202838443681481                1.409522
                    46.0                  3.8304     -0.2383553734955002    -0.17985393422753626                1.249913
                    47.0      3.9312000000000005     0.12137698807426157   -0.013478909886610962                 1.40785
                    48.0                   4.032     0.12391722022054805    0.019128828177278276                1.423296
                    49.0                  4.1328    0.024277248310288782     -0.2786856238792443                1.200186
                    50.0                  4.2336    -0.02106681151672013    -0.03557586585540996                1.471917
                    51.0      4.3344000000000005    -0.12437562591961024    -0.28149118767101206                1.240996
                    52.0                  4.4352     0.17815913262931862     -0.0699529553210378                 1.34976
                    53.0                   4.536     0.04837605791262182    -0.10488543565221409                1.398828
                    54.0                  4.6368    0.013000741468956033     0.08071617842350223                1.484495
                    55.0      4.7376000000000005    -0.06292961081425236     0.05516565484472712                1.400113
                    56.0                  4.8384     0.28174437261435986    -0.14650132652667822                 1.56365
                    57.0                  4.9392     0.07933644525781257    -0.07320007845940753                1.654489
                    58.0                    5.04     0.18388521042788405    -0.23941522105899754                1.586326
                    59.0      5.1408000000000005     0.12556050535880647    -0.21347345800014236                1.226137
                    60.0                  5.2416     0.09388882136881793    0.017995522215886302                1.403319
                    61.0                  5.3424    0.022621971220640427     0.18098443381403975                1.558681
                    62.0                  5.4432     0.39812343415645013    0.038385891191537236                1.408068
                    63.0      5.5440000000000005     0.19572188222041806     0.02199093440960964                1.523377
                    64.0                  5.6448      0.2215485856864014    -0.20719483673267372                1.220893
                    65.0                  5.7456      0.5294808654582369    -0.14672966490193454                1.103689
                    66.0                  5.8464      0.4880007551794862     -0.2206004420689786                1.445869
                    67.0      5.9472000000000005     0.38871165944551084     -0.2430011216196261                 1.28182
                    68.0                   6.048      0.7860747541600778     -0.1698713633890391                1.342799
                    69.0                  6.1488      0.8010911335081694    0.033182678031660195                1.497333
                    70.0                  6.2496      0.9216062921241921     0.19328040590046847                 1.18994
                    71.0      6.3504000000000005      0.5890454810033372      0.1914599961596844                 1.07214
                    72.0                  6.4512      0.6345962090756235      0.1827339514037271                1.051447
                    73.0                   6.552      0.6398466098324241      0.2728020772413071                1.071068
                    74.0                  6.6528      0.8808769457111684     -0.2505533389790482                0.879296
                    75.0      6.7536000000000005      0.8725731949113518      0.3629998767183808                1.041025
                    76.0                  6.8544      0.8065335979541011      0.5698478537201483                1.376239
                    77.0                  6.9552      0.6462982171201517  -0.0010852501387756952                1.149834
                    78.0                   7.056      0.7919301414368152   -0.004315012487475178                1.074325
                    79.0      7.1568000000000005      0.8014635651187672     0.13637131643578454                1.258963
                    80.0                  7.2576      0.9475592556863246      0.2518581713353239                1.123986
                    81.0                  7.3584      0.5559301518799782     0.46545944344024287                0.748715
                    82.0       7.459199999999999                     nan                     nan                     nan
                    83.0       7.559999999999999                     nan                     nan                     nan
                    84.0       7.660799999999998                     nan                     nan                     nan
                    85.0       7.761599999999998                     nan                     nan                     nan
                    86.0       7.862399999999997                     nan                     nan                     nan
                    87.0       7.963199999999997                     nan                     nan                     nan
                    88.0       8.063999999999997                     nan                     nan                     nan
                    89.0       8.164799999999996                     nan                     nan                     nan
                    90.0       8.265599999999996                     nan                     nan                     nan
                    91.0       8.366399999999995                     nan                     nan                     nan
                    92.0       8.467199999999995                     nan                     nan                     nan
#-----------------------------------------------------------------------------------------------------------------------
# experiment: raw_data
# path: /Users/andreapicco/Google Drive/RESEARCH/EvoCellBio/Protein_tracking/Data/Sla1/27_degree/Um/raw_data
# file: 14.usla1.txt
# protein: Sla1-GFP
# date: 27/01/23
# notes: in EMM media, at 27 deg C
# t_unit: s
# delta_t: 0.1008
# coord_unit: pxl
# intensity_normalisation: None
# l_cm: (70.04442576855551, 116.1665256916405)
# r_cm: (152.61752985326254, 125.5696977850833)
# m_angle: 3.044904459090671
# m_lag: -8
# trajalign_version: 1.83
# lie_down_angle: 2.579765994927637
# lie_down_translation: (-152.7251940947665, -125.63554768322167)
