   1.7000000e+02   8.5906418e+01   8.9074348e+01   8.0108900e-01   1.5271130e+00   1.8632110e+00
   1.7200000e+02   8.6653969e+01   8.8989342e+01   1.0332780e+00   2.0109770e+00   3.5111866e+01
   1.7500000e+02   8.6471825e+01   8.8670685e+01   1.0356150e+00   2.0659950e+00   2.3717220e+01
   1.7800000e+02   8.6211510e+01   8.9151756e+01   1.0542210e+00   2.1409520e+00   5.9376080e+01
   1.7900000e+02   8.6294273e+01   8.8797455e+01   1.0643050e+00   2.0515310e+00   3.0236925e+01
   1.8000000e+02   8.6575981e+01   8.8910721e+01   1.5200350e+00   2.2896120e+00   6.0145088e+01
   1.8200000e+02   8.6374023e+01   8.9061966e+01   1.2091430e+00   2.6371190e+00   3.7483906e+01
   1.8300000e+02   8.5995270e+01   8.9089615e+01   1.4656310e+00   2.1181110e+00   4.9076889e+01
   1.8400000e+02   8.5390877e+01   8.8535210e+01   1.8085410e+00   2.5436050e+00   3.4729496e+01
   1.8600000e+02   8.5898705e+01   8.9136627e+01   1.4746830e+00   2.1601580e+00   2.5441278e+01
   1.8700000e+02   8.6138641e+01   8.8467133e+01   1.4408550e+00   2.2415850e+00   5.3957207e+01
   1.8800000e+02   8.5987778e+01   8.9111626e+01   1.6196880e+00   2.3759840e+00   3.4703857e+01
   1.8900000e+02   8.6254272e+01   8.8727669e+01   2.3048650e+00   2.6509860e+00   1.1818354e+01
   1.9000000e+02   8.6410904e+01   8.8962486e+01   1.9417750e+00   2.2498840e+00   1.7547062e+01
   1.9100000e+02   8.6244583e+01   8.8955688e+01   1.8937680e+00   2.1160360e+00   1.5319629e+01
   1.9200000e+02   8.6210190e+01   8.9265297e+01   1.5155340e+00   2.1753990e+00   2.9620333e+01
   1.9300000e+02   8.6194649e+01   8.8966232e+01   1.8223660e+00   1.9276660e+00   1.7683990e+01
   1.9400000e+02   8.6277275e+01   8.8919891e+01   2.3749570e+00   2.0018360e+00   1.5729834e+01
   1.9500000e+02   8.6441856e+01   8.9361710e+01   2.6695780e+00   2.4807290e+00   7.8407000e-01
   1.9600000e+02   8.6040680e+01   8.9276863e+01   2.0125410e+00   2.2605100e+00   2.5371721e+01
   1.9700000e+02   8.6430962e+01   8.9069725e+01   1.9336540e+00   2.1680620e+00   2.6198210e+01
   1.9800000e+02   8.6188858e+01   8.8968292e+01   2.5242350e+00   2.0431090e+00   5.9868750e+00
   1.9900000e+02   8.6115295e+01   8.9071144e+01   1.8984890e+00   2.2644790e+00   3.5355812e+01
   2.0000000e+02   8.5779137e+01   8.9085121e+01   2.3633410e+00   2.1294380e+00   1.3360499e+01
   2.0100000e+02   8.6236748e+01   8.8806900e+01   2.2954360e+00   2.0834260e+00   2.0804827e+01
   2.0200000e+02   8.6101074e+01   8.8775078e+01   1.7853550e+00   1.9783260e+00   1.6174906e+01
   2.0300000e+02   8.5891487e+01   8.8961906e+01   1.9312730e+00   2.0741600e+00   1.8394423e+01
   2.0400000e+02   8.6033638e+01   8.8825676e+01   2.0055110e+00   1.9593020e+00   4.4804710e+00
   2.0500000e+02   8.6051163e+01   8.8849968e+01   2.1960600e+00   2.0152080e+00   1.9612600e+01
   2.0600000e+02   8.5908310e+01   8.9099373e+01   1.6167970e+00   1.9909990e+00   4.0450493e+01
   2.0700000e+02   8.5911514e+01   8.8714218e+01   1.4833810e+00   1.9346980e+00   4.3309471e+01
   2.0800000e+02   8.5995956e+01   8.8944809e+01   2.1097510e+00   2.2839280e+00   1.9179277e+01
   2.1000000e+02   8.6315109e+01   8.8545876e+01   1.7985500e+00   2.5595420e+00   1.7702248e+01
   2.1100000e+02   8.6295494e+01   8.9142319e+01   1.8552000e+00   2.4537960e+00   2.9483662e+01
   2.1200000e+02   8.6857719e+01   8.9015427e+01   1.9628430e+00   2.1898620e+00   1.4668941e+01
   2.1300000e+02   8.6517883e+01   8.9226990e+01   1.9123160e+00   2.3002180e+00   2.1268740e+01
   2.1400000e+02   8.6872414e+01   8.9020470e+01   1.8009350e+00   2.1629530e+00   3.3845406e+01
   2.1500000e+02   8.6850800e+01   8.9263016e+01   1.5284210e+00   1.8976960e+00   7.4209760e+00
   2.1700000e+02   8.6843948e+01   8.8254036e+01   1.9107730e+00   2.3588030e+00   3.2678997e+01
   2.1800000e+02   8.6406578e+01   8.8308846e+01   1.7728000e+00   2.4190430e+00   1.4353546e+01
   2.2000000e+02   8.6113846e+01   8.8271751e+01   1.3028740e+00   1.9109370e+00   3.1231279e+01
   2.2100000e+02   8.6710564e+01   8.8062202e+01   1.5551060e+00   2.4112730e+00   4.9096294e+01
   2.2300000e+02   8.6690514e+01   8.7350960e+01   9.3016800e-01   2.0812020e+00   5.0652481e+01
