   5.8000000e+01   1.3883022e+02   6.5945953e+01   8.5694400e-01   1.8858760e+00   1.6786722e+01
   6.0000000e+01   1.3790535e+02   6.5755814e+01   1.0691400e+00   2.4341000e+00   1.2053939e+02
   6.2000000e+01   1.3820609e+02   6.7087914e+01   1.0313880e+00   2.4188510e+00   5.5108170e+01
   6.3000000e+01   1.3794028e+02   6.6851257e+01   1.1933860e+00   2.1098210e+00   8.4383598e+01
   6.5000000e+01   1.3759129e+02   6.6031998e+01   1.5441140e+00   2.1452830e+00   3.8795456e+01
   6.6000000e+01   1.3765735e+02   6.6115341e+01   2.1137800e+00   2.1215370e+00   2.9623671e+01
   6.7000000e+01   1.3770563e+02   6.6556038e+01   1.6704920e+00   2.2763040e+00   5.0759644e+01
   6.8000000e+01   1.3785773e+02   6.6422119e+01   1.4649430e+00   2.5487230e+00   5.6007504e+01
   6.9000000e+01   1.3772974e+02   6.6807091e+01   1.9346780e+00   2.4868310e+00   7.2699379e+01
   7.0000000e+01   1.3790187e+02   6.6352516e+01   1.7603800e+00   2.4023560e+00   1.0345600e+02
   7.2000000e+01   1.3784187e+02   6.6903419e+01   1.7055680e+00   2.4598500e+00   7.1328445e+01
   7.3000000e+01   1.3802927e+02   6.6004250e+01   1.7173660e+00   2.1509470e+00   6.1711319e+01
   7.5000000e+01   1.3845453e+02   6.6165237e+01   1.4011720e+00   2.2691330e+00   7.5559509e+01
   7.8000000e+01   1.3785725e+02   6.5687202e+01   1.1521210e+00   1.9422840e+00   2.0167160e+00
   7.9000000e+01   1.3760944e+02   6.5156525e+01   1.4642010e+00   1.9436910e+00   3.5708447e+01
