   1.6600000e+02   1.1449653e+02   1.3064168e+02   1.2356760e+00   2.1602130e+00   8.6131264e+01
   1.6800000e+02   1.1462525e+02   1.2958701e+02   1.3335480e+00   2.7233800e+00   2.4941067e+01
   1.6900000e+02   1.1472989e+02   1.3021192e+02   1.8863000e+00   2.5950520e+00   4.2965839e+01
   1.7000000e+02   1.1427665e+02   1.3086681e+02   1.7860420e+00   2.5442910e+00   4.1028316e+01
   1.7100000e+02   1.1395856e+02   1.3090125e+02   2.2285340e+00   2.1756920e+00   4.8217064e+01
   1.7200000e+02   1.1390737e+02   1.3070841e+02   2.0988620e+00   2.2268420e+00   5.1212357e+01
   1.7400000e+02   1.1427430e+02   1.3052494e+02   3.4369350e+00   2.2704260e+00   6.8139210e+00
   1.7500000e+02   1.1444780e+02   1.3009082e+02   3.7503160e+00   2.5856890e+00   7.3168770e+00
   1.7600000e+02   1.1438188e+02   1.3003670e+02   3.6381760e+00   2.2340420e+00   3.4973310e+00
   1.7700000e+02   1.1374200e+02   1.2958323e+02   3.3539900e+00   2.5416650e+00   1.9000721e+01
   1.7800000e+02   1.1385045e+02   1.2992206e+02   3.7666530e+00   2.3727590e+00   1.5293700e+00
   1.8000000e+02   1.1324876e+02   1.2939276e+02   3.1630080e+00   2.0395280e+00   2.4376213e+01
   1.8100000e+02   1.1368069e+02   1.2912843e+02   2.4531430e+00   2.4098710e+00   5.5301533e+01
   1.8200000e+02   1.1342096e+02   1.2901708e+02   2.3222310e+00   2.2413890e+00   5.3543400e+01
   1.8400000e+02   1.1307049e+02   1.2884556e+02   3.0339700e+00   2.3105600e+00   4.7671140e+00
   1.8500000e+02   1.1264602e+02   1.2886984e+02   2.3241570e+00   2.6289320e+00   5.4983238e+01
