   9.8000000e+01   1.0906382e+02   3.5960372e+01   1.4400370e+00   1.9651740e+00   2.5950020e+01
   9.9000000e+01   1.0870776e+02   3.6123630e+01   1.4689930e+00   2.1674390e+00   4.9434078e+01
   1.0000000e+02   1.0899250e+02   3.6013714e+01   1.8100470e+00   2.8832240e+00   1.3866875e+01
   1.0200000e+02   1.0906035e+02   3.5818593e+01   2.4147940e+00   2.3350440e+00   2.7415031e+01
   1.0300000e+02   1.0920843e+02   3.5702553e+01   1.8439960e+00   2.4388110e+00   2.9985588e+01
   1.0500000e+02   1.0951022e+02   3.5782647e+01   2.5286850e+00   2.2472700e+00   6.2318700e-01
   1.0600000e+02   1.0891532e+02   3.5536262e+01   3.0216690e+00   2.3924960e+00   8.5176130e+00
   1.0700000e+02   1.0902154e+02   3.5898049e+01   2.9932340e+00   2.3663790e+00   1.9237267e+01
   1.0800000e+02   1.0927184e+02   3.5817038e+01   2.4531670e+00   2.0179380e+00   7.3957740e+00
   1.1000000e+02   1.0878281e+02   3.5612801e+01   3.5119570e+00   2.4461130e+00   1.2861130e+00
   1.1100000e+02   1.0861115e+02   3.6015153e+01   4.2172680e+00   2.1654090e+00   1.0000000e-06
   1.1300000e+02   1.0901495e+02   3.5980384e+01   3.4770620e+00   2.1949590e+00   3.6100000e-04
   1.1400000e+02   1.0857865e+02   3.5747890e+01   3.8182360e+00   2.3703930e+00   3.2000000e-05
   1.1500000e+02   1.0868345e+02   3.5851495e+01   3.6765540e+00   2.4546080e+00   2.2700000e-03
   1.1600000e+02   1.0898398e+02   3.5837363e+01   3.4237630e+00   2.1083370e+00   2.4733000e-02
   1.1700000e+02   1.0870505e+02   3.6184556e+01   2.9815270e+00   2.3765950e+00   9.3427000e-02
   1.1900000e+02   1.0903930e+02   3.5863494e+01   4.0849830e+00   2.2523270e+00   7.2286700e-01
   1.2000000e+02   1.0877071e+02   3.5731201e+01   3.6966740e+00   2.5044850e+00   1.2207470e+01
   1.2100000e+02   1.0907738e+02   3.6056094e+01   3.3630100e+00   2.3462670e+00   9.2287550e+00
   1.2200000e+02   1.0897849e+02   3.6216720e+01   2.8033720e+00   2.1310290e+00   3.2464460e+00
   1.2300000e+02   1.0896537e+02   3.5854804e+01   2.8035630e+00   2.1536930e+00   1.1213863e+01
   1.2400000e+02   1.0930308e+02   3.5802305e+01   1.9901370e+00   2.0839850e+00   9.9192950e+00
   1.2500000e+02   1.0896615e+02   3.5948843e+01   1.4951190e+00   2.8126660e+00   4.1245750e+01
   1.2700000e+02   1.0883698e+02   3.5799246e+01   2.5309450e+00   2.3946160e+00   6.8255170e+00
   1.2900000e+02   1.0915294e+02   3.5631076e+01   2.1354320e+00   2.2967450e+00   3.2064632e+01
   1.3000000e+02   1.0922187e+02   3.5764774e+01   1.2766070e+00   2.4848590e+00   1.0078077e+02
   1.3100000e+02   1.0921846e+02   3.5696934e+01   1.2805690e+00   2.1775970e+00   5.1680172e+01
   1.3400000e+02   1.0912729e+02   3.6409634e+01   1.2737260e+00   2.2201900e+00   2.6356428e+01
