   1.4200000e+02   4.6243275e+01   1.2327844e+02   2.5499000e-01   2.3803470e+00   8.7644295e+01
   1.4300000e+02   4.5926910e+01   1.2343839e+02   3.0880800e-01   2.3171660e+00   9.1466270e+01
   1.4400000e+02   4.5893181e+01   1.2318394e+02   2.3645500e-01   1.8904510e+00   2.7865633e+01
   1.4500000e+02   4.5921307e+01   1.2308018e+02   4.1614500e-01   2.0515190e+00   2.7164440e+01
   1.4600000e+02   4.5581600e+01   1.2316481e+02   4.2182100e-01   2.1383880e+00   4.5416618e+01
   1.4700000e+02   4.5732368e+01   1.2283263e+02   4.5022900e-01   2.5546570e+00   7.0318542e+01
   1.4800000e+02   4.5584740e+01   1.2283400e+02   3.7149400e-01   2.1397520e+00   7.8010979e+01
   1.4900000e+02   4.5764851e+01   1.2280057e+02   5.5726800e-01   2.0867080e+00   6.4655998e+01
   1.5000000e+02   4.5625290e+01   1.2269770e+02   4.4713900e-01   2.3182330e+00   8.7518814e+01
   1.5100000e+02   4.5877003e+01   1.2268777e+02   5.2538600e-01   2.1008450e+00   6.0969311e+01
   1.5200000e+02   4.5734497e+01   1.2264195e+02   7.0746100e-01   2.3830090e+00   4.0596115e+01
   1.5300000e+02   4.5667755e+01   1.2266642e+02   8.3389900e-01   2.3913940e+00   2.8365999e+01
   1.5400000e+02   4.5464291e+01   1.2268350e+02   8.8680100e-01   2.4237410e+00   1.9702108e+01
   1.5500000e+02   4.5289528e+01   1.2271995e+02   6.9261700e-01   2.1973570e+00   5.1198547e+01
   1.5600000e+02   4.5031780e+01   1.2295457e+02   7.5143500e-01   2.2558620e+00   5.2794624e+01
   1.5700000e+02   4.4915733e+01   1.2304831e+02   6.6114600e-01   2.0175340e+00   3.8309681e+01
   1.5800000e+02   4.4822113e+01   1.2276585e+02   5.8616100e-01   2.2167630e+00   6.5134010e+01
   1.5900000e+02   4.5175507e+01   1.2297022e+02   6.0677100e-01   2.5029060e+00   8.6573967e+01
   1.6000000e+02   4.4821388e+01   1.2279112e+02   4.7093300e-01   2.0307910e+00   7.7709290e+01
   1.6100000e+02   4.4782623e+01   1.2286962e+02   4.0538300e-01   1.9902120e+00   9.0487030e+01
   1.6200000e+02   4.4322266e+01   1.2317245e+02   5.3646500e-01   2.1532580e+00   8.1895767e+01
   1.6300000e+02   4.3843761e+01   1.2355196e+02   4.3291800e-01   2.4137360e+00   1.1749357e+02
   1.6400000e+02   4.3259224e+01   1.2310742e+02   3.3242000e-01   2.4635030e+00   1.6689153e+02
   1.6700000e+02   4.2626541e+01   1.2410501e+02   2.5204000e-01   2.5112460e+00   1.2106454e+02
