%% Trajectory 161
170 29.087721 131.084091 2.020183 1.950823 75.285660
171 29.053900 130.952621 1.862368 2.685194 36.188721
173 29.038609 131.353821 1.610676 2.362767 65.588470
174 29.273037 131.585129 1.682891 2.128279 33.263100
175 29.352951 131.370255 1.357355 2.187450 34.763706
176 29.684242 131.258942 1.445348 2.303699 110.765579
177 29.857332 131.776291 1.291234 2.166506 49.896828
179 29.151894 131.364059 1.377670 2.026625 52.954189
182 29.655798 131.281525 2.467736 2.019519 60.894119
183 29.649027 131.186081 2.080745 2.197826 61.587723
184 29.704718 130.786758 1.836529 2.069012 54.303970
185 29.094612 131.156998 2.039319 2.115026 62.027306
186 29.660427 131.298889 2.387971 2.359885 42.952347
187 29.628130 131.329071 1.728032 1.992571 40.800316
188 29.444611 131.050705 2.140366 2.156350 47.983700
190 29.693159 131.409958 3.454471 2.203101 12.740996
192 29.562445 131.197922 4.676914 2.095472 0.496037
194 29.474266 131.254883 2.987218 2.240347 59.533627
195 29.310682 130.955917 3.086126 2.118007 24.113874
196 29.532610 131.382568 2.632113 2.174109 55.879456
197 29.511898 131.263687 3.001816 2.243158 54.349148
198 29.562811 131.257355 2.813843 2.349612 41.538780
199 29.518051 131.224823 2.329024 2.133843 77.029922
200 29.500170 131.308197 2.778581 2.268510 73.757210
201 29.592968 131.188309 3.287822 2.139880 27.103615
202 29.376101 131.067154 3.553267 1.985407 15.739508
203 29.475508 131.212219 2.713850 2.187788 56.729965
204 29.432846 131.317093 3.387141 2.155273 26.521740
205 29.502628 131.240631 2.864592 2.253555 40.024715
207 29.579308 131.116547 3.726808 2.244009 6.104431
209 29.572674 131.248474 4.463670 2.096195 0.104701
210 29.550425 131.265671 4.502614 2.344341 0.387618
211 29.407295 131.229950 4.270583 2.178305 17.813908
212 29.539833 131.214584 4.414238 2.272324 6.551620
213 29.708334 131.131546 4.129469 1.947291 2.143183
214 29.607836 131.193314 3.981381 2.160895 0.832384
215 29.471521 131.238495 3.758006 2.298776 0.745687
216 29.582586 131.196716 4.396687 2.111833 0.015362
217 29.564270 131.253006 4.315695 2.207765 10.548937
218 29.170490 131.171524 4.570382 2.011031 0.034333
219 29.397106 131.422104 5.007954 2.258481 0.000798
221 29.530375 131.016953 4.377246 2.137423 14.753091
223 29.569851 131.159546 4.262738 2.067257 9.754357
224 29.294619 131.051483 4.049621 2.043670 20.056152
225 29.488697 131.136322 4.601724 2.158963 1.303855
227 29.292542 131.210266 2.853731 1.972236 36.354744
228 29.456160 130.970917 3.709888 2.103555 15.234989
229 29.489513 131.183670 3.712382 2.222311 26.360922
230 29.605412 131.000397 3.155328 2.142169 18.830862
231 29.402802 130.778687 3.824659 2.128484 19.887848
232 29.119741 130.516678 4.643466 2.156708 7.386380
234 29.149282 130.340302 2.813933 1.962562 44.009441
235 29.075642 130.273346 2.513990 2.061635 76.250732
