%% Trajectory 6
0 90.247849 42.467457 1.392538 2.284251 58.102623
1 90.143051 42.274300 1.248714 2.135965 46.398960
2 90.081345 42.378868 1.348950 2.165623 60.367176
3 90.425728 42.292137 1.213456 2.256267 52.564098
4 90.433289 42.496510 1.262150 2.505237 45.810257
5 90.204697 42.613255 1.177976 2.421445 65.530281
6 90.279541 42.402988 1.384081 2.398471 53.850906
7 90.194839 42.632706 1.219035 2.103502 42.546608
8 90.154358 42.324459 1.550828 2.010680 62.779671
9 90.079918 42.586601 1.570443 2.115760 79.940819
10 89.934593 42.672855 1.396355 2.019974 27.702332
11 90.392876 42.187538 2.039700 2.205394 50.250008
12 89.990997 42.390171 1.620820 2.162400 65.615753
13 90.227371 42.362812 1.495749 1.933214 25.537373
15 89.989967 42.178780 1.283824 2.031276 34.510593
18 89.914185 42.671436 1.224482 1.981295 18.911020
20 90.164978 42.192478 1.174681 2.274896 44.856628
21 90.579620 42.296658 1.236473 2.127569 35.672039
22 90.372963 42.449757 1.370806 2.303817 46.576107
23 90.174431 42.255890 1.727735 2.213155 47.531872
24 90.350426 42.397892 1.196838 2.301537 34.401119
25 90.471230 42.370144 1.635386 2.273115 60.052231
26 90.256287 42.075211 1.794568 2.197227 46.017513
27 90.408157 42.234272 1.669493 2.210983 59.233192
28 90.030663 42.445396 1.554747 2.155078 50.295010
29 90.012230 42.378872 1.774778 2.162009 59.888351
30 90.377319 42.566612 1.727284 2.117071 44.170231
31 90.366829 42.342911 1.808431 2.169129 58.164291
32 90.131729 42.199112 2.123701 2.004153 50.011711
33 90.201645 42.456696 2.327383 2.248384 32.190815
34 90.362358 42.165031 2.326972 2.127483 53.112808
35 90.282753 42.416988 2.293355 2.162657 26.402750
36 90.327896 42.311863 1.769128 2.168331 51.350445
37 90.174545 42.329376 2.051667 2.227300 41.627899
38 90.379723 42.347309 2.164376 2.190545 53.676914
39 90.163452 42.402977 2.583510 2.178666 21.327991
40 90.269516 42.322647 2.039518 2.141795 61.007359
41 90.288818 42.378761 2.413570 2.157730 33.501152
42 90.047729 42.352119 2.364302 2.027176 36.489975
43 90.310509 42.348545 2.213493 2.287911 40.980759
44 90.165092 42.469814 2.053293 2.216355 50.435463
45 90.228142 42.492943 1.871650 2.329155 39.295670
46 90.392296 42.298534 2.077035 2.252167 39.539623
47 90.291199 42.236790 1.987589 2.200650 59.521801
48 90.357109 41.922241 1.859517 2.104292 63.849857
49 90.353287 42.283165 2.080702 2.246614 46.652637
50 90.278717 42.278885 2.174186 2.297761 17.201044
51 89.982315 42.199162 2.528617 2.057483 25.073793
52 90.131104 42.155914 2.008736 2.035608 40.034298
53 90.257011 42.297268 1.864112 2.194219 64.849655
54 90.399193 42.243156 1.884888 2.215500 76.850914
55 90.040276 42.367157 2.010378 2.026375 59.575054
56 90.504601 41.997074 2.051427 2.319742 36.616882
57 90.406715 42.117424 2.341418 2.202582 52.994026
58 90.141464 42.024551 2.098517 2.218431 32.487988
59 90.155205 42.396282 1.753612 2.133347 70.305565
60 89.987007 42.171597 1.964646 2.059732 70.495270
61 90.208221 42.343433 2.166541 2.123842 44.531868
62 90.126892 41.976265 1.802319 2.246557 63.561882
63 90.167953 42.087528 1.410651 2.372959 67.764069
64 90.295891 42.145016 1.597230 2.098016 70.536781
65 90.440437 42.190838 1.907248 2.229065 51.773525
66 90.327492 42.316830 1.800034 2.051244 67.410172
67 90.232124 42.116776 1.974774 2.273118 50.307491
68 90.295944 42.238441 2.392939 2.182246 39.154305
69 90.490677 42.513424 1.787231 2.234227 47.781399
70 90.118256 42.361691 1.513850 2.056585 45.738415
71 90.294167 42.111984 2.119876 2.064435 38.973183
72 90.088066 42.266220 2.223915 2.131351 34.768566
73 90.362167 42.226089 2.616539 2.264851 27.338312
74 90.314514 41.968014 1.897041 2.296032 86.679794
76 90.205650 42.145504 1.704077 2.110026 61.159794
77 90.355423 41.992588 1.822416 2.026714 37.626831
78 90.428970 41.975948 1.787174 2.328531 59.384136
79 90.207680 42.364502 1.460826 2.136550 43.069214
80 90.564018 41.949707 1.737515 2.121802 34.086208
81 90.374466 42.302879 1.505934 2.439134 43.180527
82 90.081024 42.306290 1.320135 1.976165 40.388191
83 90.237053 42.143566 1.174119 1.799902 18.916805
84 90.521072 41.785763 1.492879 2.358207 55.562607
85 90.295967 42.047791 1.764793 2.138206 68.085236
86 90.299294 41.784088 1.834211 2.104873 50.389179
87 90.288712 42.020756 1.639372 2.008374 70.918198
88 90.439606 42.145596 1.654322 2.101361 45.060528
89 90.282425 41.921818 1.990468 2.224703 35.792324
90 90.397636 42.153187 1.314792 2.074035 28.672413
92 90.463654 42.199108 1.760666 2.413453 84.906372
93 90.440598 42.028843 1.976977 2.189535 77.870720
94 90.332306 42.120197 1.950244 2.096958 42.090126
95 90.328079 42.048923 2.100791 2.022073 45.779381
96 90.416824 42.073284 1.822579 2.163341 57.898411
97 90.342033 42.353184 2.062729 2.154563 35.478470
98 90.363220 42.131901 1.973449 2.110244 39.975246
99 90.407837 42.122337 2.159383 2.192509 63.709202
100 90.399506 42.203403 1.647490 2.122131 47.821194
101 90.215561 42.113415 1.691274 2.060701 43.033333
102 90.062241 41.770031 1.372616 1.995795 20.523241
103 90.217026 41.839924 1.984746 2.431548 23.668344
104 90.269249 41.996544 1.782899 2.134287 74.252907
105 90.262589 42.101494 2.092226 1.951296 40.457264
106 90.106163 42.515862 1.744799 2.153754 52.796185
107 90.174423 41.863613 1.560063 2.456050 71.378372
108 90.482567 42.073055 2.070397 2.249103 34.013706
109 90.358604 41.610210 2.104937 2.304626 59.295113
110 90.333565 42.036083 1.963997 2.066437 30.792233
111 90.239922 41.967213 1.728293 1.969153 74.704926
112 90.183823 41.934944 2.095524 2.092358 47.216225
113 90.312088 41.843266 1.620083 2.205607 45.693779
114 90.028641 41.517658 2.066728 2.292895 47.984264
115 90.397095 41.824825 2.278976 2.062490 24.058645
116 90.261436 41.792461 1.350906 2.126372 37.457741
117 90.218109 41.997391 1.443894 2.107481 64.431908
118 89.796501 41.172295 1.329503 2.319075 15.171225
119 89.998337 41.345490 1.679549 2.189965 73.100586
120 89.787422 40.995083 1.565284 2.401838 39.485737
121 89.844261 40.995026 1.526855 2.329381 67.727463
122 90.232201 41.718414 1.477791 1.980368 61.305527
123 89.877068 41.314163 1.690262 2.196715 68.917244
124 90.203133 40.950981 1.301073 2.275606 71.264801
125 90.198959 40.882954 1.458602 2.045528 28.802898
126 90.387871 41.171925 1.807904 2.231191 60.142525
127 90.217178 41.079460 1.906702 2.101242 32.487804
128 90.212875 41.063267 1.294006 2.317292 42.588684
129 90.445412 41.206142 2.172284 2.312619 36.213573
130 90.792084 41.176044 1.783012 2.217529 39.533089
131 90.493111 40.867416 2.192657 2.233242 35.670982
132 90.928230 40.940388 2.030350 1.880079 44.131283
133 90.798920 40.836918 1.733110 2.182775 74.658821
134 90.888367 40.899380 1.586500 2.083590 55.300991
135 90.850952 40.905849 2.165668 1.985851 32.414238
136 90.738457 40.883339 2.478728 2.048641 11.398110
137 91.043182 40.785683 1.844626 2.066370 44.929806
138 91.059326 40.712460 1.614466 2.082584 39.280270
139 90.552818 40.797787 1.283408 2.072870 47.971611
140 90.572723 40.763046 1.701649 2.250315 64.105072
