%% Trajectory 557
205 90.648415 93.448807 0.484728 2.366901 184.633789
206 90.505402 93.246353 0.398091 2.189129 105.580185
209 90.907257 93.399078 0.451937 1.985275 124.455452
210 90.745911 93.333771 0.418570 2.153056 173.500931
212 90.782997 93.235870 0.434396 2.255065 213.810059
213 90.488106 93.068916 0.476466 2.138109 163.164932
%% Trajectory 581
217 90.658447 93.673096 0.553306 2.089981 203.211777
220 90.408348 93.379776 0.440074 2.253462 155.493835
221 90.880508 93.183708 0.501138 2.050118 163.720627
222 90.934563 93.231850 0.613080 2.061484 186.711868
223 91.074181 93.319786 0.435147 1.913442 127.027275
224 90.721962 93.409416 0.486232 2.123626 150.468307
225 90.840225 93.163872 0.596416 2.078216 174.217087
226 90.441643 93.233330 0.540764 1.996690 164.599045
228 90.482529 93.449074 0.509573 2.178501 222.271317
229 90.807114 93.320587 0.539680 1.863830 134.535614
230 90.756790 93.374352 0.527045 2.055293 117.286438
232 90.687698 93.541595 0.443625 2.581579 117.217590
233 90.530014 93.493286 0.595427 2.355723 164.144394
234 91.108025 93.580299 0.600230 2.061442 109.853935
236 90.511482 92.956512 0.461374 1.969395 131.557892
237 90.778709 93.362137 0.547733 2.379849 134.376282
238 90.583786 93.104500 0.600071 1.951076 108.618896
239 90.745651 92.891548 0.363021 1.957534 80.872147
240 90.718369 93.348991 0.372466 2.219073 139.439651
241 90.495384 93.028633 0.629833 2.134980 163.260483
242 90.973434 92.811157 0.420846 1.939842 131.586426
243 91.134338 93.161949 0.605990 2.134101 184.682388
244 90.720345 92.995361 0.435584 2.135926 109.826202
245 90.945969 92.829697 0.513403 1.998487 112.734512
247 90.885277 92.916451 0.454616 1.819059 41.442818
248 90.770973 93.144165 0.698741 2.030509 119.784683
249 90.948196 92.753090 0.646541 2.005939 151.186462
250 91.297577 93.370071 0.540981 2.692144 113.790108
251 91.200119 93.278122 0.532182 2.152909 127.091530
252 90.746895 93.325371 0.537280 2.010123 145.266434
253 90.824165 93.116302 0.575843 1.912617 91.976151
254 90.966469 93.723579 0.454901 2.268778 109.739990
256 90.770370 93.361061 0.487652 1.925215 84.138374
257 90.892326 93.158875 0.406634 1.821639 79.499130
258 90.595444 93.290466 0.425597 2.251070 196.427612
259 90.750206 93.168037 0.539324 2.262246 167.241745
260 91.024155 93.008217 0.538876 2.150525 109.854424
261 90.832428 93.230621 0.718393 1.969229 89.010056
262 90.819519 93.421204 0.536503 2.134435 127.972336
263 90.955032 93.032074 0.757820 2.120077 113.956070
264 91.147415 93.310753 0.627915 1.938817 134.214447
265 90.845078 93.180992 0.616882 2.176020 207.634003
266 90.945999 93.287590 0.626612 2.118231 131.962296
267 90.947441 93.194313 0.715533 2.011644 97.130539
268 90.924545 93.158066 0.610186 2.022717 126.039833
269 91.150826 93.287376 0.595937 2.095438 129.657928
270 90.982246 92.933220 0.659679 1.830135 61.208164
271 90.826668 92.996521 0.880234 2.052870 138.818863
272 91.310043 92.951370 1.024715 2.087745 71.609657
273 91.151833 93.051445 0.748078 2.223206 199.017014
274 90.992714 92.884377 0.658818 1.988974 111.411400
275 90.978966 92.842972 1.037475 1.949500 80.281509
276 91.041000 92.925781 0.820979 2.042828 112.760468
277 91.113678 93.226845 0.840412 2.049340 156.872360
278 91.117882 92.916473 0.800694 1.922530 118.588562
279 90.826111 93.167908 1.141511 2.046751 115.173996
280 91.077797 92.752869 0.795765 2.154283 161.972198
281 91.286781 92.973892 0.820256 1.954527 119.428444
282 91.119408 92.916321 1.009433 2.027038 149.748047
283 90.764343 93.007851 0.774692 1.927444 133.392517
284 90.827484 92.787086 0.911812 2.026313 135.409149
285 91.179298 92.835503 0.879114 2.031777 130.731247
286 90.900154 92.803688 0.897699 2.157345 153.049667
287 91.097549 92.723976 1.061068 1.932889 75.108780
288 90.786858 93.005043 0.831154 2.039626 129.625244
289 91.078621 92.748672 1.127229 2.203103 128.576477
290 90.996292 92.909096 0.902288 2.112212 169.933411
291 90.958206 93.065392 0.847637 1.952732 100.427956
292 90.856430 92.679573 0.981083 2.113304 133.970612
293 91.078354 92.930710 0.891992 1.956246 110.533051
294 91.067970 92.657982 0.834864 2.008445 104.012970
295 90.962158 92.828331 0.906658 1.906264 88.194550
296 91.049873 92.782990 0.959903 2.011579 76.639236
297 91.025978 92.858231 0.724872 1.820763 60.139263
298 91.269508 92.941704 0.945506 2.035465 112.549835
299 90.953575 92.680748 0.853305 1.964615 102.509209
300 91.017799 92.352592 0.731974 2.023584 102.307663
301 90.778191 92.618607 0.740079 2.142894 131.244278
302 90.895874 92.712479 0.808829 2.158867 161.181381
303 91.242004 92.802811 1.000189 2.263265 129.910736
304 91.053017 92.813431 0.732623 1.990887 93.065147
305 91.038368 92.716034 0.709515 2.025661 95.277115
306 91.124397 92.707237 0.835232 2.043936 122.381691
307 91.116425 92.661194 0.975460 1.965591 91.443939
308 90.933746 92.802582 0.963574 2.155365 157.221695
309 91.354874 92.661148 0.841177 2.327986 195.865585
310 91.097679 92.856094 0.763229 1.863491 89.784264
311 91.112679 92.994545 0.862148 2.045582 81.103432
312 91.190422 92.974953 0.983587 2.062209 117.982819
313 90.989136 92.779922 0.716526 1.990255 86.016899
314 90.861061 92.803589 0.801800 1.973571 92.420784
315 91.049911 92.830513 0.742850 1.998163 85.747475
316 91.069214 92.740250 0.823395 1.994711 109.958839
317 91.123093 92.922745 0.720068 1.909999 70.533905
318 90.990753 93.065659 0.651478 1.968043 87.442886
319 91.038452 92.867371 0.864258 2.025057 109.758003
320 91.198021 92.709579 0.970479 2.097402 114.362495
321 90.875237 92.766945 0.836077 2.051373 123.677666
322 91.006836 93.007729 0.848739 2.056798 95.671921
323 91.169487 92.767296 0.851013 2.037635 148.139008
324 91.138405 92.962875 0.761144 2.083554 101.636345
325 91.094101 92.956802 0.626978 2.129050 153.116058
326 90.861458 93.046532 0.558894 2.233284 178.159058
327 90.841385 92.990921 0.520249 2.101874 198.511841
328 91.073563 93.030396 0.698411 2.034317 140.285797
329 90.936897 93.147552 0.719469 1.892496 69.379730
330 91.020561 92.890694 0.756433 2.043638 118.554886
331 91.063431 92.907082 0.778689 2.061640 128.993668
332 91.044617 92.923225 0.542649 2.085973 118.246826
333 91.073158 93.036888 0.710366 1.954303 78.942444
334 90.955292 92.984772 0.680191 1.907202 62.286030
335 91.181084 92.878464 0.785343 1.973509 96.614784
336 91.593857 92.991478 1.030831 2.173435 148.775757
337 91.076538 92.820847 0.996890 2.026274 57.354137
338 91.205460 92.980438 0.930448 2.034272 77.844086
339 91.109528 92.729202 0.780169 2.272745 225.958725
340 91.435974 92.843254 0.717367 2.212863 198.018097
341 91.260979 93.088333 0.774168 2.147470 180.944855
342 91.069183 93.112953 0.769008 2.068774 154.920334
343 91.328560 93.163139 0.601518 2.219594 157.785019
344 90.829964 93.033234 0.700778 1.976623 110.362274
345 91.249077 93.178856 0.784087 1.949346 83.072060
346 91.508430 93.150414 0.933985 2.306638 163.030807
347 91.287437 92.978752 0.733377 2.147768 144.746872
348 91.224548 93.214638 0.678710 2.228272 150.319824
349 91.498901 93.530838 0.869250 2.513028 149.180817
350 91.645439 93.063110 0.855601 2.224877 153.769104
351 91.335274 93.335434 0.742274 2.349753 169.859238
352 91.279785 93.369934 0.704656 2.239609 165.379456
353 91.470299 93.431496 0.714268 2.450387 124.527740
354 91.580818 93.313377 0.704555 2.436290 138.752930
355 91.671043 93.561058 0.763219 2.259964 179.689575
356 91.263420 94.074654 0.733847 1.992455 95.309296
357 91.297653 93.719101 0.878014 2.325103 120.362175
358 91.281273 93.679573 0.499522 2.225621 190.891312
359 91.081345 93.558487 0.484048 2.377330 154.994583
360 91.048035 93.716606 0.573337 2.000131 83.688065
361 91.547928 93.550087 0.737862 2.488691 167.949707
362 91.315918 93.276993 0.673485 2.014873 150.529068
363 91.851418 93.437027 0.747743 2.144780 147.438568
364 91.351852 93.220642 0.641887 2.198048 147.915054
365 91.907997 93.176697 0.762551 2.195340 116.790733
366 91.573853 93.023178 0.933563 2.147712 146.530106
367 92.000122 93.180176 0.702785 1.905850 50.846870
368 92.135750 93.084381 0.736377 2.229996 140.317459
369 91.659241 93.248764 0.712029 2.219881 184.573761
370 91.296768 93.422020 0.602863 2.197647 133.158401
371 91.889214 93.461670 0.677911 2.133928 150.934219
372 91.245018 93.573723 0.727177 2.233178 147.074005
374 91.841789 92.962746 0.536390 2.220742 154.906647
375 91.724640 92.651764 0.705208 1.990905 71.707787
376 91.666443 93.190605 0.576568 2.000455 66.352470
377 91.211357 93.122810 0.496492 1.917627 87.209251
