%% Trajectory 118
161 139.850159 62.949543 0.768207 2.185956 39.632729
162 139.472702 63.090897 0.672055 2.364394 95.529907
163 139.406784 62.872200 0.665442 1.932491 63.148731
164 140.035004 62.958160 0.869994 2.223530 96.753952
166 139.278030 63.008739 0.796266 2.288249 118.456238
167 139.406754 63.244789 0.922695 2.072635 56.166519
168 140.196777 62.741169 0.646509 1.929422 74.776863
169 139.999817 62.803448 1.076208 2.025981 75.140953
170 139.742538 62.877529 0.987953 2.386891 86.738281
171 139.262512 63.272251 0.769642 2.435927 72.689568
172 139.562683 62.734592 0.729857 2.405976 74.021385
173 139.230820 63.047016 0.881459 1.637027 13.880810
175 139.807068 63.152401 0.666460 2.452941 33.554085
176 139.284317 62.797909 0.838184 2.270462 60.411732
177 139.814957 62.864620 0.844804 2.011856 66.123489
178 139.567093 63.247295 1.295593 2.435843 76.843773
179 139.951050 62.860870 1.284251 2.159632 67.897728
180 139.734650 62.796345 0.889725 1.873014 40.100040
181 139.624893 62.979721 1.271660 2.106359 76.468399
182 139.896637 63.182941 0.902911 2.202247 89.360558
183 139.598511 63.023544 1.250930 2.116178 53.734005
184 139.538345 62.736946 1.289017 2.321879 73.655632
185 139.949860 63.209778 0.866878 1.735744 26.952274
186 139.796356 63.388523 0.878903 2.376015 54.219643
187 139.690933 63.118313 0.957994 2.428176 64.823555
188 139.627457 62.816235 0.954485 2.160156 70.199883
189 139.291672 63.023388 0.802239 2.377697 54.185371
190 140.001480 62.983280 1.146613 2.029041 53.538452
191 139.818970 62.958893 0.833979 1.967686 63.085571
192 139.817444 62.878979 1.132757 2.414541 56.577339
193 139.448654 63.139435 0.922453 2.040224 59.604706
194 139.907684 62.785538 1.404377 1.927527 57.251984
195 139.929733 62.882164 1.084504 2.129100 63.833786
196 139.833237 62.524178 1.071532 2.234406 88.597565
197 139.543411 62.738544 1.528135 2.228158 54.895573
199 140.085999 63.181934 1.429550 2.513867 64.475609
201 140.218079 63.334747 1.431354 2.908658 12.667761
203 139.797058 62.667133 1.144917 2.496549 71.793083
204 140.006332 62.753113 1.117339 2.551846 88.248817
205 140.065018 63.538422 1.098873 2.694531 38.044556
206 139.724197 63.063282 1.476430 2.073482 116.998451
207 139.436203 63.361263 1.369614 2.497022 96.964035
208 139.494003 63.038433 1.351675 2.362454 91.462105
209 139.319641 63.062454 1.615294 2.302292 57.332024
210 139.722046 62.985676 1.735281 2.118172 116.529976
211 139.543152 63.060673 1.676021 2.430814 74.181717
212 139.478699 63.091759 1.703058 2.467947 62.906456
213 139.352676 62.737106 1.648467 2.241032 89.491631
214 139.633255 63.062443 1.450702 2.533377 56.585510
215 139.845688 63.332531 1.538284 2.493588 57.756058
216 139.607727 63.169472 1.291399 2.249047 58.783600
217 139.454285 63.173920 1.530053 2.208829 65.191002
218 139.625809 63.280533 1.098349 2.454650 86.670090
219 139.352219 63.151485 1.551288 2.110313 50.962280
221 139.642532 62.733910 1.395995 2.246832 72.526588
222 139.622910 62.830921 1.516161 2.408705 41.062878
223 139.631058 62.912472 1.550111 2.034172 25.362873
224 139.877426 63.042439 1.388988 2.242572 40.418739
225 139.577194 62.820103 1.924919 2.180034 65.560127
226 139.394302 62.882156 1.939183 2.005379 77.228371
227 139.116974 62.762886 1.541942 1.902307 47.006367
228 139.424622 62.982193 1.804255 2.210806 38.400051
229 139.605942 63.029182 2.014623 2.220588 76.685310
230 139.512146 62.653481 1.385671 2.369222 79.058182
231 139.651947 62.742622 1.602384 2.446757 74.669487
232 139.285934 63.153965 1.430981 2.307772 75.623032
233 139.508560 62.814713 1.579037 2.121496 69.448914
234 139.155090 62.559826 1.299251 2.256875 72.314819
235 139.868332 62.953968 1.666235 2.281385 83.559395
236 139.911026 63.115955 1.485602 2.281008 55.754086
237 139.425583 62.793209 1.435212 2.168140 58.256760
239 139.669296 63.117828 1.757855 2.034107 57.188900
240 139.810562 62.985359 1.841921 2.418120 78.620956
241 139.801620 63.060253 1.864757 2.284144 70.079346
242 139.454742 62.797626 2.343724 2.209782 61.898335
243 139.384689 63.055119 1.728976 2.013165 81.383141
244 139.522736 62.920387 2.010277 2.335227 40.001629
245 139.195587 62.864643 2.187363 2.032607 52.039162
246 139.479980 62.994595 2.052583 2.106428 29.632996
247 139.278687 62.833832 2.075169 2.036065 63.258648
248 139.613632 62.881321 2.227250 2.141609 46.293495
249 139.136765 62.974598 1.847197 2.009932 57.906456
250 139.369934 62.887630 1.981828 2.187720 67.465851
251 139.529190 62.777302 2.028329 2.236269 53.955101
252 139.574707 63.114559 1.786129 2.020218 61.601906
253 138.962097 62.812870 1.580433 1.928583 64.530342
254 139.389603 63.020550 2.006296 2.307747 69.027214
255 139.218582 62.781094 2.124952 2.092230 45.638821
256 139.605453 63.050922 1.790577 2.177608 81.166100
257 139.509918 62.620979 1.397411 2.248124 100.335068
258 139.278275 62.801445 2.101489 2.079777 50.596420
259 139.362747 63.254795 1.410832 2.101450 73.757179
260 139.408707 62.835041 1.938015 2.165115 62.614311
261 139.959412 63.073013 1.866641 2.323070 58.085938
262 139.772247 62.756504 1.528869 2.235422 99.642998
263 139.544220 62.994724 1.442961 2.245012 112.168190
265 139.311172 62.730251 2.302069 2.254662 28.116198
266 139.271805 62.896851 2.041287 2.023949 60.164131
267 139.396912 62.856773 2.147540 2.210558 43.425297
268 139.795090 62.674221 2.632875 2.316937 43.210487
269 139.744919 62.565075 2.152879 2.338866 52.924728
270 139.336777 62.816654 2.562760 2.229181 48.965954
271 139.674271 62.830444 2.876384 2.121813 30.323196
272 139.477875 62.798203 2.544372 2.281992 40.885563
273 139.336655 62.818806 1.852844 2.211297 75.497330
274 139.364075 62.599655 2.417972 2.256257 35.447533
275 139.221329 62.888565 2.147869 2.051133 36.630840
276 139.629761 62.657513 2.767091 2.158617 14.850411
277 139.459595 63.004673 2.109099 2.176704 45.381207
278 139.527908 62.718040 2.465255 2.326373 27.781260
279 139.313690 62.677738 2.335073 2.033691 29.639524
280 139.544403 62.973331 2.407428 2.153667 43.134338
281 139.626556 62.909824 2.132389 2.184812 46.694016
282 139.584274 62.820858 2.588472 2.178543 73.458954
283 139.370316 62.914783 2.579898 2.286775 34.913616
284 139.178574 62.689331 2.062675 1.980617 44.991257
285 139.441772 62.774250 2.646920 2.205529 6.852504
286 139.403427 63.030964 2.167323 2.153224 35.247284
287 139.360901 62.716843 3.015621 2.166631 32.793629
288 139.152588 62.676964 2.647318 2.101159 36.415718
289 139.392410 62.944473 3.094644 2.140746 15.581560
290 139.247604 62.834667 2.532041 1.943790 28.253002
291 139.451370 62.607758 2.937043 2.433239 34.289497
292 139.116867 62.858376 2.691345 1.991616 35.757694
293 139.379593 62.795631 2.507904 2.258089 34.115360
294 139.222900 62.601814 2.363579 2.123116 19.732220
295 139.506424 62.767113 2.572230 2.320297 24.867260
296 139.429718 62.696766 2.600970 2.090834 19.326408
297 139.253860 62.823154 2.854411 2.149253 39.797737
298 139.253418 62.637802 2.288615 2.134173 42.683327
299 139.129089 62.580849 2.686272 2.201174 11.961026
300 139.355179 62.783726 2.840684 2.127758 17.587053
301 139.478043 62.652874 2.349754 2.328162 66.366112
302 139.387039 62.593388 2.250403 2.127943 42.470547
303 139.486816 62.618946 2.477803 2.361341 28.666262
304 139.517029 62.690437 2.690683 2.229274 52.758354
305 139.629807 62.690544 2.365558 2.314934 34.612534
306 139.437164 62.628170 2.825661 2.226879 33.778305
307 139.488800 62.649494 2.945121 2.382231 28.062860
308 139.586166 62.585545 3.132732 2.410984 18.202951
309 139.545197 62.661369 3.324767 2.167507 21.037983
310 139.472687 62.746914 2.708850 2.406089 6.266736
311 139.589203 62.432896 2.674582 2.459164 22.509926
312 139.319824 62.615749 2.857882 2.159990 16.661758
314 139.203964 62.507584 2.082218 2.373145 54.937286
315 139.314316 62.818687 2.474938 2.069283 36.830894
316 139.546524 62.871258 2.866076 2.097360 32.166378
317 139.407349 62.709766 2.711088 2.232621 24.135117
318 139.514038 62.621773 2.729917 2.273685 36.615929
319 139.435684 62.713287 3.042131 2.149208 29.300179
320 139.172852 62.539165 3.139904 2.273374 18.174618
321 139.372681 62.690556 3.178821 2.216191 31.154465
322 139.403381 62.421329 2.646912 2.203258 57.742195
323 139.603516 62.656040 3.128152 2.178126 13.835721
324 139.567215 62.587749 2.560305 2.339375 46.975830
325 139.350876 62.794235 2.768854 2.093999 32.098949
326 139.340881 62.682205 2.900210 2.182577 28.357616
327 139.406799 62.625908 2.897637 2.388213 29.762266
328 139.295807 62.571270 3.095109 2.203234 21.958324
329 139.621933 62.796555 2.443706 2.065906 40.034294
330 139.401047 62.771973 2.590050 2.187238 26.278708
331 139.392059 62.763260 2.867513 2.088634 40.077477
332 139.226685 62.593212 2.749382 2.148556 13.029627
333 139.454865 62.675941 3.220722 2.231506 29.702984
334 139.517349 62.900536 3.154957 2.295383 33.030922
335 139.399475 62.860229 3.035205 2.031833 26.472101
336 139.329117 62.836571 2.727045 2.099167 47.960670
337 139.652832 62.700974 2.804644 2.169028 26.848900
338 139.521683 62.597420 2.814332 2.302810 32.824203
339 139.351105 62.801781 2.939432 2.146298 7.597372
340 139.182373 62.874603 2.899672 1.996276 17.701756
341 139.477249 62.634724 3.462378 2.195903 18.608690
342 139.606064 62.691486 2.650742 2.223192 27.884972
343 139.490677 62.468571 2.438895 2.262964 32.355221
344 139.618698 62.717564 2.609496 2.147716 40.279667
345 139.494843 62.745422 2.422463 2.345718 29.543837
346 139.402725 62.740837 2.157331 2.172103 50.495049
347 139.695694 62.787170 2.746198 2.280897 16.627991
348 139.888596 62.808002 2.762145 2.095237 25.523069
349 139.692871 62.780502 2.231621 1.985185 12.378945
350 139.148041 63.241734 2.538118 2.089301 29.889513
351 139.676270 63.000713 2.843400 2.011550 10.431035
352 139.603134 63.099758 2.782447 2.057593 30.284979
353 139.428467 63.132946 2.804411 2.143422 8.186572
354 139.802994 63.247555 2.169893 2.362996 37.012379
355 139.690979 63.217373 2.129906 2.241515 39.466385
356 139.657501 62.957802 1.970397 2.089944 70.307121
357 139.609512 63.282181 2.145458 2.114051 51.963585
358 140.157837 63.360104 2.040813 2.435289 50.751572
359 139.866348 63.245995 1.976494 2.022439 42.143543
360 140.053329 63.484447 2.528844 2.282553 29.215628
361 139.642807 62.990597 2.137525 2.233381 36.532108
362 139.792587 63.048485 2.482980 2.251471 42.105820
363 139.555038 63.152466 2.047488 2.259846 52.144501
364 139.372787 63.387650 2.729141 2.228102 21.069433
365 139.487503 63.247997 2.566434 2.314527 23.984434
366 139.750854 63.400784 2.856814 2.246983 20.484497
368 139.515610 63.288506 2.481292 2.227476 62.918251
369 139.497177 63.365700 2.006357 2.275074 16.370342
370 139.645020 63.592220 2.023146 2.426118 26.752092
371 139.555450 63.118431 1.901501 2.332475 35.300148
372 139.601440 63.247757 2.706676 2.116347 22.483994
373 139.541489 63.297550 2.239076 2.424592 33.682667
374 139.368820 63.509304 2.199046 2.532087 31.259691
375 138.995453 63.353218 1.928231 2.232786 64.826729
376 139.241089 63.323059 1.381220 1.925320 42.582474
377 139.633987 63.485275 1.891778 2.451752 32.054115
378 139.394699 63.226658 1.738237 2.170156 41.818008
379 139.119888 63.369057 1.467037 2.120971 64.229645
380 139.538223 63.593807 2.195263 2.310843 36.160381
381 139.506470 63.732540 2.173755 2.380928 45.858364
382 139.211105 63.356850 1.933540 2.093819 43.134235
383 139.781769 63.331680 1.749133 2.452259 53.358154
384 139.562378 63.633247 2.179439 2.589205 18.640564
385 139.486801 63.310402 1.648952 2.173890 69.294960
386 139.206924 63.290073 1.895797 1.965135 68.234589
387 139.322174 63.452454 1.741364 2.239816 89.054817
388 139.000015 63.604801 1.615442 2.046342 60.346943
389 139.342896 63.790592 1.844713 2.194919 49.079853
390 139.246445 63.291389 1.368319 1.978472 72.816559
391 139.363464 63.306583 1.707794 1.976214 58.590782
392 139.784073 63.427532 1.479117 2.238061 95.417534
393 139.452301 63.676254 1.641014 2.258550 70.653618
394 139.306580 63.325771 1.582085 2.260571 94.630043
395 139.398499 63.467941 1.592358 2.558474 75.930054
396 139.557404 63.184078 2.017144 2.132964 73.179924
397 139.919174 63.338146 1.445918 1.930197 66.046608
398 139.614319 62.863728 1.011952 1.854668 67.054665
400 140.082489 63.010269 1.282721 2.182034 123.184242
401 140.619888 62.924294 1.243327 1.912604 79.036919
402 140.693832 62.758739 1.220512 2.395497 131.299179
403 140.458221 62.361778 1.510352 2.294611 88.069794
404 140.377823 62.216526 0.769220 2.310453 90.734161
405 140.694199 62.286747 1.239640 2.224884 158.543198
406 141.123749 62.223217 1.326145 2.227580 136.021591
407 140.586075 62.272121 0.652896 2.262180 90.736076
408 141.248856 62.479557 1.349090 2.292595 112.416916
409 140.903427 62.832882 1.136414 2.214606 132.444870
411 140.394806 62.297718 1.041197 2.155279 112.382080
412 139.969849 62.643944 1.166023 2.576500 96.219643
413 140.067963 62.974552 0.938777 2.383549 119.190575
414 139.884018 63.205967 0.731345 3.092276 53.269173
416 140.159851 62.568058 0.622123 2.002239 65.501503
418 138.939941 63.241047 0.791834 3.150062 34.376740
420 139.592804 62.964432 0.700442 1.925032 93.354767
422 140.459641 62.109489 0.776471 3.043033 32.358742
424 141.113266 63.098160 0.742773 2.285228 108.449448
426 139.678711 63.195518 0.845942 2.300864 137.831558
427 139.668091 63.061684 0.710869 2.509037 107.905373
430 139.819168 63.308701 0.752055 2.196558 87.291061
