%% Trajectory 112
126 103.656082 86.632202 1.117620 2.404067 43.046505
127 104.088768 86.739166 1.015442 2.213587 85.665573
128 104.017372 86.651382 1.502873 2.308534 38.464230
129 103.806564 86.339058 1.450435 2.509640 33.038857
130 104.304207 86.820145 1.841370 2.635445 11.746779
131 104.221115 86.964462 2.290051 2.374659 0.666291
132 104.129913 86.849510 2.498831 2.071298 0.019523
133 104.291573 86.983383 2.864141 2.243874 0.322975
134 104.229485 87.204277 3.601797 2.333337 0.000004
135 104.117569 86.813660 2.919680 2.278256 0.000017
137 104.384537 87.401749 4.111232 2.416378 0.000000
138 103.949478 87.067734 4.000137 2.311079 0.000000
139 104.036362 87.107689 4.410378 2.389824 0.000000
140 104.190712 86.887810 4.223733 2.434081 0.000000
142 103.968987 86.933624 4.605648 2.232057 0.000000
143 103.898201 86.798233 5.452293 2.348403 0.000000
