%% Trajectory 217
328 37.000423 144.968979 0.419339 2.545276 33.741348
330 37.881721 143.851089 0.401352 2.575060 111.579483
333 36.860126 144.163208 0.433160 2.511311 49.640991
334 37.478317 144.814041 0.391242 2.747975 58.358795
335 37.303532 145.520279 0.480293 2.413717 45.730312
337 38.721687 146.005157 0.477083 2.508984 63.306503
339 37.103165 146.152451 0.410913 2.033584 23.139311
341 37.789452 145.021713 0.373939 2.408074 79.138603
342 38.130341 144.755905 0.576575 2.214739 52.006496
343 37.597279 145.250626 0.344836 2.772794 60.492088
345 36.514786 145.419724 0.382013 2.231992 57.147945
346 37.110867 145.066910 0.391579 2.313746 68.399399
348 36.807938 145.638229 0.370844 2.137676 29.504036
349 36.443230 145.995789 0.395491 2.066354 48.742409
351 36.278160 146.097214 0.316328 2.039670 49.095814
354 36.706242 146.691086 0.286364 2.293925 30.735519
356 36.321339 145.423492 0.315633 2.240642 51.987843
357 36.204460 146.306870 0.323968 2.078002 48.437920
358 36.319588 145.792465 0.339828 2.405519 86.416832
359 36.039486 145.448990 0.309662 2.310865 127.590668
361 36.641624 145.574402 0.376378 2.469701 84.383698
