#                 frames                   t (s)                 x (pxl)                 y (pxl)                       f
                   229.0       7.761600000000026                     nan                     nan                     nan
                   230.0       7.862400000000026                     nan                     nan                     nan
                   231.0       7.963200000000025                     nan                     nan                     nan
                   232.0       8.064000000000025                     nan                     nan                     nan
                   233.0       8.164800000000024                     nan                     nan                     nan
                   234.0       8.265600000000024                     nan                     nan                     nan
                   235.0       8.366400000000024                     nan                     nan                     nan
                   236.0       8.467200000000023                     nan                     nan                     nan
                   237.0       8.568000000000023                     nan                     nan                     nan
                   238.0       8.668800000000022                     nan                     nan                     nan
                   239.0       8.769600000000022                     nan                     nan                     nan
                   240.0       8.870400000000021                     nan                     nan                     nan
                   241.0       8.971200000000021                     nan                     nan                     nan
                   242.0        9.07200000000002                     nan                     nan                     nan
                   243.0        9.17280000000002                     nan                     nan                     nan
                   244.0        9.27360000000002                     nan                     nan                     nan
                   245.0        9.37440000000002                     nan                     nan                     nan
                   246.0       9.475200000000019                     nan                     nan                     nan
                   247.0       9.576000000000018                     nan                     nan                     nan
                   248.0       9.676800000000018                     nan                     nan                     nan
                   249.0       9.777600000000017                     nan                     nan                     nan
                   250.0       9.878400000000017                     nan                     nan                     nan
                   251.0       9.979200000000017                     nan                     nan                     nan
                   252.0      10.080000000000016                     nan                     nan                     nan
                   253.0      10.180800000000016                     nan                     nan                     nan
                   254.0      10.281600000000015                     nan                     nan                     nan
                   255.0      10.382400000000015                     nan                     nan                     nan
                   256.0      10.483200000000014                     nan                     nan                     nan
                   257.0      10.584000000000014                     nan                     nan                     nan
                   258.0      10.684800000000013                     nan                     nan                     nan
                   259.0      10.785600000000013                     nan                     nan                     nan
                   260.0      10.886400000000013                     nan                     nan                     nan
                   261.0      10.987200000000012                     nan                     nan                     nan
                   262.0      11.088000000000012                     nan                     nan                     nan
                   263.0      11.188800000000011                     nan                     nan                     nan
                   264.0       11.28960000000001                     nan                     nan                     nan
                   265.0       11.39040000000001                     nan                     nan                     nan
                   266.0       11.49120000000001                     nan                     nan                     nan
                   267.0       11.59200000000001                     nan                     nan                     nan
                   268.0      11.692800000000009                     nan                     nan                     nan
                   269.0      11.793600000000009                     nan                     nan                     nan
                   270.0      11.894400000000008                     nan                     nan                     nan
                   271.0      11.995200000000008                     nan                     nan                     nan
                   272.0      12.096000000000007                     nan                     nan                     nan
                   273.0      12.196800000000007                     nan                     nan                     nan
                   274.0      12.297600000000006                     nan                     nan                     nan
                   275.0      12.398400000000006                     nan                     nan                     nan
                   276.0      12.499200000000005                     nan                     nan                     nan
                   277.0      12.600000000000005                     nan                     nan                     nan
                   278.0      12.700800000000005                     nan                     nan                     nan
                   279.0      12.801600000000004                     nan                     nan                     nan
                   280.0      12.902400000000004                     nan                     nan                     nan
                   281.0      13.003200000000003                     nan                     nan                     nan
                   282.0      13.104000000000003                     nan                     nan                     nan
                   283.0      13.204800000000002                     nan                     nan                     nan
                   284.0      13.305600000000002                     nan                     nan                     nan
                   285.0      13.406400000000001     -0.7175056302946118     0.30173278823598737                0.695349
                   286.0      13.507200000000001                     nan                     nan                     nan
                   287.0                  13.608                     nan                     nan                     nan
                   288.0                 13.7088    -0.08728317134813514    -0.10031288377709245                0.596785
                   289.0                 13.8096                     nan                     nan                     nan
                   290.0                 13.9104     0.20123111215901873     0.19359296712137497                0.951411
                   291.0      14.011199999999999      -0.345192047941485     0.07129657758027068                0.796395
                   292.0      14.111999999999998    -0.14537564626705984     0.20084104723793136                1.089864
                   293.0      14.212800000000001     -0.5462326195908511     -0.1195933526174672                0.994673
                   294.0      14.313600000000001    -0.23225823461091724    -0.12737984454027942                0.751203
                   295.0                 14.4144     0.05829985673717295     0.24735070740627307                0.861688
                   296.0                 14.5152     -0.3620822279436724    -0.07082965684706705                 1.04491
                   297.0                  14.616    -0.09075077320234524    0.037396345116181444                1.033618
                   298.0                 14.7168    -0.33231696569144975     0.07773001352497992                0.930714
                   299.0      14.817599999999999     -0.5970923500924534     0.17458773563483507                0.836699
                   300.0      14.918400000000002     -0.5373244797839328      0.1286248876836545                1.170037
                   301.0      15.019200000000001    -0.18652759743672487     0.06622881446196512                1.301123
                   302.0      15.120000000000001     -0.6477857026958712      0.1290860316906468                0.929445
                   303.0                 15.2208      -0.784902242181862     -0.1636827412418274                0.990101
                   304.0                 15.3216    -0.24171350129210178     0.14931348877477263                0.931222
                   305.0                 15.4224    -0.11888790287204704    -0.25961764501887513                 1.04657
                   306.0                 15.5232      -0.351904087706683   -0.029127754068946465                1.075332
                   307.0      15.623999999999999     -0.6743081183822852    -0.13379307864745904                 0.89765
                   308.0      15.724799999999998     -0.2846547506622052     -0.3598834328366371                0.953776
                   309.0      15.825600000000001     -0.6304390025711882     -0.0794483117609239                0.867057
                   310.0      15.926400000000001    -0.30776768508931707     -0.3085723743875384                0.809747
                   311.0                 16.0272    -0.01751232218216392    -0.36045343791400036                0.681957
                   312.0                  16.128     -0.3539340894827486    -0.08173105440067374                1.177377
                   313.0                 16.2288    -0.47133177183099795    -0.09221425301843209                1.358644
                   314.0                 16.3296    -0.48659706904517114     0.17294959330862997                1.386145
                   315.0                 16.4304     -0.5654565904283682     0.02153669802816413                1.296435
                   316.0      16.531200000000002     -0.4302468547383958     0.05928457646711366                1.037614
                   317.0                  16.632     -0.5214402267955177   -0.058709327976507575                1.121486
                   318.0                 16.7328      -0.274506647138961     0.23324886913054727                1.073215
                   319.0                 16.8336     -0.5284498638683809     0.31051552624800655                0.896368
                   320.0                 16.9344     -0.4116673849806506     0.22388869436069236                1.166228
                   321.0                 17.0352     -0.2911039671329589     -0.5174677515739929                1.070455
                   322.0                  17.136     -0.3911397608620717    -0.23415529228040022                1.101327
                   323.0                 17.2368     -0.1942554491123672    0.014635632698487375                1.314286
                   324.0                 17.3376     -0.6540667700196826    -0.05986207877958283                1.226072
                   325.0      17.438399999999998      -0.736750992856153     -0.6789247635433511                1.095176
                   326.0      17.539199999999997                     nan                     nan                     nan
                   327.0      17.639999999999997     -0.7227091581044797     0.24358273114803636                1.105682
                   328.0      17.740799999999997      -0.427190050908518    -0.05012047268212158                1.568736
                   329.0      17.841600000000003     -0.5869107125777469    -0.03672836172294411                1.345613
                   330.0      17.942400000000003      -0.574761855546424    0.022854838416304313                1.289029
                   331.0      18.043200000000002     -0.5583322917957975      0.1167200500336043                0.920892
                   332.0      18.144000000000002     -0.2831277432002461    -0.13328095713700405                1.212645
                   333.0                 18.2448     -0.2574757640514136     0.01696111007040034                1.335166
                   334.0                 18.3456     -0.7628148449519909     0.04288154996943144                1.305704
                   335.0                 18.4464    -0.45911541152081065   -0.030672849542633607                1.385833
                   336.0                 18.5472    -0.42347901681159483     0.13545111084274358                  1.2254
                   337.0                  18.648     -0.8962837193094132      -0.073042242578785                0.907565
                   338.0                 18.7488     -0.9419983698435914     0.09399569964853238                1.043798
                   339.0                 18.8496     -0.9316864066118975      -0.395209191611064                0.887477
                   340.0                 18.9504     -0.7018194957068972      0.2949591630104721                0.811116
                   341.0      19.051199999999998     -0.8306050168453755    -0.16824599863724315                1.079946
                   342.0      19.151999999999997     -0.3320292947688526      -0.312426172742065                  1.0358
                   343.0      19.252799999999997     -0.1335842298923377     -0.3380297710078716                0.709155
                   344.0      19.353600000000004                     nan                     nan                     nan
                   345.0      19.454400000000003    -0.19732228264532756      0.2542154815110984                1.049902
                   346.0      19.555200000000003    -0.26118071696218703    -0.23504087323516307                0.711634
                   347.0      19.656000000000002     -0.3246018469377488      0.0672275945838136                0.814171
                   348.0      19.756800000000002     -0.1796870218017117     0.08291895235779133                1.028372
                   349.0                 19.8576     -0.3360579230624373    -0.13368997150941295                0.995697
                   350.0                 19.9584     -0.7941404888368659     -0.4583277979044928                0.761469
                   351.0                 20.0592     -0.9764868768460969     0.04352199610164997                0.948812
                   352.0                   20.16     -0.4101553054392496   -0.049016031286293754                1.254396
                   353.0                 20.2608    -0.32306941305211484      0.2973442705557743                0.814783
                   354.0                 20.3616     -0.5770726391272991    -0.02606767577955124                0.905658
                   355.0                 20.4624     -0.3268719490182177     0.11788428251882015                1.286386
                   356.0                 20.5632    -0.14838300992602121     -0.0792875016460213                1.035964
                   357.0      20.663999999999998     -0.1327418089401577     0.27701987135195993                1.640219
                   358.0      20.764799999999997      -0.315352775312549    -0.22171334893072758                1.246378
                   359.0      20.865599999999997     -0.6265026826248477     0.35948288320052024                1.199235
                   360.0      20.966399999999997     -0.5570486848550068    0.015350313310948771                1.104059
                   361.0      21.067200000000003                     nan                     nan                     nan
                   362.0      21.168000000000003    -0.26671032487743473    -0.04861894613078793                0.807844
                   363.0      21.268800000000002     -0.3834968413668269      0.2371784858000475                1.234393
                   364.0      21.369600000000002    -0.21532850753250837    -0.34860740860281947                1.388494
                   365.0                 21.4704     -0.5027350319831886    -0.14363640417738996                1.053744
                   366.0                 21.5712     -0.3844985334827964   -0.003906763970430882                1.435125
                   367.0                  21.672     -0.5139889616603219    -0.10051955998834525                1.149463
                   368.0                 21.7728    -0.24978204685715244    -0.42677091045633475                0.990984
                   369.0                 21.8736    -0.26395464001377017     -0.4269098104811462                0.942989
                   370.0                 21.9744     -0.2909050431025168     0.08334745898431994                1.389224
                   371.0                 22.0752     -0.6427873997086528    -0.05926072165872509                1.337646
                   372.0                  22.176     -0.4501923099082786    -0.09346740888189561                1.270193
                   373.0      22.276799999999998    -0.43605339842651697      -0.148363310587869                1.337714
                   374.0      22.377599999999997     -0.4113496585228888     0.16059090997687178                1.116835
                   375.0      22.478399999999997    -0.23776306799038752    -0.08216331638447537                 1.37476
                   376.0      22.579200000000004     -0.6962499051807248     -0.2595851625680883                1.413881
                   377.0      22.680000000000003     -0.5557233321333319     -0.3116752216250251                1.241936
                   378.0      22.780800000000003     -1.0001805329446212   -0.016080374268033493                1.104953
                   379.0      22.881600000000002     -0.4377038841462528    -0.15877539212275596                1.169634
                   380.0      22.982400000000002     -0.8443227475188809    -0.04007647603858716                1.108271
                   381.0                 23.0832    -0.48283826451131695     -0.1875182214730714                1.521647
                   382.0                  23.184   -0.054607786224985744     0.08625093038055964                1.149885
                   383.0                 23.2848   -0.025796035687302495   -0.034222046672201537                1.310715
                   384.0                 23.3856    -0.40694694622197325      -0.262796273077105                1.540282
                   385.0                 23.4864    -0.39151066932923734    -0.25625431062756376                1.176804
                   386.0                 23.5872     -0.4708959942051535   -0.014827031399754359                1.359026
                   387.0                  23.688   -0.026319515153156114     -0.3727434729412645                1.057244
                   388.0                 23.7888      -0.680236385475466     -0.5211551719339275                1.158695
                   389.0      23.889599999999998    -0.19644900782464136      0.2486515246378545                1.223954
                   390.0      23.990399999999998     -0.4276842004376832     0.13511950313638404                1.360656
                   391.0      24.091199999999997    -0.26639353768488994    -0.03621213046865347                1.341517
                   392.0      24.191999999999997     -0.4017348709630328    0.002925384686232796                 1.18771
                   393.0      24.292800000000003     -0.5035408725291854     0.05964295626782892                1.473159
                   394.0      24.393600000000003     -0.6408115850028164    -0.08385342409762497                1.299036
                   395.0      24.494400000000002    -0.27693540325924104     -0.0794256512140227                1.292571
                   396.0      24.595200000000002     -0.6619379521779241    0.016710732533779304                1.806607
                   397.0                  24.696                     nan                     nan                     nan
                   398.0                 24.7968     -0.6005888853176283    -0.46244343784604036                0.912249
                   399.0                 24.8976     -0.5724778836988142     -0.4179346493095313                1.034535
                   400.0                 24.9984    -0.04353043801780014    -0.27307632291606165                1.276441
                   401.0                 25.0992     -0.3668643281978544    -0.08904589307081642                1.209078
                   402.0                    25.2    -0.26843680995457175  -0.0064048313552916986                1.072467
                   403.0                 25.3008    -0.07477105980340373    -0.02563666567726715                1.529231
                   404.0                 25.4016    -0.29036431879833424     -0.3564795148442747                1.258504
                   405.0      25.502399999999998     -0.5431479254715539    -0.41708820061855484                0.911937
                   406.0      25.603199999999998     -0.7880369188646499    -0.27145789620389005                 1.22087
                   407.0      25.703999999999997      -0.561202804435114    -0.15634309208223748                1.462376
                   408.0      25.804800000000004    -0.43818437215398387     -0.0760102157544662                1.480139
                   409.0      25.905600000000003     -0.1864040072614378   -0.026703179546920724                1.498045
                   410.0      26.006400000000003     -0.3360490491000515     0.07536942918391891                1.566818
                   411.0      26.107200000000002     -0.4031274102170802    0.025990515932894864                1.201032
                   412.0      26.208000000000002      -0.380498360515105    -0.16532616658745658                1.557712
                   413.0                 26.3088     0.04427000828171168   -0.051307185932097224                1.599418
                   414.0                 26.4096    -0.10113194657186578    -0.21824076795128555                1.336646
                   415.0                 26.5104    -0.39934601352545707   -0.042778297377059626                1.374848
                   416.0                 26.6112     -0.4177288848919011    -0.07777640540200736                1.577937
                   417.0                  26.712                     nan                     nan                     nan
                   418.0                 26.8128    -0.05505540957266773    -0.30199669220242403                1.798915
                   419.0                 26.9136    -0.34765398148002463     -0.1325075442702313                1.267413
                   420.0                 27.0144    -0.36606367531801126    -0.28042745375773287                1.562828
                   421.0      27.115199999999998     0.04637280724167234    -0.18490868223187207                1.355423
                   422.0      27.215999999999998     -0.3903969096647858     -0.2554376556148274                1.415787
                   423.0      27.316799999999997     -0.1730628063707535    -0.07531092064642589                 1.24308
                   424.0      27.417599999999997    -0.16471826895742758    -0.21981370866226785                0.856315
                   425.0      27.518400000000003     -0.4163099985069766     -0.3710655356769179                1.559571
                   426.0      27.619200000000003     0.03025403021394972    -0.06389907823642774                1.202426
                   427.0      27.720000000000002     0.02375790993540256    -0.02097239904588556                 1.26627
                   428.0      27.820800000000002     -0.4689110721416263    0.019144266682620592                1.435996
                   429.0                 27.9216    -0.11432422578839385      -0.172096419499151                1.223798
                   430.0                 28.0224      0.0500712965873306    -0.18266829955024602                1.241756
                   431.0                 28.1232     0.06397422729807767    -0.27844521296183633                1.266362
                   432.0                  28.224     -0.4567391116676187    -0.06913693221735215                0.810741
                   433.0                 28.3248    -0.26855285337112084    -0.05816503715014183                1.464166
                   434.0                 28.4256     -0.0438493401760753    -0.04425453838840903                1.393783
                   435.0                 28.5264     -0.2426908973681713     -0.3366663600944065                1.800394
                   436.0                 28.6272    -0.33589081417494276    -0.23307456337667104                1.811257
                   437.0      28.727999999999998     -0.2583080789489588   -0.005007731066797735                1.322317
                   438.0      28.828799999999998     -0.5377868767171456      -0.580041936019909                1.359175
                   439.0      28.929599999999997    -0.07564465942475102    -0.13902110896515435                1.804933
                   440.0      29.030400000000004     -0.7676821942561372    0.033756709546100994                1.420426
                   441.0      29.131200000000003    0.006648151567242845   -0.001569844121810798                1.362191
                   442.0      29.232000000000003    -0.20586251309171325     0.09691405949298147                1.582999
                   443.0      29.332800000000002    -0.20959633958972762    0.012417874965622355                1.395983
                   444.0      29.433600000000002    -0.15188337982434308   -0.019159474465873308                1.757464
                   445.0                 29.5344     0.10853325201227695    -0.28704281207552057                1.703858
                   446.0                 29.6352    -0.08677612294416634    -0.15393205879792973                1.494196
                   447.0                  29.736    -0.11621922841724175     0.07900528720758654                1.508645
                   448.0                 29.8368     0.09011005338810518     -0.2870711220496708                1.883258
                   449.0                 29.9376   -0.007614586619584876    -0.20528014884745535                1.951818
                   450.0                 30.0384     -0.4048350682091788    -0.19553976868339748                 2.19089
                   451.0                 30.1392      0.0637268957963642     -0.2798320251799278                1.675309
                   452.0                   30.24     -0.1861934196734863    -0.09528776922905483                1.178401
                   453.0      30.340799999999998    -0.32533561812999195     0.09093935836968774                1.702773
                   454.0      30.441599999999998     -0.2745282214028087    -0.25722173253338143                1.756717
                   455.0      30.542399999999997    -0.12342143968163188   -0.050340268687845094                1.972752
                   456.0      30.643199999999997    -0.14166017969075853    -0.20137456973526296                1.950404
                   457.0      30.744000000000003     0.06451980911489205    -0.26188038599379243                1.778242
                   458.0      30.844800000000003    -0.14504578267010207    -0.12033093686094483                1.672739
                   459.0      30.945600000000002    -0.19330903315406406    -0.05452332063970204                1.987709
                   460.0      31.046400000000002     0.10188088635930637      -0.048837340364195                1.495222
                   461.0                 31.1472       0.328210190599884     -0.2695973615862811                1.539956
                   462.0                  31.248       0.312461600008526     0.06629286095583285                 1.74703
                   463.0                 31.3488     0.10663661094488705      0.2361314948821823                  1.2731
                   464.0                 31.4496    0.007865622756990182    -0.18117458420653496                 1.21463
                   465.0                 31.5504    -0.18194102713024296   -0.006054959082472111                 1.65003
                   466.0                 31.6512    -0.21665409333702645    -0.26386227397389617                1.531954
                   467.0                  31.752    -0.00401561712563539    -0.16012157102902033                1.637779
                   468.0                 31.8528     0.28121637733979105    -0.21264168267470276                1.798164
                   469.0      31.953599999999998     0.09225726035913764    0.036721384401956325                 1.15183
                   470.0                 32.0544    -0.14144678147928258     0.17523444126448873                1.728996
                   471.0      32.155199999999994    -0.04326360753512998     0.13527269076157317                1.812074
                   472.0                  32.256    -0.18977953945066475     0.40113585424783127                1.776634
                   473.0       32.35680000000001    -0.06847949665743044    -0.13421795505153297                1.560772
                   474.0                 32.4576    -0.31363114460805985    0.008467736386272962                1.599349
                   475.0      32.558400000000006      -0.134287173829051    -0.12860800547279097                1.191331
                   476.0                 32.6592    -0.14821016197582534   0.0007251069890315265                1.862876
                   477.0      32.760000000000005    -0.08280706596142737    -0.20367566281561958                1.818425
                   478.0                 32.8608     0.14621174093817155    -0.06208875075351723                1.346502
                   479.0      32.961600000000004   -0.006381546740285208      0.0328135123463289                 1.13738
                   480.0                 33.0624     -0.3453063102968946     -0.4052430286447805                0.992919
                   481.0                 33.1632     0.05754218402523634    -0.43143773084533943                1.615093
                   482.0      33.263999999999996     0.17295115961023882     -0.3702030303935251                2.260864
                   483.0                 33.3648     0.05082246982982448    -0.19427406246180828                1.865302
                   484.0      33.465599999999995   -0.025494006633318467    -0.03885943175976871                2.309032
                   485.0                 33.5664     -0.1822277566256917     -0.1977933734787369                1.691113
                   486.0      33.667199999999994     0.07437483924542881      0.4542129016476607                2.003209
                   487.0                  33.768     0.21228589127955277     0.17377011312415638                1.628026
                   488.0       33.86879999999999     0.12967331014927935    -0.17484256777113039                1.869523
                   489.0                 33.9696    -0.01383229548041378      0.1370539444598386                1.940668
                   490.0       34.07040000000001    -0.02756314547171944      0.2797866664282732                2.158979
                   491.0                 34.1712     0.01136544265896626    -0.15728241131132423                1.603611
                   492.0      34.272000000000006     0.05484085962537964     -0.2345590640312593                1.804312
                   493.0                 34.3728     0.25189536909364263    -0.09504953077914834                2.095061
                   494.0      34.473600000000005     0.04577726198815352    -0.04834531148094226                1.702176
                   495.0                 34.5744     0.11428931667693379    -0.11828672756127723                2.198855
                   496.0      34.675200000000004      0.1412976108657607    -0.12019299354723603                2.108796
                   497.0      34.775999999999996     0.10465354393926024    -0.40228080384588827                1.853475
                   498.0                 34.8768     0.12260808915160813     -0.1622701167271236                2.239542
                   499.0      34.977599999999995     0.06159419960531132     -0.4762939307595064                2.339876
                   500.0                 35.0784       0.173707664134832    -0.31967999296599725                1.896684
                   501.0      35.179199999999994     0.19941982960831128     -0.2137019228398439                1.471265
                   502.0                   35.28     0.13277545609744318    -0.19399401457070384                1.963872
                   503.0      35.380799999999994     0.04718427421352835     0.01214475808915293                2.184985
                   504.0                 35.4816    -0.04111769671613702    -0.06538020349055362                2.170328
                   505.0       35.58240000000001      0.1510545898258721    -0.37081531192806483                1.521038
                   506.0                 35.6832     0.22484633934588963    -0.18352966691549322                1.679803
                   507.0      35.784000000000006     0.32913336674147325    -0.24077011595280923                 1.60102
                   508.0                 35.8848     0.09493894289787808     -0.3050798835590598                1.269944
                   509.0      35.985600000000005     0.05974385185022299     -0.1412706217447498                 1.65322
                   510.0                 36.0864     0.24051884508595028     -0.2909484929369596                1.583445
                   511.0      36.187200000000004       0.471697522019378    -0.09004187412038331                 1.15119
                   512.0                  36.288       0.331814372017738    0.042565016815283296                1.557389
                   513.0                 36.3888     0.22871561668667295    -0.06766947565957047                1.690093
                   514.0      36.489599999999996      0.2470083591822213    -0.20417657229555594                 2.26245
                   515.0                 36.5904       0.709359076870105     -0.1944003354684245                2.166086
                   516.0      36.691199999999995      0.2992648444909474    -0.15731239114215181                1.520555
                   517.0                  36.792     0.37046206352837946     -0.3439578747369604                1.942546
                   518.0      36.892799999999994       0.471970534246915     0.07572653956667075                1.639252
                   519.0                 36.9936     0.47386960524680505    -0.18080856694573894                2.087372
                   520.0       37.09439999999999      0.5400326355058448   -0.027551098778808486                2.204807
                   521.0                 37.1952     0.44437767185334254    -0.12546942356858154                2.771272
                   522.0       37.29600000000001      0.5330560418774785    0.049253956721108466                2.560604
                   523.0                 37.3968      0.5444449354620036     -0.1915414810428167                1.744767
                   524.0      37.497600000000006     0.48937039746238825    -0.20494560134701184                2.208353
                   525.0                 37.5984      0.4089848694267316    -0.04443777162080004                2.449939
                   526.0      37.699200000000005      0.3945517672807264     -0.0707142845447657                2.359864
                   527.0                    37.8      0.7768373719762618    0.022330997740613756                2.431219
                   528.0      37.900800000000004      0.4552141309775373   -0.057830288242587236                2.387384
                   529.0      38.001599999999996      0.5942593239907822    -0.08198042043501369                2.180166
                   530.0                 38.1024     0.46380054269795046    -0.09855906418500028                2.412754
                   531.0      38.203199999999995      0.7673066453588294     0.09373012707805584                3.156071
                   532.0                  38.304                     nan                     nan                     nan
                   533.0      38.404799999999994      1.0913346154952683     0.12268693177519047                2.281782
                   534.0                 38.5056      0.7941274051977487     0.17957645193626298                2.577643
                   535.0      38.606399999999994      0.6660903652731982     0.13584072776984135                3.040787
                   536.0                 38.7072      0.6167241039664902      0.2747524895994192                2.730381
                   537.0       38.80800000000001      0.6360000087096523      0.2604848416737171                3.009339
                   538.0                 38.9088       0.955948616485985     0.26843364485391225                3.151351
                   539.0      39.009600000000006      0.9797059013431408      0.2140770182273951                2.530125
                   540.0                 39.1104      0.8868678331927327     0.35717543286606906                2.037926
                   541.0      39.211200000000005      1.0519869613550783      0.2695521884619359                2.743353
                   542.0                  39.312      1.1628421135807079     0.14904706376577265                2.204412
                   543.0      39.412800000000004       1.065887484827752     0.46141287528230457                2.291095
                   544.0                 39.5136      1.2151355514597024      0.5531984471802054                2.549223
                   545.0                 39.6144      1.2654855001786844     0.14932093361453214                2.202567
                   546.0      39.715199999999996      1.1785074015469283     0.45095423788712724                3.093271
                   547.0                  39.816       1.113920415635263     0.07004544728779238                2.897626
                   548.0      39.916799999999995      0.7756685628676885      0.2695147403113341                3.115049
                   549.0                 40.0176                     nan                     nan                     nan
                   550.0      40.118399999999994      0.9226977670672878     0.12771240232838105                1.768842
                   551.0                 40.2192       1.136032398158897     0.26880913970387027                 2.24782
                   552.0       40.31999999999999      1.1388240927121198      0.5381892779221906                2.345894
                   553.0                 40.4208      1.1896772508655622     0.37302178950263604                2.355748
                   554.0       40.52160000000001      1.1729508316802857     0.24383636317971918                2.408393
                   555.0                 40.6224       1.243334668830117     0.28762683969076175                2.232188
                   556.0      40.723200000000006      1.2931195439548693      0.4480738989028729                1.936644
                   557.0                  40.824       1.405830429773626    0.009028865478100778                2.147222
                   558.0      40.924800000000005      1.4936167976726118     0.37815540194643127                 2.55285
                   559.0                 41.0256      1.3938073783981673     0.17608467182922904                 2.84691
                   560.0      41.126400000000004      1.5319372388175894     0.32873329464159273                2.624014
                   561.0      41.227199999999996       1.641083378852324     0.13558988544387185                2.782068
                   562.0                  41.328      1.7257338241019737      0.1873150666328831                2.870519
                   563.0      41.428799999999995       1.949914574946217      0.2773975396668159                2.075998
                   564.0                 41.5296       1.558085070807719      0.2592503860725094                2.085496
                   565.0      41.630399999999995      1.8457395619681258     0.16023179402411203                2.225361
                   566.0                 41.7312      2.2000895515859473    -0.23636790410717456                2.404593
                   567.0      41.831999999999994       2.249007441183481    -0.12885308778252702                2.405712
                   568.0                 41.9328      2.6823314200619954    -0.11221808466010419                2.606077
                   569.0       42.03360000000001      2.6423498997618955    0.019789940700082553                2.737089
                   570.0                 42.1344       2.233354992118927     -0.1359584609101071                2.113242
                   571.0      42.235200000000006      2.4152941489815296    -0.12698227440741405                2.065185
                   572.0                  42.336       2.075768743971017    -0.20382344462528723                 2.43757
                   573.0      42.436800000000005       2.259823084911865   -0.020410553434878298                2.872007
                   574.0                 42.5376      2.4797761043583697    -0.09368388941987305                2.440807
                   575.0      42.638400000000004      2.2230897944714885     0.21627143249229586                2.535613
                   576.0                 42.7392       2.309893338943244     0.03923431974994773                2.496425
                   577.0                   42.84       2.408516798698904     -0.2089724092600056                1.981083
                   578.0      42.940799999999996       2.753700715755346     -0.5109723600142716                1.721189
                   579.0                 43.0416       2.842857718208725     0.17733904454295923                1.797717
                   580.0      43.142399999999995       2.436482552712349   -0.054172227763148895                1.653955
                   581.0                 43.2432      2.5531459543631723    -0.39028386583637176                1.964438
                   582.0      43.343999999999994      2.4498553548353783    -0.12305076732649156                1.793715
                   583.0                 43.4448      1.8176354174577747     -0.1283833944714774                1.588011
                   584.0       43.54560000000001                     nan                     nan                     nan
                   585.0                 43.6464      1.9858136270408777     -0.4201134880278572                1.225731
                   586.0       43.74720000000001       2.300563466094553     -0.6152565418773388                 1.27373
                   587.0                  43.848      2.5295813711553623     -0.6578696300844767                  1.3319
                   588.0      43.948800000000006      2.1750446199985514     -0.8086865418456158                1.204793
                   589.0                 44.0496      2.4118410027021717     -0.7637896457449009                1.011821
                   590.0      44.150400000000005      2.0280582963822957     -0.6523190017268938                0.715841
                   591.0                 44.2512      2.1973779059903427     -0.2637890380764989                0.956613
                   592.0      44.352000000000004                     nan                     nan                     nan
                   593.0      44.452799999999996       2.810170540897757      -0.863757771239553                 0.89147
                   594.0                 44.5536      1.6677537012358803    -0.05719819746833088                0.625497
                   595.0      44.654399999999995                     nan                     nan                     nan
                   596.0                 44.7552     0.18002928314876773      0.7124735205357791                0.524102
                   597.0      44.855999999999995                     nan                     nan                     nan
                   598.0                 44.9568      3.1684770984492205       1.360104729251799                0.608175
                   599.0       45.05760000000001                     nan                     nan                     nan
                   600.0                 45.1584                     nan                     nan                     nan
                   601.0       45.25920000000001       3.432876253010514    -0.27483341331730005                0.986981
                   602.0                   45.36      2.8806685864922867      0.1233183120632233                1.572445
                   603.0      45.460800000000006                     nan                     nan                     nan
                   604.0                 45.5616      3.6411738637634814     0.04078927547836386                0.658679
                   605.0      45.662400000000005      3.3483491558014697     0.15229541217030707                0.876736
                   606.0                 45.7632       2.946992419137797     0.26033078815285204                0.767457
                   607.0      45.864000000000004      2.9849553432154785       0.634392463705787                1.039722
                   608.0                 45.9648                     nan                     nan                     nan
                   609.0                 46.0656                     nan                     nan                     nan
                   610.0      46.166399999999996       3.874052630496136      0.9241875790996932                0.599379
                   611.0                 46.2672                     nan                     nan                     nan
                   612.0      46.367999999999995      2.0913757097482177     0.15724592668752801                0.699457
                   613.0                 46.4688                     nan                     nan                     nan
                   614.0      46.569599999999994      3.2328871197985256      -0.308583891389802                0.643608
                   615.0      46.670399999999994                     nan                     nan                     nan
                   616.0       46.77119999999999                     nan                     nan                     nan
                   617.0       46.87199999999999                     nan                     nan                     nan
                   618.0       46.97279999999999                     nan                     nan                     nan
                   619.0       47.07359999999999                     nan                     nan                     nan
                   620.0       47.17439999999999                     nan                     nan                     nan
                   621.0       47.27519999999999                     nan                     nan                     nan
                   622.0       47.37599999999999                     nan                     nan                     nan
                   623.0       47.47679999999999                     nan                     nan                     nan
                   624.0       47.57759999999999                     nan                     nan                     nan
                   625.0       47.67839999999999                     nan                     nan                     nan
                   626.0       47.77919999999999                     nan                     nan                     nan
                   627.0       47.87999999999999                     nan                     nan                     nan
                   628.0       47.98079999999999                     nan                     nan                     nan
                   629.0       48.08159999999999                     nan                     nan                     nan
                   630.0       48.18239999999999                     nan                     nan                     nan
                   631.0       48.28319999999999                     nan                     nan                     nan
                   632.0      48.383999999999986                     nan                     nan                     nan
                   633.0      48.484799999999986                     nan                     nan                     nan
                   634.0      48.585599999999985                     nan                     nan                     nan
                   635.0      48.686399999999985                     nan                     nan                     nan
                   636.0      48.787199999999984                     nan                     nan                     nan
                   637.0      48.887999999999984                     nan                     nan                     nan
                   638.0       48.98879999999998                     nan                     nan                     nan
                   639.0       49.08959999999998                     nan                     nan                     nan
                   640.0       49.19039999999998                     nan                     nan                     nan
                   641.0       49.29119999999998                     nan                     nan                     nan
                   642.0       49.39199999999998                     nan                     nan                     nan
                   643.0       49.49279999999998                     nan                     nan                     nan
                   644.0       49.59359999999998                     nan                     nan                     nan
                   645.0       49.69439999999998                     nan                     nan                     nan
                   646.0       49.79519999999998                     nan                     nan                     nan
                   647.0       49.89599999999998                     nan                     nan                     nan
                   648.0       49.99679999999998                     nan                     nan                     nan
                   649.0       50.09759999999998                     nan                     nan                     nan
                   650.0       50.19839999999998                     nan                     nan                     nan
                   651.0       50.29919999999998                     nan                     nan                     nan
                   652.0       50.39999999999998                     nan                     nan                     nan
                   653.0       50.50079999999998                     nan                     nan                     nan
                   654.0      50.601599999999976                     nan                     nan                     nan
                   655.0      50.702399999999976                     nan                     nan                     nan
                   656.0      50.803199999999975                     nan                     nan                     nan
                   657.0      50.903999999999975                     nan                     nan                     nan
                   658.0      51.004799999999975                     nan                     nan                     nan
                   659.0      51.105599999999974                     nan                     nan                     nan
                   660.0      51.206399999999974                     nan                     nan                     nan
                   661.0       51.30719999999997                     nan                     nan                     nan
                   662.0       51.40799999999997                     nan                     nan                     nan
                   663.0       51.50879999999997                     nan                     nan                     nan
                   664.0       51.60959999999997                     nan                     nan                     nan
                   665.0       51.71039999999997                     nan                     nan                     nan
                   666.0       51.81119999999997                     nan                     nan                     nan
                   667.0       51.91199999999997                     nan                     nan                     nan
                   668.0       52.01279999999997                     nan                     nan                     nan
                   669.0       52.11359999999997                     nan                     nan                     nan
                   670.0       52.21439999999997                     nan                     nan                     nan
                   671.0       52.31519999999997                     nan                     nan                     nan
                   672.0       52.41599999999997                     nan                     nan                     nan
                   673.0       52.51679999999997                     nan                     nan                     nan
                   674.0       52.61759999999997                     nan                     nan                     nan
                   675.0       52.71839999999997                     nan                     nan                     nan
                   676.0       52.81919999999997                     nan                     nan                     nan
                   677.0      52.919999999999966                     nan                     nan                     nan
                   678.0      53.020799999999966                     nan                     nan                     nan
                   679.0      53.121599999999965                     nan                     nan                     nan
                   680.0      53.222399999999965                     nan                     nan                     nan
#-----------------------------------------------------------------------------------------------------------------------
# experiment: raw_data
# path: /Users/andreapicco/Google Drive/RESEARCH/EvoCellBio/Protein_tracking/Data/Sla1/18_degree/Sp/raw_data
# file: 10.shd1.txt
# protein: Shd1-GFP
# date: 23/09/22
# notes: strain MKYP0006; imaged at 18 deg C
# t_unit: s
# delta_t: 0.1008
# coord_unit: pxl
# intensity_normalisation: None
# l_cm: (73.89066223032565, 138.83109005242903)
# r_cm: (30.35993882046937, 94.63237328307954)
# m_angle: -0.42104650712912484
# m_lag: -152
# trajalign_version: 1.83
# lie_down_angle: 1.0645970087628431
# lie_down_translation: (-30.008866606179367, -95.23474399221311)
