%% Trajectory 143
235 90.243301 104.847023 0.678321 2.303485 27.229839
236 90.095551 105.136261 0.643333 1.793566 2.892335
237 90.268349 105.178558 1.010515 2.193404 28.168793
238 89.806412 105.336784 0.748845 1.894733 5.485282
239 90.010887 105.984756 0.895157 2.131688 15.255951
240 90.094360 105.398651 0.755026 1.981614 34.721901
241 90.069382 105.296768 1.056272 2.011893 23.099455
242 90.126122 104.905678 0.541244 1.771703 3.977243
244 90.281433 105.272247 0.863330 1.960935 15.715474
245 89.876999 105.406677 0.685272 2.140060 21.487564
246 90.239944 106.025528 0.662492 2.308131 39.304817
248 90.633369 105.360008 0.994386 2.330713 45.408707
249 90.154411 105.587875 0.637765 2.412011 6.483247
250 90.736221 105.802910 0.699237 2.360277 23.702156
251 90.273170 106.120949 0.729472 2.485352 10.747034
253 90.754616 105.616402 0.824699 2.427973 39.585449
254 90.712990 105.189171 1.088891 2.393373 34.789288
255 90.689476 105.320992 0.938902 2.187661 46.648945
256 90.752228 105.458351 0.797352 2.677166 50.534199
257 90.358223 105.218117 1.409966 2.042709 8.224442
258 90.408577 105.031197 1.100939 2.232628 17.352962
259 90.116653 104.940315 1.051219 2.306578 34.884064
260 90.662857 104.987854 1.313071 2.307852 15.113339
262 90.290726 105.397980 1.036497 2.199386 6.668368
263 90.614334 104.866730 0.952031 2.001796 34.103111
264 90.752647 104.961716 0.973943 2.045616 28.155756
265 90.768921 104.816940 1.290843 2.048431 10.378445
266 90.881447 105.028923 0.920695 2.726099 60.725594
267 90.508064 105.355598 0.909642 2.528645 63.185200
268 90.363159 105.466377 1.222628 2.235118 13.550392
269 90.588936 105.053192 1.346353 2.142630 10.237230
270 90.428772 105.009903 1.293330 2.208564 4.335516
271 90.891243 104.825699 1.526710 2.290012 6.917740
272 90.520096 105.352966 1.402416 2.493442 24.149775
273 90.083641 105.212387 1.145108 2.146450 13.687034
274 90.661674 104.988098 1.430999 2.088034 10.743973
275 90.556015 105.001846 1.665535 2.117961 7.241148
276 90.328461 105.214272 1.509789 2.298347 24.491608
277 90.514603 105.112762 1.608044 2.187509 8.596526
278 90.417809 105.249924 1.965587 2.240381 9.375659
279 90.330780 104.920319 1.359951 2.078607 23.004093
280 90.235573 105.317215 2.042362 2.112966 8.869823
281 90.519684 105.005119 1.949413 2.189490 3.127564
282 90.550842 105.104424 1.881243 2.361399 24.718573
283 90.545677 105.034843 1.517752 2.271162 30.670956
284 90.809166 104.921806 1.436185 2.194772 30.048475
285 90.265083 105.185898 1.830616 1.968589 9.653847
286 90.502327 105.165039 2.308105 2.305079 12.265192
287 90.261681 105.049271 1.736478 2.102577 19.848810
288 90.585693 105.057617 1.783352 2.107654 15.610209
289 90.225113 104.960358 2.010032 1.955966 3.870894
290 90.502533 105.263733 2.247805 2.364448 18.057627
291 90.472511 105.018730 2.327561 2.133403 13.896756
292 90.397552 105.047302 2.318201 2.101461 22.779621
293 90.551506 105.193558 2.206937 2.053642 20.815073
294 90.435066 104.983521 2.407506 2.178656 6.627264
295 90.315125 105.013153 2.626989 2.248651 27.550310
296 90.385460 105.262474 2.140994 2.199972 28.582340
297 90.434708 104.964432 2.725576 2.334482 15.225606
298 90.392166 104.848473 2.653496 2.144183 23.276936
299 90.392021 104.995079 2.451601 2.165494 16.393351
300 90.242996 105.147461 2.738407 2.147322 23.002586
301 90.471184 105.044052 2.842001 2.192781 17.884327
302 90.447578 104.914711 2.914487 2.117743 8.938354
303 90.380554 104.957420 3.181059 2.066660 1.674893
304 90.491142 105.026237 2.601742 2.145200 1.034344
305 90.605072 105.127388 3.115181 2.130280 1.868310
306 90.451317 104.793129 2.678550 2.311654 5.024091
307 90.409576 104.928421 3.044267 2.102492 5.429274
308 90.388374 104.858879 3.271070 2.067316 0.464347
309 90.570374 104.955917 3.055799 2.180266 0.400218
310 90.306580 104.899643 2.673096 2.052745 3.514141
311 90.479652 105.022499 3.056759 2.113962 0.472794
312 90.379761 104.958893 2.819488 2.064874 8.854010
313 90.532196 104.919090 3.376580 2.180292 0.043225
314 90.299767 104.949440 2.644280 2.038576 5.771927
315 90.546227 104.915329 3.196558 2.179656 0.001875
316 90.503777 105.015282 3.088123 2.314153 0.150897
317 90.374947 104.841034 2.836660 2.143548 7.783137
318 90.403008 105.017914 3.377803 2.067491 0.028566
319 90.489349 104.919052 3.282864 2.169528 0.010190
320 90.410149 104.827995 3.341644 2.213068 0.213953
321 90.348312 104.841148 3.733830 2.137952 0.051619
322 90.498489 105.044167 3.879200 2.121193 0.000017
323 90.466942 104.827644 4.318683 2.209751 0.008848
324 90.473534 104.928650 4.338964 2.199731 0.000003
325 90.480057 104.833923 4.359590 2.242097 0.000155
326 90.215233 104.793068 4.015820 2.054535 0.000048
327 90.474579 104.966797 4.018273 2.100314 0.002301
328 90.511101 104.740952 4.291904 2.206354 0.000009
329 90.371117 104.778084 3.569765 2.170675 0.007553
330 90.626160 104.926125 3.833483 2.124205 0.011983
331 90.410385 104.823051 4.297394 2.090061 0.000001
332 90.505348 104.862526 3.989695 2.160626 0.000096
333 90.545883 104.817261 4.082997 2.206190 0.000546
334 90.575523 105.057686 4.154267 2.141963 0.000266
335 90.519150 104.906670 4.610449 2.227324 0.000000
336 90.488037 104.918152 4.044899 2.216188 0.000004
337 90.516006 105.125137 4.080901 2.258550 0.000036
338 90.444656 105.053589 4.860757 2.189819 0.000000
339 90.558411 104.916168 4.154246 2.175067 0.000839
340 90.599365 105.079475 4.099814 2.084469 0.000000
341 90.485664 104.976059 4.161646 2.230929 0.000018
342 90.674927 104.970551 4.244219 2.137115 0.000004
343 90.539124 104.918327 4.146514 2.200060 0.000000
344 90.551224 104.961655 3.681964 2.253394 0.000988
345 90.576042 105.066269 3.596148 2.170154 0.000603
346 90.522957 105.008812 3.713535 2.149002 0.103008
347 90.736450 105.074051 3.615200 2.161684 0.052961
348 90.477913 105.164223 3.696556 2.238582 4.665131
349 90.547623 105.012314 3.230576 2.137825 2.638506
350 90.649765 105.078369 3.566327 2.037633 1.378692
351 90.796074 105.080536 3.820758 2.217742 0.453874
352 90.656364 105.155212 4.277961 2.155535 0.094480
353 90.775238 105.150352 4.658670 2.025252 0.000351
354 90.790512 105.121490 3.744612 2.101953 0.414554
355 90.831337 105.222511 3.947746 2.155412 0.018509
356 90.979919 105.278214 3.877436 2.120821 0.012312
357 90.670624 105.306641 3.594687 2.131911 0.003881
358 90.945908 105.343628 3.382069 2.178775 0.064596
359 90.819595 105.335274 3.718822 2.186090 0.000452
360 90.928467 105.430252 3.818189 2.172700 0.000051
361 90.921516 105.379440 3.420224 2.134417 0.233417
362 91.012794 105.381340 3.002017 2.264322 6.197330
363 90.862633 105.340263 3.086876 2.256618 1.620669
364 91.059128 105.211296 3.224141 2.069277 0.469379
365 91.221283 105.387764 2.921045 2.206460 5.248909
366 90.996910 105.414246 3.223231 2.225822 1.003304
367 91.344986 105.518623 2.899511 2.375530 5.296497
368 91.310028 105.373680 2.453568 2.257573 35.175549
369 91.410606 105.360611 3.041635 2.423328 3.823548
370 91.405434 105.344414 3.112835 2.293168 2.523934
371 91.237595 105.550903 2.884089 2.404351 10.858907
372 91.551346 105.321587 2.844753 2.542011 25.845619
373 91.474861 105.227364 2.041149 2.270713 70.340637
374 91.406303 105.125801 2.904752 2.261382 13.822590
375 91.358414 105.078773 2.475211 2.300040 32.496098
376 91.243843 105.232552 2.604828 2.222713 39.454296
377 91.617813 105.334877 2.432233 2.283022 53.892967
378 91.591835 105.537346 2.468590 2.560419 52.622059
379 91.393456 105.721428 2.737064 2.364465 35.584862
380 91.484634 105.619278 2.225237 2.458468 37.444511
381 91.795662 105.572433 1.981447 2.318980 50.997639
382 92.034523 104.785774 2.261407 2.301879 34.135490
383 92.256546 104.891434 1.992419 2.336478 27.970797
384 92.027397 104.740578 1.867998 2.104969 47.794224
385 91.497536 104.841438 1.643769 2.610639 36.197849
386 91.860558 104.683998 1.680787 2.412728 41.741348
387 92.326813 104.531845 1.246432 2.469631 23.790205
388 91.906960 104.669449 1.179842 2.857601 12.513125
389 91.153107 104.975197 1.257555 2.947845 19.947834
390 91.125092 105.263725 1.403208 3.008448 7.013672
392 91.668663 104.973747 0.897740 2.953103 3.519817
394 91.224007 105.045868 1.370553 2.534125 21.852051
395 91.556763 105.004868 1.511705 2.620641 21.749392
396 91.005981 104.904617 1.464165 2.539361 36.095715
399 91.701050 105.317055 1.258390 2.790249 28.378170
