%% Trajectory 22
7 107.700615 28.162708 2.437109 3.339703 18.446980
8 107.106087 27.652336 2.806306 3.599354 30.603027
10 106.528648 27.984926 2.176394 3.360728 25.231312
12 107.287674 28.298056 2.946312 2.970976 28.142376
13 107.540466 28.498093 2.787996 3.447594 5.128720
14 107.157211 27.845076 3.106133 3.139966 22.580475
15 106.668968 28.057800 2.933091 3.116999 26.249023
16 106.874252 27.684502 3.324690 3.224233 36.020729
17 106.796570 28.172647 2.934783 2.965271 17.826714
19 107.311775 27.804697 2.666003 3.198583 19.511883
21 106.652840 27.802317 3.882610 3.313228 8.434696
22 106.664116 28.053827 3.137393 2.842127 18.573935
24 105.704300 27.983669 4.833866 2.735451 0.948661
25 105.849342 28.005100 4.418685 2.925897 7.265352
26 105.629227 27.588768 3.879846 3.581660 6.996279
28 105.846703 27.626623 4.064667 3.105721 14.641576
29 106.284714 27.922600 4.798321 2.992871 0.105765
31 105.644363 27.945154 4.552803 3.427959 15.522033
33 106.525589 27.819998 3.423474 2.686903 40.279530
34 106.474197 28.396324 4.045283 3.070082 25.557346
