%% Trajectory 22
20 72.801666 29.085892 1.862413 2.751123 34.685928
21 72.948036 28.957542 1.645199 3.001608 49.570118
22 72.725708 28.933880 2.538210 2.659685 2.855587
23 72.753204 29.418386 2.463502 3.210104 3.740333
24 73.021782 29.199867 2.038311 3.010875 19.766699
25 72.778305 29.546446 1.816989 2.969615 30.410967
26 72.698792 29.357880 2.406955 2.987002 17.848701
27 73.278381 29.660233 2.235884 3.209930 17.219280
28 73.009102 29.904781 2.308614 2.587457 23.825703
29 72.767502 29.715357 1.785042 2.786733 39.518040
30 72.966301 29.674641 1.674435 2.624794 4.842672
31 72.754997 29.860424 1.810004 2.655387 4.464765
32 72.524376 29.417997 1.667570 3.169782 23.719780
