%% Trajectory 113
106 24.861763 138.589447 3.412861 3.744849 9.385478
108 24.981941 139.935181 3.550903 2.728977 3.236869
110 24.846544 139.710327 4.619719 2.757800 0.010843
111 24.756582 139.703918 5.151641 2.970557 0.000001
114 24.958809 139.859848 7.712546 2.669498 0.000000
115 25.007475 139.670853 7.685829 2.875578 0.000000
116 25.145931 139.897232 8.088567 2.651518 0.000000
117 25.218096 140.082520 8.445475 2.806223 0.000000
118 25.147711 139.897720 7.766858 2.975743 0.000000
119 25.288227 139.763336 6.817428 2.863139 0.000000
120 25.111580 139.860519 6.361520 2.654308 0.000000
121 25.405186 139.833008 6.328949 2.928111 0.000000
123 25.639961 139.242828 4.848666 2.998909 0.000272
124 25.895273 139.026123 5.144333 2.850772 0.000000
