%% Trajectory 1
0 38.315723 111.830208 2.926668 2.261054 0.067077
1 38.328793 111.839676 3.097643 2.260273 0.045945
2 38.342098 111.979530 3.132850 2.228249 0.010383
3 38.338345 111.808990 3.351722 2.368445 0.020869
4 38.256020 111.853333 3.028286 2.198929 0.079380
5 38.276768 111.867668 3.095624 2.151752 0.194536
6 38.276287 111.787376 3.154771 2.286287 1.082243
7 38.345203 111.881966 3.369476 2.241397 0.007850
8 38.291981 111.805252 3.328644 2.337572 0.292300
9 38.285339 111.755455 3.482766 2.308466 0.001002
10 38.164478 111.672646 3.502714 2.260557 0.021621
11 38.312160 111.814087 3.567675 2.352179 0.124234
12 38.245605 111.750114 3.505652 2.185345 0.003690
13 38.372726 111.645233 3.237061 2.408916 0.001801
14 38.241302 111.839951 3.937799 2.216279 2.899075
15 38.399776 111.621696 3.788789 2.420330 0.048510
16 38.350754 111.782066 3.490992 2.227545 0.160446
17 38.418289 111.772743 3.412507 2.309108 0.012331
18 38.355835 111.737549 3.220710 2.320039 0.793556
19 38.441162 111.825783 3.625239 2.323669 0.003017
20 38.317154 111.886391 3.054283 2.135622 0.345006
21 38.231823 111.968811 3.334310 2.169530 0.062788
22 38.426395 111.849220 3.232462 2.387035 0.096045
23 38.359024 111.793816 3.178168 2.330173 2.051274
24 38.441978 111.804131 3.218419 2.321190 2.038972
25 38.402641 111.808250 3.558294 2.279306 0.001845
26 38.375935 111.918716 3.472357 2.214988 0.794433
27 38.327312 111.769943 3.521863 2.344791 0.216924
28 38.391644 111.854538 3.459891 2.318192 0.233263
29 38.338692 111.798111 3.592770 2.239099 0.380481
30 38.329338 111.836311 3.691307 2.253764 0.090163
31 38.293499 111.742828 3.767023 2.287032 0.348948
32 38.354534 111.644478 3.759999 2.336178 0.023063
33 38.311260 111.812241 3.754937 2.194851 0.784829
34 38.208210 111.785721 3.334216 2.175773 1.768439
35 38.399071 111.849297 3.120838 2.316155 3.785702
36 38.450272 111.720901 3.144170 2.428706 6.697074
37 38.351929 111.545509 3.152524 2.515100 1.708059
38 38.267025 111.762627 3.236333 2.294039 0.540183
39 38.340824 111.695000 3.028529 2.323691 7.919281
40 38.377869 111.407249 3.530549 2.479585 0.193271
41 38.269196 111.589020 3.260136 2.555645 2.516241
42 38.381218 111.662827 3.079029 2.415741 9.140379
43 38.355362 111.654724 3.459989 2.449039 0.424229
44 38.203957 111.682182 3.279468 2.349464 0.506301
45 38.307266 111.671310 3.715805 2.480879 0.160919
46 38.422802 111.692284 3.517609 2.402156 0.346381
47 38.390717 111.817375 3.117203 2.421864 8.642782
48 38.423241 111.713364 2.728074 2.245898 32.804031
49 38.451115 111.699783 3.017108 2.371675 11.702761
50 38.636292 111.622459 2.986420 2.523710 2.774409
51 38.562687 111.813042 3.035272 2.409930 10.776047
52 38.353924 111.743011 2.542395 2.288869 33.305668
53 38.466522 111.642357 2.906943 2.483629 11.967499
54 38.537598 111.852760 3.284454 2.429990 4.340835
55 38.382790 111.415169 3.364020 2.465542 1.170744
56 38.414993 111.600685 2.788202 2.479446 27.198326
57 38.412807 111.473625 2.597239 2.487073 37.518749
58 38.414291 111.567047 3.019730 2.537526 1.815665
59 38.527779 111.646622 3.192475 2.461465 7.440811
60 38.545071 111.574966 3.197697 2.447569 13.438670
61 38.515411 111.661880 3.026092 2.576527 15.756108
62 38.629406 111.594208 2.908632 2.498661 25.831263
63 38.497665 111.715851 2.566299 2.423626 41.725796
64 38.440487 111.521088 2.840624 2.509652 27.725838
65 38.529221 111.649681 2.793862 2.476578 26.834621
66 38.601910 111.747269 2.610756 2.309724 37.377041
67 38.590237 111.729309 2.975178 2.359281 27.928614
68 38.447002 111.633110 2.946729 2.448384 15.315895
69 38.462975 111.576164 2.628604 2.494868 31.518938
70 38.459538 111.556000 2.441401 2.513944 39.686596
71 38.595837 111.537643 2.607551 2.475089 20.625956
72 38.611305 111.508575 2.780246 2.519358 35.148384
73 38.482391 111.523537 2.641066 2.650275 22.805744
74 38.598095 111.591766 2.607129 2.416096 29.665253
75 38.665699 111.265839 2.454133 2.578012 11.612997
76 38.564915 111.334732 2.515735 2.378749 15.517937
77 38.645451 111.618851 2.781720 2.346676 33.610760
78 38.636478 111.410049 2.869870 2.464033 27.850290
79 38.639610 111.497498 2.400973 2.614257 10.304299
80 38.634064 111.335052 3.016269 2.448325 25.057594
81 38.651234 111.406013 2.698825 2.327944 17.868750
82 38.690231 111.561729 2.687487 2.485958 18.674084
83 38.810665 111.233658 2.476159 2.476288 16.081205
84 38.651035 111.432663 2.717728 2.452770 20.807945
85 38.666626 111.313538 2.390097 2.367582 29.726614
86 38.699020 111.262794 2.838545 2.205172 38.482475
87 38.664360 111.338837 2.696711 2.321308 22.614908
88 38.684811 111.104370 2.842304 2.501530 28.935127
89 38.848251 111.321068 2.683417 2.334193 17.806173
90 38.928989 111.266533 2.590167 2.333254 27.772493
91 38.745178 111.170807 2.405720 2.434106 16.857676
92 38.758579 111.311287 2.677099 2.393621 20.575281
93 38.786507 111.372757 2.507130 2.399119 21.533890
94 38.922348 111.206268 2.472780 2.291585 24.858654
95 38.687042 111.107224 2.367786 2.397747 26.091524
96 38.652336 111.310585 2.356502 2.491765 8.190646
97 38.819874 111.280830 2.497802 2.197673 48.572567
98 39.027958 111.551788 2.548971 2.429194 16.530037
99 38.922733 111.322762 2.445963 2.240249 30.891195
100 38.879581 111.226822 2.431267 2.168629 25.374594
101 39.076382 111.165047 2.714429 2.420555 24.607063
102 39.010582 111.343658 2.248235 2.277532 41.282951
103 38.902798 111.175926 2.104871 2.258346 11.745753
104 39.160061 111.321953 2.141608 2.210375 23.818624
105 39.133614 111.164848 2.145838 2.242814 9.816286
106 39.154812 111.275078 2.331520 2.419535 26.379728
107 39.049900 111.190460 2.479924 2.288857 39.788597
108 39.066467 111.108780 2.335637 2.281940 33.578007
109 38.965572 111.317856 2.249819 2.381563 26.066620
110 39.056404 111.085266 2.286774 2.424806 30.170589
111 39.117966 111.213081 2.161034 2.284848 34.962875
112 39.038677 111.168274 2.665241 2.192857 40.655773
113 38.966885 111.177917 2.749961 2.291236 46.767506
114 39.026646 111.179077 2.757696 2.239739 22.807203
115 38.939541 111.253876 2.327672 2.177033 40.924435
116 38.915527 110.968178 2.283471 2.213427 37.662006
117 39.022182 110.977715 2.646465 2.428255 24.986490
118 39.317402 111.348679 2.551292 2.397192 24.539577
119 38.907589 110.920662 2.349999 2.267388 36.781895
120 39.103294 111.209984 2.336450 2.271446 39.675838
121 38.948124 111.065742 2.294358 2.126813 43.519196
122 39.062336 111.079285 1.812907 2.324486 4.828978
123 39.111156 111.148804 2.049261 2.201122 33.175175
124 39.134617 111.197639 1.798010 2.087514 16.520988
125 39.191483 110.975754 2.236412 2.274126 29.494122
126 38.908619 111.076981 2.280914 2.184486 31.422421
127 39.297131 110.947136 2.056017 2.381369 24.317266
128 39.213924 111.169876 1.978491 2.513604 7.222436
129 39.119831 111.119293 2.432137 2.252769 35.195633
130 39.230694 111.076843 2.168880 2.321569 22.104118
131 39.176311 110.844643 2.271268 2.219412 31.250710
132 39.234138 110.834778 1.887097 2.298791 7.717001
133 39.172558 110.926727 2.194033 2.316804 28.175270
134 39.302738 110.938263 1.841258 2.176546 19.995811
135 38.968716 111.152267 1.674554 2.103183 11.034137
136 38.993176 110.835175 1.772538 2.352485 11.099332
137 39.320057 110.937592 1.803495 2.236531 5.441831
138 39.193634 110.781342 2.108054 2.376184 20.199863
139 39.290485 110.976555 1.810090 2.181812 8.841223
140 39.211998 110.860214 2.023015 2.228974 15.493553
141 39.533516 110.822495 1.622646 2.474655 5.320116
142 39.368069 110.899376 1.391193 2.567715 17.976978
143 39.433380 110.916725 1.434323 2.311639 20.937979
144 39.319439 110.720406 1.737216 2.449954 19.071796
145 39.373268 111.088730 1.727985 2.298043 20.610458
146 39.552433 110.881485 1.544729 2.237683 19.525524
147 39.333160 110.906746 1.545671 2.356602 27.240379
148 39.257931 110.710594 1.745422 2.088776 16.148968
149 39.421387 110.836929 1.308876 2.212039 27.636681
150 39.339722 110.530357 1.543367 2.368011 19.999645
151 39.590515 110.795158 1.111723 2.336954 41.547104
152 39.678802 110.655693 1.705140 2.428253 8.245418
153 39.380512 110.787399 1.541868 2.236367 26.330667
154 39.668533 110.848595 1.647654 2.253219 20.780981
155 40.023022 111.008934 0.995871 2.021309 44.725430
157 39.953033 110.876862 0.954310 2.711867 24.559921
158 39.390255 110.166542 0.905179 2.775882 27.536493
159 39.533669 110.938675 0.745610 2.695387 26.588045
160 39.498959 110.987930 0.924760 2.223594 39.799725
161 39.215786 110.774040 1.068731 2.619953 31.343527
162 39.325516 110.631683 1.091835 2.584731 39.299274
163 39.268902 110.205902 1.050909 2.797452 23.450974
165 39.559170 110.936874 0.691753 2.544870 43.182861
167 39.733315 110.813423 0.811445 2.155141 50.554756
168 40.002979 110.627022 0.721398 2.575965 48.426891
169 39.785606 110.874886 0.781019 1.867461 18.076654
171 40.125023 110.661827 1.146155 2.519861 43.710026
173 39.786938 109.805077 0.677043 3.039297 12.792732
176 39.949848 110.755516 0.903170 1.996470 39.508717
177 40.032276 110.433929 0.787016 2.229284 39.424030
178 39.804302 110.595009 0.961384 2.356647 60.858387
180 39.729366 111.219994 0.587528 2.064236 42.053635
