%% Trajectory 23
0 100.893845 50.364223 0.866060 2.346041 145.433151
1 101.072289 50.807648 0.972557 2.215723 142.673218
2 100.892212 50.804272 0.852198 2.144293 131.679230
3 101.288406 50.690765 0.883560 2.144295 141.033646
4 101.172867 50.790161 1.250819 2.115953 109.280731
5 101.173958 50.889183 0.942234 2.011399 85.428581
6 101.144081 50.167450 0.923918 2.149724 151.496796
7 100.912041 50.320587 0.948399 2.212842 150.727463
8 101.034729 50.284924 0.736879 1.996145 72.392624
9 101.010597 50.396717 0.731039 2.209200 98.248253
10 101.036346 50.377300 0.845450 2.201861 112.559196
11 101.107483 50.931141 0.997891 1.979063 104.662857
12 101.071060 50.674736 1.163201 2.223963 151.165787
13 101.188942 50.672836 1.286526 2.123726 82.824593
14 101.140678 50.798473 1.037870 2.051642 117.144089
15 101.261620 50.916588 0.901097 2.042440 128.822632
16 101.120857 50.716991 1.067654 2.149096 145.527512
17 101.187569 50.646626 1.109565 2.082722 128.263916
18 101.113937 50.553276 1.223987 2.293233 161.256897
19 101.094849 50.254570 1.251233 2.206918 148.946030
20 101.254501 50.573135 1.353166 2.195528 124.280220
21 101.060532 50.597504 1.446746 2.089832 91.651749
22 101.060173 50.558167 1.291113 2.280200 115.508987
23 101.077072 50.782108 1.538434 2.058881 89.794662
24 101.157753 50.769257 1.663801 2.130034 85.066490
25 101.126984 50.573696 1.277678 2.238552 105.478691
26 101.217163 50.772449 1.193254 2.181887 96.298943
27 101.054771 50.404312 1.562122 2.291093 104.831833
28 101.154274 50.704388 1.532425 2.011536 94.794495
29 101.197540 50.769001 1.500112 2.200624 90.029831
30 101.139297 50.616413 1.380572 2.128328 103.299515
31 101.074608 50.607254 1.346845 2.215361 96.961487
32 101.009819 50.543953 1.555961 2.154400 101.469917
33 101.151108 50.627964 1.294388 2.226366 100.037239
34 101.163284 50.638710 1.295323 2.173171 106.608337
35 101.358467 50.563522 1.147158 2.268520 136.185501
36 101.054214 50.464920 1.218280 2.263326 121.518181
37 101.286041 50.733700 1.420911 2.120295 100.470268
38 101.085663 50.273899 1.250048 2.390413 129.999390
39 101.225342 50.544994 1.206997 2.228107 139.148163
40 101.066010 50.637611 1.362260 2.132517 102.195213
41 101.297462 50.664333 1.312773 2.276671 120.238045
42 101.103905 50.625858 1.192295 2.119760 131.229340
43 101.232651 50.651970 1.157049 2.091267 134.529190
44 101.342514 50.804550 0.903659 2.076566 109.315376
45 101.078217 50.545578 1.199928 2.241323 149.896713
46 101.046310 50.668591 1.474481 2.162060 102.040054
47 101.077606 50.687572 1.286028 2.140115 110.911049
48 100.805496 50.196648 1.020483 2.383870 139.123657
49 101.170082 50.589592 1.410111 2.240734 124.309204
50 100.965996 50.626450 1.259333 2.032334 111.087852
51 100.855988 50.772354 1.351551 2.285376 158.070129
52 101.231270 50.733368 1.312286 2.072723 148.953751
53 101.229408 50.738819 1.495739 2.174944 157.529739
54 101.233498 50.682980 1.219942 2.097405 147.518265
55 101.122147 50.630211 1.426342 2.150152 123.056648
56 101.175224 50.738712 1.192308 2.045773 154.162048
57 101.265678 50.669056 1.499021 2.234185 141.064331
58 101.108330 50.783569 1.136624 2.151733 176.073959
59 101.172546 50.981628 1.250154 2.063253 141.166275
60 100.964310 50.840740 1.368380 2.093795 105.337746
61 100.920326 50.972897 1.313847 1.969094 107.248810
62 101.260536 50.699844 1.490161 2.121636 109.188660
63 101.144157 51.063297 1.481810 2.048366 110.639030
64 101.149567 50.786293 1.296756 2.059619 123.931358
65 101.219139 50.835659 1.301984 2.140338 130.163712
66 100.985596 50.581955 1.545548 2.122434 107.296951
67 101.356834 51.014091 1.060927 2.177446 144.016403
68 101.078102 50.613544 1.133060 2.301889 197.532288
69 101.278656 50.718502 1.261187 2.195531 184.273682
70 101.368645 51.007904 1.425497 2.112166 133.245010
71 101.190804 50.705025 1.338772 2.082183 115.764259
72 100.975098 50.820412 1.249220 2.183537 145.461746
73 101.101212 50.550003 1.547007 2.174254 115.887482
74 101.194160 50.641525 1.655410 2.217153 112.637924
75 101.037773 50.723457 1.769529 2.075662 92.593246
76 101.222549 50.626102 1.522941 2.394109 108.852943
77 101.158661 50.725960 1.605017 2.148197 120.124420
78 101.097504 50.606541 1.616668 2.309813 121.979614
79 101.105103 50.596390 1.640951 2.287380 142.010071
80 101.103630 50.489849 1.584275 2.285179 129.479218
81 101.200012 50.624943 1.374717 2.272116 149.577240
82 101.279167 50.695065 1.693890 2.151362 128.254700
83 101.066635 50.812511 1.547369 2.028197 127.866989
84 101.109131 50.754406 1.634593 2.099337 126.815147
85 101.048439 50.671371 1.113636 2.084193 126.514778
86 101.213860 50.573009 1.694477 2.282771 119.998505
87 101.141663 50.760288 1.488061 2.124465 121.959091
88 101.197784 50.563961 1.886254 2.206651 96.928329
89 101.081223 50.873009 1.491336 2.020175 89.180161
90 100.968796 50.519058 1.607652 2.403143 128.952942
91 101.205780 50.939857 1.441186 2.111156 139.676163
92 101.026550 50.785027 1.298942 2.458882 149.201141
93 100.941147 50.643833 1.379833 2.285495 193.545624
94 101.231300 50.898060 1.441245 2.070338 124.936211
95 101.025337 50.566696 1.641993 2.363398 140.732361
96 101.351738 50.795933 1.699232 2.225848 133.060486
97 101.193962 50.812473 1.684908 2.128973 124.568626
98 101.123077 50.820774 1.122938 1.989009 118.462456
99 101.133636 50.583355 1.332503 2.239917 173.719910
100 101.275169 50.794647 1.468747 2.258656 152.202942
101 101.044395 50.903877 1.791478 2.026496 98.216881
102 101.173126 50.845421 1.131008 2.198926 151.909103
103 101.332649 50.866741 1.227751 2.215223 171.931168
104 101.169548 50.727707 1.397774 2.031484 139.849976
105 101.187706 51.202747 1.148145 2.080498 155.474411
106 101.139572 50.823364 1.527543 2.039412 102.313858
107 101.304802 50.972355 1.481144 2.090072 132.240799
108 101.233078 50.942657 1.397276 2.055398 131.912674
109 101.163567 50.878139 1.482375 2.054446 123.886383
110 101.253922 50.957001 1.381333 1.978472 113.773643
111 101.152481 50.813541 1.529661 2.238215 128.481964
112 101.267937 50.945797 1.361623 2.120899 131.284256
113 101.257408 51.081627 1.312531 1.950155 104.102966
114 101.131828 50.950745 1.396136 2.113312 169.301437
115 101.397987 50.970234 1.191577 2.042968 115.730270
116 101.408890 50.917049 1.495790 2.133861 154.880524
117 101.211456 50.831074 1.644024 2.177068 153.500931
118 101.123711 50.777554 1.584931 2.060636 143.619919
119 101.175911 50.979183 1.458033 2.107836 148.315277
120 101.051949 51.010971 1.351165 2.106696 134.548370
121 101.316185 50.954662 1.499879 2.164214 143.744095
122 101.241104 50.789585 1.664515 2.143297 127.997162
123 101.071938 50.764439 1.651721 2.129735 117.376244
124 101.218025 50.731781 1.500224 2.090799 121.742439
125 101.096855 51.010811 1.665344 1.919021 70.120560
126 101.178215 50.808422 1.670499 2.037041 109.626244
127 101.080635 50.934929 1.491116 2.265828 162.707031
128 101.130447 50.928501 1.627082 1.994157 92.122047
129 101.046471 50.718586 1.983669 2.176652 95.881981
130 101.123962 50.952267 1.712738 2.092282 123.855713
131 101.056969 50.825378 1.991066 2.034497 108.687195
132 101.150879 50.745689 1.582263 2.087246 106.692261
133 101.362083 50.782425 1.611104 2.045650 114.846428
134 101.169098 50.871693 1.404782 2.048307 105.704872
135 101.308067 50.830910 1.667926 2.135247 105.251274
136 101.328201 50.785156 1.742617 2.074332 110.067276
137 101.310989 50.802162 1.645143 2.003960 84.463585
138 101.113800 50.674278 1.695819 2.045900 101.792908
139 101.222023 50.775074 1.835234 2.035099 98.700500
140 101.211464 50.873608 2.010672 2.083080 77.151535
141 101.172104 50.831821 1.904751 2.088939 79.727707
142 101.054268 50.724838 1.756686 2.094332 110.307869
143 101.212090 50.732838 1.710148 2.038687 92.889221
144 101.078186 50.820652 1.939853 2.039451 100.807602
145 101.257721 50.853409 2.056436 2.061395 84.731781
146 101.149796 50.797218 1.799444 2.126328 139.085297
147 101.399467 50.886322 2.055747 2.048279 74.557632
148 101.287384 50.784691 1.917823 2.059468 97.304482
149 100.787292 50.499275 1.598827 2.384351 131.260986
150 101.092430 50.785622 1.688589 2.024252 92.303810
151 101.213173 50.965359 2.214595 1.902288 63.568268
152 101.205292 51.052628 1.956740 2.006542 72.455902
153 101.101128 50.799091 1.782462 2.097522 89.337341
154 101.031013 50.792030 1.875274 2.086782 87.012657
155 101.048058 50.828506 1.875759 1.964322 81.504730
156 101.279701 50.819538 1.844058 1.972482 81.732948
157 100.992882 50.931957 2.090763 1.959478 53.176147
158 101.153915 50.880611 2.007606 2.047747 84.258545
159 101.004532 50.837978 2.067523 2.061791 44.324242
160 101.110954 50.878426 2.336900 1.994944 37.610626
161 100.991653 50.984791 1.556457 1.874334 67.679703
162 100.926323 50.955048 2.077060 2.044486 71.897972
163 101.178925 50.792679 1.629171 1.897070 96.909515
164 101.116310 50.959694 1.834285 2.009554 91.421906
165 101.163727 50.887333 1.789730 2.084448 90.637283
166 101.152489 50.816715 1.718636 2.007132 102.456581
167 101.206734 50.704159 1.603803 2.030798 101.351601
168 101.191185 50.825897 1.789787 2.075745 86.970963
169 101.197617 51.027046 1.730082 2.087881 87.339790
170 101.157120 50.844818 1.726213 1.961418 51.960331
171 101.069489 50.727646 1.783544 1.978055 92.250931
172 101.058418 50.715199 1.989384 2.113309 118.017181
173 101.181747 50.925869 1.656760 2.042667 79.378563
174 101.117241 50.871540 1.679060 1.901660 68.818390
175 101.017799 51.012829 2.057528 1.886144 59.177265
176 101.038719 50.779137 1.957826 1.987601 78.525085
177 101.136986 50.874115 1.983576 2.081117 106.396568
178 101.156769 50.895325 1.715046 1.981337 88.570816
179 101.117088 51.039898 1.894115 2.010785 91.813606
180 101.198059 51.012627 1.794744 2.054180 97.381355
181 101.108704 50.879303 1.867679 1.999452 100.033928
182 101.087418 50.773514 1.978740 2.076485 101.530273
183 101.129974 50.988617 2.223964 2.019989 79.940430
184 101.249771 50.923439 2.087849 1.950881 78.465248
185 101.183685 50.909645 2.025764 2.079529 81.208199
186 101.205025 50.822018 1.969577 2.111410 125.642921
187 101.133453 50.868229 2.520487 1.978795 47.343071
188 101.261124 50.938015 2.399339 1.991606 45.159187
189 101.122650 50.733608 2.429726 2.086667 41.843376
190 100.932327 50.833153 2.151525 2.055558 80.591270
191 101.159981 50.867573 2.025640 1.968553 79.815079
192 101.084885 50.710632 2.058545 2.010147 85.850639
193 101.124802 50.939404 2.092175 1.994920 75.348930
194 101.226326 50.914864 2.237961 2.081708 74.849564
195 101.040657 50.725525 2.033664 2.051418 89.813812
196 101.119568 50.883789 1.969032 1.938770 92.159317
197 101.136948 50.854015 1.931765 2.022299 112.666885
198 101.150284 50.734081 2.086305 2.226718 101.225945
199 100.969208 50.651306 2.378120 2.075226 44.886562
200 101.140991 50.834660 2.205717 2.033428 61.130833
201 101.172699 50.735851 1.960208 2.041551 88.847168
202 101.094444 50.825169 2.109729 1.997513 64.621719
203 101.135849 50.764473 1.976647 1.927737 90.829659
204 101.232361 50.856922 2.008430 2.027704 106.731133
205 101.255852 50.949249 2.008747 2.010807 110.921265
206 101.272194 50.848030 1.997680 2.049883 96.324371
207 101.197395 50.808842 2.463262 1.995725 36.106499
208 100.926300 51.044453 2.128987 2.027975 77.871231
209 101.204399 50.726147 1.654643 2.004958 94.059273
210 101.149597 50.806667 2.422997 1.992534 44.833485
211 101.148376 50.680798 2.036020 2.059480 105.921432
212 100.974937 50.909561 2.264347 1.954978 49.734909
213 101.258026 50.826069 1.877303 2.044066 104.021164
214 101.070877 50.910019 2.125421 1.994853 75.302177
215 101.244247 50.702259 2.312240 2.107790 59.184540
216 101.236137 50.797203 2.323195 2.088537 58.454037
217 101.133957 50.703480 2.098137 2.117482 95.265366
218 101.177803 50.819286 2.213149 2.039366 75.361153
219 101.155083 50.929459 2.395719 1.999986 55.182251
220 101.088318 51.030567 2.432053 1.911773 35.960331
221 101.183510 50.911831 2.487568 1.914303 19.696320
222 101.200722 50.935139 2.178944 2.076426 61.873192
223 101.316772 50.860710 2.539606 2.035408 28.259136
224 101.086769 50.812191 2.423535 2.085907 36.561279
225 101.168785 50.864906 2.758642 1.966760 20.046623
226 101.074036 50.837418 2.183388 2.043354 62.284676
227 101.073235 50.841782 2.502890 1.983945 26.413784
228 101.187149 50.781025 2.437917 1.984387 64.946487
229 101.048492 50.817635 2.531763 2.009067 35.493504
230 100.982094 50.782684 2.959322 2.066262 33.731480
231 101.121376 50.922558 2.336190 2.000695 55.881092
232 101.191925 50.865520 2.443429 2.066444 68.674149
233 101.088226 50.798573 2.437810 1.964922 50.947033
234 101.138588 50.682701 2.535340 2.100304 43.348358
235 101.137627 50.816803 2.555413 1.956131 39.087921
236 101.191170 50.749249 2.286896 2.064029 55.386288
237 101.136879 50.838676 2.562508 2.005917 43.722897
238 101.052765 50.729519 2.349715 1.958964 42.464622
239 101.185570 50.603649 2.265661 2.054157 66.169846
240 101.280777 50.921513 2.295426 2.072828 64.370781
241 101.167915 50.628307 2.399484 2.080828 51.178432
242 101.166397 50.830544 2.347949 1.972499 41.771976
243 101.167740 50.872284 2.283058 2.039239 75.898972
244 101.077873 50.941395 1.960788 1.916748 60.501030
245 101.125229 50.664017 2.189525 1.994365 80.041801
246 101.203278 50.821533 2.568172 2.061679 47.525093
247 101.203316 50.797623 2.387713 2.056900 61.535412
248 101.014595 50.768494 2.540449 1.997275 37.588226
249 101.241241 50.921001 2.371966 1.983959 52.907272
250 101.138908 50.879837 2.638084 2.034539 33.091274
251 101.172844 50.751190 2.331935 2.050607 51.008640
252 101.251495 50.830158 2.388426 1.997688 50.701321
253 101.171249 50.784149 2.249228 2.007514 71.252014
254 101.288223 50.874935 2.252687 1.928603 45.761353
255 101.245972 50.941635 2.669828 2.012526 49.021069
256 101.245407 50.781681 2.478413 2.031471 47.558094
257 101.161583 50.760342 2.480729 2.044755 55.715725
258 101.208878 50.895878 2.255373 2.030160 45.313072
259 101.178963 50.683640 2.538665 2.048055 54.228523
260 101.165283 51.027004 2.160115 1.963796 69.556793
261 101.187866 50.715061 2.400691 2.067179 66.519737
262 101.106689 50.769211 2.475197 1.982523 45.323540
263 101.101028 50.724663 2.452964 2.006862 50.944695
264 101.225906 50.848507 2.280896 1.940984 58.368286
265 101.307617 50.727119 2.511493 2.166899 73.281517
266 101.210579 50.889977 2.379490 1.950728 29.716419
267 101.043465 50.786243 2.789977 1.997001 34.810734
268 101.033966 50.730301 2.522522 2.059839 38.879105
269 101.125427 50.690556 2.371233 2.060980 58.589855
270 101.069122 50.646610 2.477332 2.061984 67.548424
271 101.146774 50.747330 2.709081 2.008541 68.393677
272 101.229553 50.687534 2.050422 2.167229 63.638203
273 101.209465 50.697990 2.335834 2.138291 86.697273
274 101.105148 50.909664 1.919734 1.950196 36.085106
275 101.131325 50.616917 2.158192 2.128541 69.104355
276 101.249474 50.880272 1.941079 1.987780 53.915855
277 101.155525 50.745937 2.017616 1.985838 32.317299
278 101.036011 50.700359 1.930709 2.029593 78.977730
279 101.334549 50.870026 1.939197 2.099763 100.963448
280 101.052536 50.770863 2.199288 1.994450 50.578106
281 101.139198 50.640312 2.430456 2.140068 73.562263
282 101.118126 50.770027 2.520786 2.056819 68.141289
283 101.102478 50.632774 2.747304 2.008668 35.113636
284 101.094780 50.695927 2.629385 1.988241 51.647945
285 101.097427 50.596577 2.616711 2.243325 77.232887
286 101.121574 50.789169 3.009534 2.032960 41.429985
287 100.953377 50.797424 2.755550 2.085245 58.753799
288 101.140564 50.764847 2.631701 1.969445 60.133728
289 101.175537 50.831928 2.919788 2.042557 38.863762
290 101.170593 50.673321 3.297135 2.150038 28.872667
291 101.231865 50.619316 2.453823 2.086554 80.633423
292 101.227531 50.658337 2.321512 2.121177 77.657776
293 101.028419 50.706928 2.607788 2.120323 70.890961
294 101.000053 50.459869 2.541006 2.175624 61.940742
295 101.069160 50.689957 2.879489 2.027438 28.313667
296 101.117523 50.715824 2.429499 2.055409 59.798084
297 101.220543 50.598988 2.551574 2.145286 47.092243
298 101.126045 50.707520 2.806134 2.045051 31.184368
299 101.013130 50.544289 2.549264 2.063586 39.071289
300 101.081001 50.755329 2.649273 2.011711 47.323524
301 101.219696 50.762196 2.485647 1.989898 60.587658
302 101.123970 50.726337 2.946790 2.055410 45.605225
303 101.077477 50.654167 2.633166 2.112967 76.569489
304 101.027596 50.721985 2.825433 2.056364 58.198196
305 101.055519 50.679230 2.298366 1.952004 42.282642
306 101.218422 50.597359 2.541949 2.127151 77.559944
307 101.036377 50.707165 2.399203 1.981444 55.784454
308 101.165413 50.566490 2.749566 2.130310 53.017715
309 101.168709 50.593777 2.276829 2.097425 51.683189
310 101.123070 50.390446 2.643038 2.204375 65.491776
311 101.061638 50.542873 2.642774 2.079704 45.839172
312 101.068481 50.582489 2.824845 2.055455 29.948074
313 101.108719 50.496399 2.414398 2.141754 41.201267
314 101.111893 50.587730 2.492911 2.025920 43.029102
315 100.972610 50.581806 2.690463 2.125360 56.551022
316 101.142670 50.375607 2.131917 2.121573 37.526535
317 101.210136 50.614376 2.427373 2.026729 57.104923
318 101.154976 50.553322 2.291140 2.109829 60.317898
319 101.172447 50.648842 2.640862 2.070240 55.463337
320 100.954308 50.587948 2.611651 2.008582 48.067688
321 101.099205 50.596981 2.974122 2.061143 22.030254
322 101.142220 50.543732 2.906503 2.205496 54.759373
323 101.145752 50.539303 2.823584 2.076108 21.116739
324 101.146042 50.547359 2.153262 2.108695 49.977020
325 101.129326 50.579994 2.247821 2.180007 72.144394
326 101.137878 50.713028 2.486738 1.942564 33.796303
327 101.096092 50.429348 2.228794 2.095750 60.818871
328 101.185966 50.515656 3.173156 2.171477 35.119347
329 101.218697 50.497227 2.696936 2.157907 59.101410
330 101.142326 50.536526 2.478908 2.117763 60.688484
331 101.178589 50.547867 2.388082 2.200842 70.768486
332 101.221252 50.540043 2.505567 2.237148 78.237640
333 101.088547 50.496540 2.483451 2.099836 57.780518
334 101.158661 50.486919 2.590411 2.111056 43.506618
335 101.098701 50.454086 2.405266 2.074023 58.468716
336 101.159309 50.489780 2.321616 2.167127 52.880756
337 100.958099 50.585968 2.077926 2.059442 53.292850
338 101.163452 50.346497 1.991894 2.046333 27.220423
339 101.043533 50.553276 2.354922 2.031242 48.126904
340 101.150978 50.555531 2.264373 2.083498 61.514034
341 101.061508 50.371090 2.008587 2.121298 51.065861
342 101.189056 50.633808 2.361100 2.138635 61.269123
343 101.180405 50.639736 2.554153 2.138142 53.437740
344 101.177567 50.551418 2.203706 2.126524 53.286892
345 101.128967 50.505707 2.225533 2.128568 62.064262
346 101.068672 50.406044 1.861918 2.063017 74.671700
347 101.055542 50.542774 2.431214 2.222130 49.641289
348 101.198730 50.475815 2.464267 2.242457 68.716995
349 101.219414 50.374561 1.824637 2.133130 62.965584
350 101.073471 50.517063 2.257427 2.123557 59.686165
351 101.055046 50.403713 2.138988 2.104293 49.809891
352 101.029007 50.346737 2.186937 2.063494 47.706432
353 101.110146 50.472767 2.178770 2.186528 78.034729
354 101.257812 50.606045 2.588020 2.149647 72.631752
355 101.202263 50.401577 2.341276 2.131083 65.675003
356 101.141380 50.580589 2.129140 2.143673 65.610466
357 101.203705 50.402653 2.577667 2.182734 56.634789
358 101.184235 50.636757 2.450403 2.190185 61.630447
359 101.128799 50.437523 2.567013 2.179041 60.306015
360 101.131493 50.446888 2.133063 2.145560 60.366474
361 101.166069 50.607540 1.837445 2.112359 65.874123
362 101.088829 50.611740 2.062416 2.152142 84.213943
363 101.097656 50.471218 2.336242 2.211396 75.632072
364 101.036171 50.470516 2.348677 2.294070 84.148987
365 101.149124 50.534756 2.434773 2.194057 49.758743
366 101.165146 50.358204 1.895381 1.985801 57.217575
367 101.059486 50.450222 2.552402 2.133504 59.480495
368 101.115662 50.507210 2.313265 2.116557 79.673347
369 101.100822 50.467388 2.503604 2.150305 81.884491
370 101.142578 50.487545 2.316340 2.138824 89.352493
371 101.040062 50.477489 2.396188 2.075097 51.767826
372 101.125748 50.479713 2.227745 2.167354 93.048271
373 101.141182 50.201008 2.341605 2.157424 102.937920
374 101.197807 50.502670 2.081044 2.258743 85.538780
375 101.061455 50.223610 2.203942 1.993613 50.194702
376 101.229485 50.367481 2.125165 2.130743 81.746048
377 101.156380 50.229393 2.148072 2.090831 61.881962
378 101.222580 50.307766 2.704445 2.018295 63.760773
379 101.048317 50.192043 2.291699 2.013885 49.604706
380 101.203514 50.245583 2.285102 1.879961 34.140499
381 101.030685 50.358150 1.873690 2.118325 56.751022
382 101.132874 50.227226 2.175660 2.054790 45.751472
383 100.971901 50.151783 2.102565 2.017991 46.903255
384 101.062462 50.163319 2.287572 2.010389 48.154583
385 101.012238 50.272808 2.062113 2.022722 38.962387
386 100.930679 50.040703 2.137825 2.002621 29.630106
387 101.027168 50.160496 2.243383 2.086104 31.640009
388 100.938507 50.277576 1.941095 2.063915 29.654499
389 100.968712 50.212147 2.321156 2.129014 39.100990
390 101.071915 50.005432 2.063362 2.013086 25.996914
391 101.037506 50.163063 2.195646 1.978036 43.917809
392 100.981514 50.054203 2.087032 2.035661 55.561569
393 100.980583 49.938103 2.105230 1.944189 36.696064
394 100.959145 50.159626 2.027195 1.916071 57.826977
395 100.930565 50.003586 1.917336 1.921283 36.115509
396 101.079277 49.997250 2.241368 1.982989 47.482838
397 101.019447 49.924858 1.981722 2.032032 67.893097
398 100.950661 49.846767 2.267661 2.015245 40.991020
399 100.744057 49.976971 2.071358 1.979732 40.936230
400 100.782982 49.985767 2.034559 2.117549 78.930138
401 100.837639 49.953461 1.773458 1.992236 48.770618
402 100.675735 49.859951 2.039710 2.194599 33.531387
403 100.780479 49.940113 1.700983 2.119735 73.258514
404 100.578026 49.783562 2.333235 2.248584 38.742744
405 100.567749 49.797737 1.859794 2.256061 64.758682
406 100.454330 49.935165 2.040430 2.217628 61.147606
407 100.585289 50.086792 2.225574 2.188168 51.105911
408 100.548775 49.850918 2.403646 2.237811 53.345982
409 100.602158 49.686817 2.027884 2.394629 75.584389
410 100.365852 49.772167 2.425861 2.278455 88.682297
411 100.444458 49.887962 2.587906 2.106748 47.614231
412 100.462860 49.722984 2.279581 2.414462 75.647728
413 100.404892 49.729359 2.915493 2.216561 51.368309
414 100.439285 49.681572 2.351219 2.371094 67.441170
415 100.446594 49.953255 2.547913 2.055660 45.162132
416 100.480240 49.701458 2.456144 2.421495 61.175449
417 100.363960 49.718967 2.157168 2.193469 80.215897
418 100.339371 49.821110 2.616387 2.123465 48.825882
419 100.259506 49.828957 2.026378 2.133582 51.942734
420 100.562881 49.643562 2.182251 2.407878 66.373550
421 100.537544 49.511326 2.331613 2.475365 51.988167
422 100.473419 49.549244 2.202403 2.431004 80.438141
423 100.452995 49.628017 2.013776 2.403203 111.133835
424 100.350594 49.467468 2.069779 2.399524 90.071915
425 100.331947 49.646297 2.455877 2.263506 52.825340
426 100.516205 49.654984 2.081931 2.516511 75.242439
427 100.206512 49.567028 2.122534 2.331141 56.006618
428 100.226486 49.677277 2.276793 2.033974 22.779617
429 100.465851 49.659260 2.052390 2.265965 61.997566
430 100.388420 49.570969 2.149766 2.350360 62.495358
431 100.201180 49.498184 1.919034 2.246408 65.487808
432 100.309456 49.642250 2.526538 2.338307 42.222027
433 100.366600 49.396919 2.376435 2.317011 44.040428
434 100.279846 49.680233 2.403502 2.122008 51.624554
435 100.130867 49.370094 2.475661 2.424789 37.613403
436 99.994484 49.695873 2.598216 2.182932 37.985970
437 100.195831 49.575882 2.231033 2.149862 49.700394
438 100.185677 49.463009 2.329570 2.352638 54.851719
439 100.009201 49.641247 2.342160 2.179230 43.218727
440 100.117233 49.619572 1.999774 2.217777 57.686867
441 100.125031 49.571503 2.405308 2.181226 61.340816
442 100.060066 49.411213 2.656072 2.211933 35.995811
443 100.177818 49.395779 2.247476 2.211662 55.915085
444 100.120583 49.349720 2.306813 2.312470 83.462639
445 99.961243 49.354988 2.483799 2.179131 42.224586
446 100.204002 49.497616 2.114320 2.488643 72.876411
447 99.963814 49.186134 2.599944 2.183744 41.274132
448 100.123886 49.313274 2.755959 2.287781 65.947502
449 99.984161 49.228264 2.523058 2.205761 60.714832
450 100.031250 49.434864 2.223793 2.289557 46.895367
451 99.943176 49.083996 2.287911 2.240418 52.521164
452 100.249245 48.968952 2.058824 2.310905 60.756607
453 100.016739 49.077217 2.262440 2.078279 51.851410
454 100.008102 49.157097 2.444911 2.219019 78.816093
455 100.102684 49.229675 2.416976 2.182332 86.254150
456 100.223434 49.060326 2.106845 2.293070 75.014694
457 100.188759 48.881844 2.929345 2.238898 56.673603
458 99.952156 48.945175 2.159259 2.104601 67.429718
459 100.088181 48.941792 2.008745 2.244110 79.819771
460 100.012428 48.913910 1.988174 2.175593 86.895264
461 100.030991 49.018486 2.005939 2.081857 51.375751
462 100.180832 49.039276 2.035554 2.071933 61.679325
463 100.179695 48.689720 2.195451 2.141577 55.186497
464 100.042969 48.939537 1.776500 2.005556 53.952950
465 100.031013 49.213100 1.627307 2.071350 70.546432
466 99.946701 49.119831 1.536035 2.165622 56.381493
467 99.846054 49.093979 1.715278 2.123711 61.511112
468 99.724182 49.022980 1.703537 2.041288 57.879772
469 99.837372 49.186371 1.306593 1.981827 83.455635
470 99.840034 49.164597 1.935248 2.057731 64.815514
471 99.845642 48.708469 1.988228 2.140038 61.700977
472 99.873642 48.909817 2.090819 2.221204 53.801609
473 100.055786 49.034115 1.717501 2.061392 61.181530
474 100.009743 48.841995 1.891292 2.114389 61.071396
475 100.037628 48.692135 1.884153 2.047854 50.931831
476 99.857628 48.760197 2.197219 2.108278 40.300213
477 99.739037 48.717335 1.503121 2.118847 110.471924
478 100.122459 48.373329 1.328838 2.404663 116.745605
479 100.193680 48.148384 1.751700 2.200690 74.815163
480 100.544807 47.958317 1.593471 2.460582 104.611015
481 100.275681 48.072731 1.285551 2.323172 179.163925
482 99.841454 47.812725 1.411188 2.593681 132.660873
483 99.917679 48.165916 1.582701 2.370569 100.196678
484 99.566650 48.279915 1.253265 2.415096 197.957550
485 99.968033 48.489239 1.168260 2.406900 186.717514
486 99.906105 48.225220 1.069797 2.466240 168.166687
487 100.142059 48.345249 1.344921 2.362001 186.292404
488 100.031334 48.206448 1.393310 2.624670 147.484268
489 99.867142 48.372490 1.231416 2.669265 107.976608
490 99.993629 49.171658 1.040675 2.286228 223.519714
491 99.937943 48.589787 0.827824 2.579675 170.095123
492 99.526581 48.849480 1.115957 2.383329 198.453751
493 100.088867 49.036224 1.103810 2.283405 187.335480
494 99.743538 49.110615 1.417048 2.141123 141.677597
495 99.712929 48.861271 1.103857 2.527000 158.070038
496 99.720833 48.254509 1.281199 2.220263 153.037125
498 99.125725 49.174885 1.643795 2.537656 124.895447
499 98.755844 49.934299 1.712533 2.274669 139.198669
501 99.043297 49.607265 1.850014 2.307136 128.723923
502 98.716827 49.507698 1.978662 2.476568 84.885773
503 98.885536 49.761326 1.945400 2.288526 81.404449
504 99.078293 49.801785 2.130674 2.191218 82.281868
505 98.783714 49.735111 1.768353 2.234784 123.014389
506 99.069839 49.763081 1.896346 2.316878 99.133545
507 98.704102 49.915527 1.941241 2.412065 97.306580
508 98.971207 49.815235 1.839666 2.213028 117.478134
509 98.967346 50.024242 1.199651 2.615669 190.085449
510 98.970818 50.077099 1.349361 2.277822 152.863251
511 99.032875 50.233982 1.552069 2.096064 109.408951
512 98.712822 50.332352 1.145522 2.182476 187.036316
513 98.495193 50.816608 1.243698 2.498021 193.442596
514 98.651321 50.555325 1.434349 2.254598 191.370453
515 98.981583 50.627567 1.107022 2.006965 169.224411
516 99.594978 50.379868 1.061828 2.121634 159.179535
517 99.320267 50.882446 1.056968 2.218358 235.351120
518 98.711052 50.364101 1.196789 2.213776 198.944824
519 98.939331 49.651520 1.396771 2.444402 183.002335
520 99.503693 49.796837 1.088544 2.209786 206.505692
521 99.662086 49.516998 1.723825 2.357807 119.078941
522 99.573959 49.988110 1.526507 2.228958 136.895798
523 98.981812 50.063297 1.219071 2.120337 215.945343
525 99.508522 49.553150 1.417140 2.517860 160.412323
526 99.593712 49.406460 1.054418 2.663961 209.317215
527 99.018341 49.498734 1.355124 2.453551 182.740891
528 98.640221 49.953480 1.020723 2.255941 234.513290
530 97.854057 50.683876 1.339928 2.120635 185.973038
531 98.021538 50.990913 1.013546 2.440659 210.791611
532 97.914268 51.726181 0.977788 2.114320 176.768921
533 98.820496 51.971840 0.876030 1.943795 150.081802
534 98.904915 51.591740 0.876271 2.051539 133.455490
537 97.427399 51.719250 0.787559 2.518437 185.310730
539 98.561043 51.869583 1.118486 2.497308 179.990417
540 98.593887 51.631088 1.086320 2.231824 197.526230
541 98.417534 52.392384 0.826852 2.592471 142.133057
544 98.777000 51.860550 0.877591 2.652695 137.728043
547 99.383430 49.523975 0.956544 2.464002 174.006805
548 99.338463 49.824406 1.030527 2.254905 181.330811
550 97.903168 49.097355 1.271761 2.164268 182.212814
