#                 frames                   t (s)                 x (pxl)                 y (pxl)                       f
                   113.0       6.270000000000005                     nan                     nan                     nan
                   114.0       6.374500000000005                     nan                     nan                     nan
                   115.0      6.4790000000000045                     nan                     nan                     nan
                   116.0       6.583500000000004                     nan                     nan                     nan
                   117.0       6.688000000000004                     nan                     nan                     nan
                   118.0       6.792500000000004                     nan                     nan                     nan
                   119.0       6.897000000000004                     nan                     nan                     nan
                   120.0       7.001500000000004                     nan                     nan                     nan
                   121.0       7.106000000000003                     nan                     nan                     nan
                   122.0       7.210500000000003                     nan                     nan                     nan
                   123.0       7.315000000000003                     nan                     nan                     nan
                   124.0       7.419500000000003                     nan                     nan                     nan
                   125.0       7.524000000000003                     nan                     nan                     nan
                   126.0      7.6285000000000025                     nan                     nan                     nan
                   127.0       7.733000000000002                     nan                     nan                     nan
                   128.0       7.837500000000002                     nan                     nan                     nan
                   129.0       7.942000000000002                     nan                     nan                     nan
                   130.0       8.046500000000002                     nan                     nan                     nan
                   131.0       8.151000000000002                     nan                     nan                     nan
                   132.0       8.255500000000001                     nan                     nan                     nan
                   133.0       8.360000000000001                     nan                     nan                     nan
                   134.0       8.464500000000001                     nan                     nan                     nan
                   135.0                   8.569                     nan                     nan                     nan
                   136.0                  8.6735                     nan                     nan                     nan
                   137.0                   8.778                     nan                     nan                     nan
                   138.0                  8.8825                     nan                     nan                     nan
                   139.0                   8.987                     nan                     nan                     nan
                   140.0                  9.0915                     nan                     nan                     nan
                   141.0                   9.196                     nan                     nan                     nan
                   142.0                  9.3005                     nan                     nan                     nan
                   143.0                   9.405                     nan                     nan                     nan
                   144.0                  9.5095                     nan                     nan                     nan
                   145.0       9.613999999999999                     nan                     nan                     nan
                   146.0       9.718499999999999                     nan                     nan                     nan
                   147.0       9.822999999999999                     nan                     nan                     nan
                   148.0       9.927499999999998                     nan                     nan                     nan
                   149.0      10.031999999999998                     nan                     nan                     nan
                   150.0      10.136499999999998                     nan                     nan                     nan
                   151.0      10.240999999999998                     nan                     nan                     nan
                   152.0      10.345499999999998     -2.1634125365162773      0.6217917136374418                0.988835
                   153.0      10.450000000000003                     nan                     nan                     nan
                   154.0                 10.5545                     nan                     nan                     nan
                   155.0      10.658999999999999     -1.1183747716925128      0.1417033778031319                 1.28577
                   156.0                 10.7635      -1.829001088261072     -0.1934810843981961                0.906464
                   157.0      10.868000000000002                     nan                     nan                     nan
                   158.0                 10.9725      -1.235294627782597      0.5493371379860653                0.941451
                   159.0      11.077000000000012                     nan                     nan                     nan
                   160.0       11.18150000000001                     nan                     nan                     nan
                   161.0      11.286000000000008                     nan                     nan                     nan
                   162.0      11.390500000000007                     nan                     nan                     nan
                   163.0      11.495000000000005                     nan                     nan                     nan
                   164.0      11.599500000000003                     nan                     nan                     nan
                   165.0                  11.704     -1.6383670595998978     0.02710062714745043                1.126893
                   166.0      11.808499999999999     -1.2751504263064046     -0.5193940313661848                1.207003
                   167.0      11.913000000000004                     nan                     nan                     nan
                   168.0      12.017500000000002                     nan                     nan                     nan
                   169.0                  12.122     -1.5724346056856044     0.15388552942622996                0.999293
                   170.0      12.226500000000001      -0.808569679817383     0.20957419640903524                1.121507
                   171.0                  12.331      -1.083307866207506     0.05530130784120729                1.578929
                   172.0      12.435500000000001     -1.5344575807373013    -0.02009276455631548                1.486352
                   173.0                   12.54     -1.1300204492148833     -0.4846206121294293                1.640039
                   174.0                 12.6445                     nan                     nan                     nan
                   175.0      12.748999999999999     -1.5885335522791288     -0.4085621062382616                1.270935
                   176.0                 12.8535                     nan                     nan                     nan
                   177.0      12.957999999999998     -1.4279518818181853     -0.3320321029456019                2.711386
                   178.0                 13.0625     -1.1812164215503147     -0.3124476242084748                2.619771
                   179.0      13.167000000000002     -1.1077382441923695     0.07788288228846046                2.699402
                   180.0                 13.2715     -0.9686433522659119     0.08544307725739969                2.748593
                   181.0      13.376000000000001     -0.9968769882213199      0.3033330365344084                3.115433
                   182.0                 13.4805     -0.7674571027200286     0.28020730018775525                3.223794
                   183.0                  13.585     -0.7000091631595119    -0.00499218668947804                3.333078
                   184.0      13.689499999999999     -0.6093363162486292     0.11047234958931067                3.494549
                   185.0                  13.794     -0.6904121104573628     0.21874887852527533                  3.6494
                   186.0      13.898499999999999     -0.5992666082692872       0.334789766249739                2.867898
                   187.0                  14.003     -0.5422546348733558     0.26948660726410445                2.687868
                   188.0      14.107500000000002    -0.41977061475616156     0.30798553649507193                2.768425
                   189.0                  14.212    -0.37626039435492464      0.3193319758324006                3.382618
                   190.0      14.316500000000001     0.10614754868339424   -0.025826460966628842                2.762751
                   191.0                  14.421      0.1252037959025029    0.030873922858569998                3.221245
                   192.0      14.525500000000001                     nan                     nan                     nan
                   193.0      14.629999999999999     0.33209972758935097     0.12732493807577405                2.494967
                   194.0                 14.7345     0.16376233081677236    -0.01291873038676581                2.533358
                   195.0      14.838999999999999     0.14246116087693916    0.011220468858338412                2.351426
                   196.0                 14.9435     0.46053762100044343    -0.17383957085934154                1.753924
                   197.0      15.048000000000002    0.010132396362300955    -0.16024249504648364                2.061339
                   198.0                 15.1525      0.1549148336729349    -0.06052168513003051                2.402503
                   199.0      15.257000000000001       0.594795579497973      0.3204245826275107                1.978371
                   200.0                 15.3615      0.8793872446710774       0.254511770792534                1.832706
                   201.0      15.466000000000001     0.04123641890955294   -0.003672165819071878                1.931414
                   202.0                 15.5705      0.5294981321603587    -0.13647024239919892                2.651566
                   203.0                  15.675                     nan                     nan                     nan
                   204.0      15.779499999999999       0.616519268546609     0.14171911907612103                2.109468
                   205.0                  15.884     0.46319082528624855      0.3243767434129085                2.122357
                   206.0      15.988499999999998     0.27157070613692663    -0.04600352554752051                2.361278
                   207.0                  16.093      0.5233672181580269    -0.14601611095559244                1.893926
                   208.0                 16.1975      0.8800537527165243     -0.3420183066822118                 2.10314
                   209.0      16.302000000000003                     nan                     nan                     nan
                   210.0                 16.4065      0.6107155057191161     -0.2763088023897112                 1.44291
                   211.0                  16.511     0.42047307671905526      0.0401434202603356                1.107221
                   212.0                 16.6155      0.5980435390451401     0.19822015033563414                 1.74638
                   213.0                   16.72      0.5514056911361387    -0.10066857868474464                 1.11465
                   214.0                 16.8245      0.5090837660570172     0.46386290582484846                1.484224
                   215.0                  16.929      0.9892078315298517      0.2629960387042481                1.376979
                   216.0                 17.0335       0.858953307985264     0.36357555900621896                 1.20048
                   217.0                  17.138                     nan                     nan                     nan
                   218.0                 17.2425      1.2088580833950968    -0.22332949892001402                 1.08738
                   219.0                  17.347                     nan                     nan                     nan
                   220.0                 17.4515      1.2084949325848748  -0.0053208687892560835                1.866568
                   221.0                  17.556                     nan                     nan                     nan
                   222.0                 17.6605      1.4442044226118531      0.2503329388964899                1.369575
                   223.0                  17.765                     nan                     nan                     nan
                   224.0                 17.8695      0.9030113250164318    -0.27111632039061156                1.661046
                   225.0                  17.974       0.768711332796032     -0.1205844449170192                1.444241
                   226.0      18.078500000000002                     nan                     nan                     nan
                   227.0                  18.183      0.7870910898169106      0.0635767984455698                1.346534
                   228.0                 18.2875                     nan                     nan                     nan
                   229.0                  18.392       1.319894357997594      0.2237284216936385                1.086207
                   230.0                 18.4965      1.2197204845490768     -0.5059358503899822                1.299496
                   231.0      18.601000000000003                     nan                     nan                     nan
                   232.0                 18.7055      1.2715259763771614     -0.6036036944147756                1.291851
                   233.0                   18.81       2.098886150291105     -0.5854745065100091                1.621364
                   234.0      18.914500000000004                     nan                     nan                     nan
                   235.0      19.019000000000002                     nan                     nan                     nan
                   236.0                 19.1235      1.2727684647289628     -1.0484504742701508                1.628463
                   237.0                  19.228                     nan                     nan                     nan
                   238.0      19.332500000000003                     nan                     nan                     nan
                   239.0      19.437000000000005                     nan                     nan                     nan
                   240.0      19.541500000000006                     nan                     nan                     nan
                   241.0      19.646000000000008                     nan                     nan                     nan
                   242.0       19.75050000000001                     nan                     nan                     nan
                   243.0       19.85500000000001                     nan                     nan                     nan
                   244.0      19.959500000000013                     nan                     nan                     nan
                   245.0      20.064000000000014                     nan                     nan                     nan
                   246.0      20.168500000000016                     nan                     nan                     nan
                   247.0      20.273000000000017                     nan                     nan                     nan
                   248.0       20.37750000000002                     nan                     nan                     nan
                   249.0       20.48200000000002                     nan                     nan                     nan
                   250.0      20.586500000000022                     nan                     nan                     nan
                   251.0      20.691000000000024                     nan                     nan                     nan
                   252.0      20.795500000000025                     nan                     nan                     nan
                   253.0      20.900000000000027                     nan                     nan                     nan
                   254.0       21.00450000000003                     nan                     nan                     nan
                   255.0       21.10900000000003                     nan                     nan                     nan
                   256.0       21.21350000000003                     nan                     nan                     nan
                   257.0      21.318000000000033                     nan                     nan                     nan
                   258.0      21.422500000000035                     nan                     nan                     nan
                   259.0      21.527000000000037                     nan                     nan                     nan
                   260.0      21.631500000000038                     nan                     nan                     nan
                   261.0       21.73600000000004                     nan                     nan                     nan
                   262.0       21.84050000000004                     nan                     nan                     nan
                   263.0      21.945000000000043                     nan                     nan                     nan
                   264.0      22.049500000000045                     nan                     nan                     nan
                   265.0      22.154000000000046                     nan                     nan                     nan
                   266.0      22.258500000000048                     nan                     nan                     nan
                   267.0       22.36300000000005                     nan                     nan                     nan
                   268.0       22.46750000000005                     nan                     nan                     nan
                   269.0      22.572000000000052                     nan                     nan                     nan
                   270.0      22.676500000000054                     nan                     nan                     nan
                   271.0      22.781000000000056                     nan                     nan                     nan
                   272.0      22.885500000000057                     nan                     nan                     nan
                   273.0       22.99000000000006                     nan                     nan                     nan
                   274.0       23.09450000000006                     nan                     nan                     nan
                   275.0      23.199000000000062                     nan                     nan                     nan
                   276.0      23.303500000000064                     nan                     nan                     nan
                   277.0      23.408000000000065                     nan                     nan                     nan
                   278.0      23.512500000000067                     nan                     nan                     nan
#-----------------------------------------------------------------------------------------------------------------------
# experiment: 180515-180824_MKYP0008_all_raw_trajectories
# path: /Users/andreapicco/Google Drive/RESEARCH/EvoCellBio/Protein_tracking/Data/Rvs167/24_degree/Sp/180515-180824_MKYP0008_all_raw_trajectories
# file: 154.txt
# protein: Hob1-GFP
# date: all experiments from 01/05/18 to 24/08/18
# notes: strain MKY0008; acquisition with the new medium without extra amminoacids
# t_unit: s
# delta_t: 0.1045
# coord_unit: pxl
# intensity_normalisation: None
# l_cm: (105.99449453537106, 46.07502522287778)
# r_cm: (22.16299903688068, 81.08831979232674)
# m_angle: -1.64598103295
# m_lag: -53
# trajalign_version: 1.92
# lie_down_angle: 1.1754551906053223
# lie_down_translation: (-22.210601927132444, -80.85422541650829)
