%% Trajectory 70
125 210.694382 265.523621 0.169671 8.510098 0.436851
126 209.787216 264.481262 0.115015 9.421182 0.000006
129 211.979172 265.738373 0.161462 8.143392 7.414023
131 212.356705 264.175262 0.430621 6.348357 27.223501
132 212.620316 263.929047 0.496378 6.089771 27.721937
133 212.259674 263.513519 0.691381 6.549518 5.004127
134 212.493134 263.371552 0.977838 6.691473 0.341910
135 212.457062 263.783783 1.413251 6.628835 0.351818
136 212.396286 263.582825 1.658652 6.542528 2.508903
137 212.596695 263.744995 1.597742 6.376780 11.030814
138 212.425400 263.946259 1.676669 6.674664 0.740820
139 212.391556 263.694153 2.023088 6.412690 5.498410
140 212.587479 263.409363 2.003100 6.441099 1.753420
141 212.431763 263.248444 1.784938 6.395338 0.093153
142 212.344894 262.836243 1.934962 5.744604 0.081351
143 212.494995 263.141876 1.683469 6.070489 0.003796
144 212.480652 262.943359 1.511847 6.378881 0.003460
145 212.587997 263.253967 1.458975 6.068110 0.059626
146 212.541840 262.975616 1.608462 5.489585 0.731299
147 212.402496 263.156647 1.540145 5.970821 2.919099
148 212.511185 263.131226 1.385685 5.613152 3.187349
149 212.521271 262.986115 1.302429 5.693451 1.217463
150 212.461395 262.842316 1.373280 5.688230 2.930453
151 212.580292 262.838715 1.435965 5.777769 2.752645
152 212.420105 262.941833 1.273899 5.859592 6.826350
153 212.467087 262.969879 1.113216 5.272321 2.678613
154 212.740036 262.626556 0.913567 5.930284 4.326303
155 212.359787 262.957733 0.932641 5.262933 18.151930
156 212.179733 262.613007 0.743435 5.534898 9.316091
157 212.314209 262.713318 0.702990 5.373453 16.606817
158 212.222672 262.554749 0.625691 5.721131 5.701189
159 212.113998 262.590393 0.411960 6.119511 11.802363
160 211.689560 262.955963 0.380604 6.166916 8.746925
161 211.047775 262.587769 0.195518 5.796208 14.865061
