%% Trajectory 23
53 342.247375 396.998199 0.277039 4.475279 1.361953
54 341.188660 396.833282 0.375041 4.778147 3.013770
55 341.557739 397.363220 0.769656 4.802051 1.814886
56 341.402557 397.477509 1.221013 4.761190 10.053669
57 341.399475 397.449219 1.633360 4.715884 11.441577
58 341.634918 397.692139 1.988350 4.715057 3.606251
59 341.597504 397.706207 2.195541 4.824443 15.909670
60 341.711456 397.923004 2.598313 4.772885 1.340015
61 341.734406 398.300323 3.031014 4.813104 0.011072
62 341.708069 398.242859 3.137919 4.859764 0.002024
63 341.618683 398.513885 3.161321 5.282391 0.000300
64 341.632599 398.496124 3.558315 5.383648 0.000000
65 341.567322 398.535217 3.569803 5.270344 0.000000
66 341.448761 398.455688 3.373430 5.582246 0.000000
67 341.541382 398.530762 3.731371 5.292573 0.000000
68 341.386230 398.477692 3.605480 5.320744 0.000000
69 341.282227 398.395752 3.706579 5.030523 0.000000
70 341.150604 398.212280 3.393176 4.988897 0.000000
71 341.066650 398.121979 3.663125 5.044248 0.000000
72 340.761688 398.174805 3.253035 4.996585 0.002398
73 340.622772 398.182465 2.823528 4.822984 2.492617
74 340.575256 398.103943 2.755046 4.754058 15.211986
75 340.333069 398.332581 2.354673 4.831382 2.518276
76 340.454254 398.356659 2.353903 4.766162 0.419124
77 340.415527 398.654175 2.326782 4.809463 0.280286
78 340.357208 398.826141 2.126602 4.496685 0.000117
79 340.392487 399.340179 1.684440 4.888907 0.000000
80 339.953949 399.784515 1.817874 4.450286 0.000000
81 339.850525 400.208679 2.208704 4.511821 0.000000
82 340.049011 400.038605 1.847791 4.317182 0.000000
83 339.756439 399.934723 1.145557 4.612433 0.000000
84 339.796509 399.295990 0.706690 4.443168 0.000000
85 340.697571 399.958160 0.432457 4.781353 0.000000
