%% Trajectory 181
155 64.427780 57.158813 0.978718 2.706692 67.333527
158 64.805084 56.986080 0.924123 2.932106 64.079239
161 64.130547 57.121193 0.796783 2.188897 83.009499
162 64.364830 57.321838 0.724426 2.425919 71.929680
165 64.209152 57.738609 0.787516 2.479657 75.708908
166 64.277435 58.069988 0.803679 2.615851 67.095146
168 64.057648 57.757763 0.842864 2.981328 19.992863
169 64.133652 57.126434 0.839189 2.587256 57.458305
170 64.218552 58.067783 0.846214 2.444796 58.137768
171 64.302872 57.816254 1.003007 2.694238 75.459969
172 64.416344 57.653301 1.116256 2.598244 83.505257
173 64.518028 57.276287 0.958958 2.827680 63.571926
174 64.097168 57.663960 0.955627 2.544152 126.542793
175 64.454643 57.766560 0.954373 2.998702 45.295113
176 64.274689 57.926811 0.938124 2.502625 82.343658
177 64.348198 57.263065 0.999524 2.903235 53.108364
178 64.099785 57.291801 1.182838 2.304137 73.210403
179 64.328560 57.803116 0.928064 2.604101 170.720184
180 64.132042 57.966724 1.273283 2.448220 62.606163
181 64.573891 57.943329 1.359857 3.014786 66.304321
182 64.529663 58.104939 1.405578 2.820312 58.492744
183 64.421234 57.823788 1.156539 2.967408 74.718742
184 64.074760 57.329308 1.410833 2.494991 53.901630
185 64.262665 57.852676 1.411683 2.446216 44.286812
186 64.737137 57.732567 1.305129 2.785639 61.116875
187 64.527710 57.681915 1.174210 2.824454 62.062614
188 64.882156 57.434128 1.218592 2.835032 68.135590
189 64.367676 57.863796 1.443630 2.661745 38.652264
190 64.740509 57.467758 1.329725 2.726699 52.159546
191 64.258560 57.712543 1.367586 2.314215 50.398659
192 64.604271 57.971401 1.281857 2.771607 41.788612
193 64.159401 57.696941 1.351067 2.470594 43.920971
194 64.277809 57.827572 1.445241 2.591442 45.302128
195 64.260345 57.915112 1.420575 2.558296 30.037853
196 64.261047 57.708710 1.468678 2.626405 31.377254
197 64.091621 57.789021 1.678821 2.423699 34.770794
198 64.237541 57.649155 1.703195 2.404957 40.017380
199 64.507271 58.003807 1.622330 2.404211 20.969038
200 64.302261 57.705605 1.915668 2.520472 46.013771
201 64.219864 57.961136 1.808478 2.394278 44.638306
202 64.228676 57.590050 2.010741 2.472162 39.129757
203 64.226395 57.747566 1.990847 2.319023 38.507710
204 64.378021 57.820370 1.846718 2.519206 49.884853
205 64.430275 57.737270 1.897018 2.496801 31.100428
206 64.496994 57.800819 1.947439 2.584412 24.056986
207 64.523956 57.242138 1.714645 2.641273 18.471558
208 64.376732 57.791119 1.698783 2.355030 28.515154
209 64.336258 57.781036 1.932762 2.390787 26.504498
210 64.512421 57.680538 1.871909 2.477663 10.248911
211 64.279831 57.396225 1.758960 2.250819 26.566319
212 64.483955 57.785793 1.808853 2.357139 27.672106
213 64.391220 57.754036 2.136804 2.312922 52.774445
214 64.411751 57.643661 1.804562 2.534797 44.264542
215 64.305595 57.779640 1.682428 2.300843 37.673527
216 64.473961 57.863308 2.205794 2.419289 59.987190
217 64.452072 57.558086 2.188693 2.522371 34.110958
218 64.434593 57.634075 2.017616 2.385156 60.349319
219 64.544273 57.770786 1.955357 2.509088 66.148628
220 64.421577 57.688873 2.059611 2.496630 60.665508
221 64.568436 57.598919 2.573613 2.539492 37.081394
222 64.462357 57.664726 2.470627 2.497735 40.335136
223 64.598045 57.830723 2.273135 2.345257 55.375477
224 64.443108 57.733494 2.155124 2.443912 46.559177
225 64.348251 57.649845 2.318402 2.176911 38.222668
226 64.473221 57.873810 2.307668 2.370022 32.143761
227 64.344376 57.818409 2.010211 2.383671 48.968239
228 64.535812 57.826237 1.868643 2.466447 49.087097
229 64.424797 57.965485 2.141855 2.143217 38.730713
230 64.497101 57.864967 2.269458 2.219442 30.192230
231 64.426018 57.781311 2.786632 2.267176 8.502049
232 64.451141 57.982571 1.986898 2.342054 42.089806
233 64.573273 57.836723 2.456186 2.413116 33.512142
234 64.356255 57.738518 2.257774 2.288676 46.591171
235 64.623970 57.955929 2.449269 2.134895 36.533516
236 64.438087 57.897114 2.418731 2.371734 24.153629
237 64.519341 57.851330 2.333755 2.421053 20.528347
238 64.850250 57.868729 2.092609 2.364148 24.870594
239 64.589409 57.806255 1.941531 2.258188 38.588978
240 64.472206 58.161957 1.874556 2.263183 35.786964
241 64.432716 58.261501 2.258574 2.377267 29.623112
242 64.871902 58.133556 2.228558 2.119166 12.190861
243 64.829651 58.197285 2.687913 2.300471 18.767660
244 64.689484 58.419132 2.443642 2.459000 14.948880
245 64.720505 58.291588 2.480152 2.427552 16.315588
246 64.825867 58.270424 2.310252 2.244440 22.098476
247 64.750191 58.221077 2.326544 2.363053 19.257706
248 64.862228 58.244587 2.625302 2.240633 13.337120
249 64.796715 58.323853 2.557604 2.282441 27.918129
250 64.819054 58.434387 2.280712 2.497596 28.224888
251 64.862007 58.309811 2.623077 2.197060 27.007753
252 65.108414 58.189487 2.539357 2.258831 13.797256
253 64.930740 58.618214 2.401905 2.321440 31.720144
254 65.168190 58.373341 2.532363 2.305026 28.361195
255 64.989464 58.372753 2.226220 2.423915 27.500772
256 64.968239 58.839424 2.924070 2.312988 4.282917
257 64.980484 58.637306 2.772665 2.347081 9.888083
258 65.030136 58.605968 2.526638 2.415798 17.435894
259 65.084892 58.339512 2.894631 2.336473 8.742047
260 64.934608 58.535378 2.569871 2.321134 2.674013
261 65.169144 58.534298 2.451292 2.390536 12.692561
262 65.062927 58.652561 2.713537 2.213178 0.709257
263 65.060883 58.649673 2.634662 2.207617 1.432081
264 65.205803 58.533424 2.662422 2.396719 9.086755
265 65.010406 58.713665 2.323903 2.225444 8.236849
266 65.094879 58.688190 2.617420 2.251894 20.316662
267 65.282013 58.784000 2.538676 2.356205 17.356474
268 65.249947 58.733902 2.589130 2.328931 21.751692
269 65.024574 59.057686 2.309835 2.258879 11.413772
270 65.311890 58.781891 2.623855 2.194379 17.958336
271 65.169693 58.998234 2.647831 2.172100 10.289083
272 65.358788 58.669937 2.492299 2.307969 9.599875
273 65.656143 58.680401 2.881302 2.332497 6.641253
274 65.353783 58.612122 2.391883 2.382285 15.964988
275 65.450066 58.721218 2.091065 2.385143 25.446102
276 65.099525 58.980583 2.414231 2.233229 9.881462
277 64.947662 59.197231 2.563513 2.095034 20.568506
278 64.921509 59.058640 2.182207 2.217896 24.022493
279 64.872536 59.130779 1.935500 2.084572 46.831532
280 65.131386 58.643902 1.991317 2.233655 34.203587
281 64.837555 58.733284 1.628889 2.167472 51.698856
282 65.390221 58.628090 1.484596 2.389722 78.287338
283 65.363350 58.672703 1.752175 2.297275 63.318310
284 65.090485 58.940830 1.891224 2.087035 51.201241
285 65.151176 58.853199 1.733217 2.276618 69.148140
286 65.313820 59.098335 1.456333 2.358090 76.372780
287 65.160713 59.088329 1.666510 2.317202 76.367249
288 65.033829 59.208473 1.803590 2.416411 88.769173
289 65.339081 58.666229 1.663106 2.328073 73.435867
290 64.992615 58.985661 2.136865 2.109752 44.457119
291 64.952782 59.195312 1.476171 2.336697 98.507538
292 65.045494 59.291527 1.470071 2.586279 71.992821
293 64.841812 59.013409 1.684239 2.109827 63.670471
294 65.055313 58.977291 1.194665 2.302834 55.854580
295 65.063072 58.894726 1.128749 2.631561 57.044758
296 65.455643 58.634975 1.481840 2.559317 74.986603
297 65.089722 58.812679 1.481855 2.316007 64.504570
298 65.848000 58.493980 1.174942 2.524835 53.059204
299 65.756714 58.841171 1.194267 2.495218 61.230911
301 64.457047 59.869305 1.012762 2.652963 54.911488
