%% Trajectory 115
124 148.589401 116.517769 0.741414 2.006705 95.260010
125 149.245697 116.689140 0.807018 2.294198 113.234962
126 148.815369 116.287544 0.785750 2.009776 98.676262
127 148.742966 116.848816 0.949201 2.113652 154.691025
129 149.686691 116.746300 1.140142 2.890734 63.422546
131 148.756287 116.319504 1.208630 2.514643 111.440186
132 148.685806 116.497894 1.282232 2.401714 130.409439
133 148.664383 116.351662 1.477131 2.684135 86.221771
134 148.407349 116.108925 1.211121 2.418000 140.334915
135 148.903900 116.417564 1.680845 2.293844 88.404793
136 149.103394 116.637108 1.069372 2.104205 118.288399
137 148.459381 116.597404 1.313226 2.596308 110.927856
138 147.905945 116.540924 1.213922 2.610929 121.695557
139 148.422211 116.219513 1.409111 2.580263 111.270409
140 148.793304 116.154846 1.098002 2.117424 95.343559
141 149.008133 116.604736 1.667585 2.416805 56.203617
142 148.645218 116.006348 1.140556 2.148496 118.312599
143 148.300400 116.134148 1.482478 2.514114 81.990898
144 148.129913 115.786301 1.902589 2.746646 33.856335
145 148.358932 116.034935 1.402398 2.294605 94.808884
146 148.725800 116.888885 1.737311 2.283630 42.559315
147 148.248657 116.111221 1.849481 2.514372 25.780504
148 148.575378 116.512207 1.664581 2.615833 41.864407
149 148.624878 116.422508 1.730552 2.629245 46.629631
150 148.747284 116.367287 1.770796 2.429480 39.132370
151 148.537140 115.916527 1.933382 2.504337 40.619007
152 148.373291 116.218956 2.346876 2.552422 19.641565
153 148.585251 116.325104 1.893646 2.822764 26.953896
154 148.207748 116.128761 2.075556 2.640018 31.690401
155 148.607712 116.209846 1.857095 2.606684 46.921005
156 148.311020 116.287003 2.215773 2.691470 18.763727
157 148.553574 116.544731 2.442333 2.529067 4.360264
158 148.828262 116.289543 2.044037 2.410816 37.936100
159 148.681290 116.589600 2.372247 2.602951 9.410686
160 148.583298 116.185196 2.222532 2.770609 19.917135
161 148.571304 116.170609 2.206996 2.597537 20.700928
162 148.490112 116.265739 2.769776 2.566373 8.726100
163 148.496002 116.368759 2.804734 2.641352 1.994254
164 148.651855 116.521164 3.140275 2.554307 14.559624
165 148.479065 116.166519 3.182072 2.597523 14.995787
166 148.550720 116.254578 2.848546 2.475472 1.063397
167 148.479736 116.264465 2.394058 2.386178 21.032471
168 148.592239 116.250984 3.009897 2.394100 11.860797
169 148.255341 115.956177 3.578058 2.287433 5.403847
170 148.619293 116.194885 3.017694 2.305942 4.540331
171 148.710403 116.304207 2.680418 2.526907 0.606311
172 148.626556 116.239388 2.861815 2.407738 5.467141
173 148.630081 116.293541 2.604403 2.497950 2.423223
174 148.501755 115.965981 2.856868 2.550423 0.096287
175 148.660461 116.087967 3.185574 2.233770 7.862985
176 148.594742 116.297951 3.620530 2.301838 14.534649
177 148.665741 116.328804 3.351475 2.252620 10.684023
178 148.699005 116.226036 3.096386 2.154113 2.695672
179 148.764938 116.285019 2.258850 2.268586 10.403522
180 148.574631 116.025864 2.983847 2.387280 14.284476
181 148.501236 116.618553 3.115840 2.754519 3.797979
182 148.628952 116.195839 3.473412 2.303852 3.392342
183 148.653748 116.282326 3.503176 2.471217 5.739846
184 148.630356 116.181068 3.629489 2.312976 12.383161
185 148.679855 116.129333 3.454351 2.333219 3.794186
186 148.851700 116.164177 3.604263 2.275674 15.381384
187 148.718079 116.312469 4.235564 2.420436 1.041468
188 148.837158 116.156059 4.281218 2.311677 14.496994
189 148.754715 116.385979 4.030746 2.447411 10.712838
190 148.885086 116.452522 3.631287 2.472601 0.892966
191 148.794937 116.209274 4.109622 2.361961 14.916874
192 148.679413 116.234894 4.333064 2.252250 7.144691
193 148.750702 116.226456 4.316518 2.298629 9.835596
194 148.661789 116.370338 4.526268 2.496912 4.030277
195 148.971375 116.322823 4.511077 2.323906 10.555651
196 148.890289 116.134171 4.328868 2.339732 14.988318
197 148.767715 116.327286 5.017281 2.443453 0.294991
198 148.697678 116.167160 4.883010 2.429255 7.657681
199 148.748795 116.278557 4.538072 2.339834 12.499306
200 148.882324 116.230682 3.931392 2.347454 0.075430
201 148.799301 116.252151 4.528666 2.224953 9.418595
202 148.768402 116.382591 5.331975 2.452913 0.000450
203 148.920074 116.211685 4.848394 2.223119 5.652074
204 148.806931 116.152725 5.054261 2.172273 0.530278
205 148.697678 116.183754 5.237502 2.390519 4.838824
206 148.726501 116.299316 4.803246 2.232679 1.390072
207 148.745743 116.237320 4.521192 2.294930 12.618920
208 148.688293 116.215157 4.706089 2.207087 9.565764
210 148.753571 116.290253 4.887716 2.356203 9.669825
211 148.809204 116.321358 4.545284 2.325371 10.604692
212 148.770905 116.312798 4.195987 2.256602 1.925683
213 148.603867 116.502457 4.382516 2.500769 4.047509
214 148.757645 116.269943 4.240004 2.124577 0.373446
215 148.747772 116.062210 4.583710 2.253261 0.001034
216 148.816345 116.418800 5.431396 2.275940 0.000000
218 148.763733 116.197205 4.815989 2.135561 0.000000
219 148.715897 116.361748 4.639168 2.267775 0.000000
220 148.745987 116.325310 4.662522 2.356801 0.000000
221 148.821365 116.206276 4.573828 2.103928 0.000000
223 148.790527 116.202087 5.387700 2.224252 0.000000
224 148.737808 116.352966 4.704422 2.254000 0.000000
225 148.796432 116.281258 4.679432 2.186560 0.000000
226 148.675140 116.324760 5.069397 2.335825 0.000000
228 148.686874 116.241791 5.778475 2.343257 0.000000
229 148.736267 116.288704 5.536407 2.171466 0.000000
230 148.652832 116.339569 5.796052 2.375254 0.000000
231 148.599197 116.200851 5.024200 2.274049 0.000000
232 148.656631 116.376923 5.066081 2.375898 0.000000
233 148.547089 116.274132 5.628643 2.327723 0.000000
234 148.600861 116.359344 5.677400 2.356583 0.000000
235 148.608551 116.317375 5.834811 2.297426 0.000000
236 148.671616 116.395859 5.772903 2.351256 0.000000
237 148.720871 116.566704 5.541504 2.340248 0.000000
238 148.812576 116.519310 4.895447 2.241170 0.039544
239 148.849655 116.527222 4.517070 2.247881 0.002613
240 148.882401 116.505806 5.502172 2.321645 0.000000
241 148.889847 116.616623 5.123509 2.115155 0.000003
242 148.732712 116.572388 5.252452 2.201845 0.000001
243 148.746338 116.721199 5.852802 2.198998 0.000000
244 148.821426 116.741600 6.217195 2.148573 0.000000
245 148.887589 116.731079 6.063518 2.166978 0.000000
246 148.769730 116.640305 6.413161 2.190454 0.000000
247 148.797424 116.680023 5.713291 2.136636 0.000000
248 148.839035 116.805016 5.230987 2.082864 0.000000
250 149.068329 116.887718 6.311135 2.064158 0.000000
251 148.997330 116.792084 6.288419 2.138574 0.000000
253 148.919357 116.863464 5.849966 2.035834 0.000000
254 148.929977 116.827431 5.615757 2.096374 0.000000
255 148.933350 116.843590 5.043105 2.103005 0.000000
256 149.156982 116.759949 5.244165 2.248020 0.000000
257 149.053345 116.922775 5.181462 2.008305 0.000000
258 149.012604 116.911964 5.581535 2.112701 0.000000
259 149.106644 116.946075 5.966369 2.039881 0.000000
261 149.069183 116.926468 6.233057 2.186739 0.000000
262 149.038666 116.990845 5.924102 2.087475 0.000000
263 149.165344 116.923973 5.768935 2.116057 0.000000
264 149.202637 117.007462 5.421068 2.136639 0.000000
265 149.198608 116.886986 4.831409 2.079759 0.000000
266 149.262939 117.257690 4.517819 2.098998 0.000281
268 149.439346 117.115082 5.927123 2.184763 0.000000
269 149.488312 116.939560 5.643737 2.187224 0.000000
270 149.709656 116.779266 5.293555 2.215493 0.000000
272 149.800644 117.029381 5.345929 2.082061 0.000000
273 149.789124 117.215157 4.628432 2.251991 0.000000
274 149.421539 117.456726 4.927414 2.358246 0.000000
275 149.584671 117.369484 4.417495 2.386401 0.000000
277 149.800613 117.638031 4.542212 2.126195 0.000000
278 149.885132 117.774200 3.855410 2.078896 0.000523
279 149.963074 117.516670 3.906729 2.303664 0.002223
280 150.014832 117.362473 3.850413 2.311004 0.005098
281 149.880569 117.191124 3.972679 2.337233 0.000044
282 149.829559 117.770943 4.191529 2.290447 0.000338
283 149.817337 117.895248 3.760360 1.962120 0.000283
284 149.865112 117.788551 3.274994 2.307319 0.038374
285 149.576752 117.652077 3.307301 2.402719 0.137754
286 149.776932 117.646637 3.313267 2.352188 0.026416
287 150.170837 117.716087 3.272705 2.073594 0.006473
288 149.482025 117.689278 3.135307 2.454640 0.631962
289 149.508972 117.671509 3.165413 2.526248 0.632246
291 149.620300 118.140968 2.562174 2.496077 8.995333
292 149.472046 118.132469 3.026445 2.618121 0.705702
293 149.249832 117.776901 2.619613 2.688241 4.589750
295 148.981628 118.788490 2.254269 2.081598 10.567202
297 148.993011 118.486305 2.063913 2.616973 42.055290
298 149.643753 118.584091 2.018357 2.244397 40.300049
299 149.963898 117.963882 2.125899 2.574843 11.063494
301 149.969543 119.079109 1.334585 2.031791 76.969131
303 149.841995 118.505684 1.260246 2.284327 123.153412
304 149.848633 118.035492 1.151638 1.913218 83.629242
305 149.667007 118.194595 1.043654 2.708601 123.696312
306 150.317291 118.268059 1.709007 2.817731 44.046139
307 150.229584 118.804359 1.388876 2.441272 92.808975
309 150.872574 119.059395 1.087880 1.832880 33.774361
310 150.356598 118.435234 1.206226 2.331269 120.142601
311 151.181854 118.525764 1.201467 2.332832 108.246246
314 149.963425 119.266098 0.911794 1.974794 71.517838
